80 18 250
6831
2643
3000
6763
6054
1909
2103
7295
7136
8199
4737
9200
7879
7921
6686
8520
7195
9835
5837
1970
2370
3135
1838
6452
7265
5857
4365
8949
6109
4548
4048
6324
1887
4821
4680
4907
2373
1890
9970
8898
5261
6260
6005
6615
8960
7117
1715
5166
3495
8359
4620
1918
8688
8117
9960
2000
4894
5046
3141
3946
4707
8836
7355
7981
3505
2348
3279
6198
9743
8616
8159
4673
6726
8843
3437
9065
4851
2388
9543
5334
9296
4238
8445
3841
3661
9516
9792
1491
7113
2305
5541
8653
4818
7568
8504
7369
7302
7473
6379
8657
6560
9159
3541
2381
5482
4183
5156
9057
2995
2306
5963
3565
9225
7429
3644
5545
6749
9792
9530
4989
4360
6257
9014
5902
9410
7966
6739
8728
5924
3642
2395
2048
9048
1682
1981
7536
2196
4960
2034
5710
2376
5644
6111
6934
6820
9083
7809
7228
5505
5204
2164
9574
6068
6348
3515
6313
3268
1448
6283
8302
8353
2157
6704
8558
6081
3360
3470
4358
7946
6423
5611
3937
1469
9969
8102
1787
3275
7650
4923
6278
7938
3347
5298
5028
4237
6435
3364
4970
2625
6068
2081
2010
7511
4029
5215
3425
2387
9801
6002
1754
4449
2636
2071
8058
3906
6473
9385
2181
4061
8514
5020
3154
8471
7310
6370
4299
2641
3918
6059
8332
5968
6630
3707
7479
7233
6629
7376
4951
2204
3036
9950
8955
6924
3949
4939
5960
1802
7251
2859
6082
4325
9782
5510
2022
7512
2682
3358
3340
1625
7157
