78 26 1000
1581
327
1700
1046
663
1191
909
885
542
982
285
1843
1060
984
141
1500
47
1307
1158
677
1255
1217
905
1044
844
874
1118
1655
1164
544
1688
1012
1625
2003
1864
1422
278
1378
1997
1512
335
1442
733
371
650
1693
1386
1867
267
695
1972
1496
1090
702
291
242
232
1896
464
1933
1326
670
414
543
895
623
510
30
888
274
16
1598
1716
167
328
1214
2003
1593
1319
665
635
1229
1938
196
1093
899
511
1745
940
655
919
1400
479
2006
534
1395
1667
467
927
1956
469
1765
1803
654
1608
1863
1625
1697
140
1912
1094
234
1218
987
913
1390
525
146
1050
10
286
111
2024
957
1784
1711
814
1899
1112
867
316
1406
1137
1317
1811
670
353
1561
1298
728
711
391
1963
1276
102
776
785
1516
1361
1372
537
1412
1503
1643
527
432
1277
1032
1213
1976
1227
1110
761
673
1166
18
2007
1
1966
1764
1838
1467
1301
120
1909
1287
120
528
1014
1605
1950
1790
609
724
883
1073
1193
910
465
967
1338
492
884
944
1504
473
1436
1382
826
1138
502
1745
2011
376
311
1594
1514
990
1246
1619
775
1520
183
1778
1660
846
2029
828
1901
1575
216
1270
837
1866
339
1114
363
1508
506
1190
1811
91
1154
1202
1122
1148
1189
20
733
1966
1673
1076
1591
966
1584
645
719
1549
301
1818
1895
361
1609
1775
611
442
1062
955
1908
760
1080
533
1215
852
1970
1787
93
1685
406
497
1200
1385
1926
1985
344
1986
1006
39
1769
1782
1498
1623
1904
714
506
163
524
1047
592
1489
254
1623
1260
1775
1315
1450
92
1757
2013
1727
370
1496
1686
1716
810
1148
947
1986
1484
1873
962
1852
1802
446
513
1758
707
884
586
1572
927
1855
346
1192
1645
513
85
27
1033
241
1038
1272
1580
34
413
1986
615
1421
269
1757
1470
706
1217
971
1365
1294
219
1886
1830
1141
215
848
1341
1973
2002
1380
39
98
1905
1035
459
1334
1776
511
313
227
1741
240
1200
899
669
1063
14
1163
1152
1545
31
463
817
872
12
304
1728
1110
1246
1709
832
842
1200
1595
804
362
1160
914
619
1811
619
984
974
1774
528
142
171
1454
1536
1574
562
1752
1454
2010
985
140
644
1481
94
1460
874
920
1150
200
1084
723
1720
1711
546
1335
1433
1354
33
1639
864
522
410
297
178
70
999
1425
577
1570
827
565
647
1865
533
645
790
237
1367
1617
217
1424
1748
1051
1402
803
204
450
528
338
1586
292
331
358
190
1376
583
1824
1121
179
1650
1728
730
1637
1293
1988
1262
108
609
1773
444
1637
450
1267
997
1397
1039
1472
1666
1494
14
73
1445
263
771
49
1753
1669
1853
915
108
1538
960
496
1121
1013
5
1323
1367
237
1215
3
690
841
106
1645
1999
683
1057
297
41
916
1681
103
1945
349
1663
1454
1400
1293
2006
1246
1710
1898
475
969
1181
1762
1335
1100
862
734
249
1352
1561
1798
1544
1360
207
216
773
659
933
204
105
2002
388
1883
1677
565
1679
1249
1981
619
1038
74
61
1087
1881
1877
744
1746
1010
576
1780
943
836
954
877
1568
941
1763
69
412
315
1486
1951
989
125
984
351
352
827
159
517
425
809
541
2003
70
1777
1038
1008
1326
525
1058
2008
1154
1695
1103
1193
1791
328
166
563
637
1760
68
370
375
951
1341
25
1392
1855
1083
982
1794
1886
1031
248
1345
318
1316
374
1658
1940
1564
151
1830
1509
24
1540
213
1993
783
452
1508
1043
1730
497
791
1469
1667
1453
651
1959
78
1470
1815
1092
1415
1284
1406
1016
568
978
1946
283
1048
1369
606
38
1828
600
1145
1566
948
1299
279
1396
294
1523
836
182
692
1709
436
566
736
1479
1187
1554
746
149
1677
1388
547
1157
1285
17
683
653
90
806
1696
856
1446
1240
572
938
875
1405
1632
1746
2024
290
250
1222
286
941
573
375
1589
1997
784
1403
1410
602
14
181
66
1472
2005
508
1818
1374
1492
1979
1675
528
999
452
184
1195
2010
1962
118
1692
1217
520
154
1747
2003
948
1439
645
568
865
423
2025
652
968
599
1380
1344
400
1511
1005
1050
491
53
1118
1496
900
424
704
355
816
1230
873
1683
1644
1536
415
1564
1243
328
1302
1965
258
593
1138
352
397
1708
1762
747
1835
1732
86
938
1822
382
463
8
1125
993
242
1514
1386
1520
1761
746
1287
986
144
1642
663
1828
1345
907
868
171
813
737
1905
1510
490
1950
1852
1243
674
1689
868
1529
894
914
525
1147
1389
1587
1606
1376
1937
1551
133
625
986
226
1454
1615
93
593
434
173
105
558
283
1903
1388
808
1468
926
837
197
473
330
343
205
1034
45
631
1160
1327
925
1485
807
1187
992
1763
1253
1001
380
81
298
120
54
1601
1532
408
501
1873
575
908
1991
1457
1949
839
1903
696
560
449
624
1804
1646
796
1541
1528
553
1191
1698
845
1357
1426
114
1477
1602
1663
447
1679
712
1947
206
41
405
1686
847
775
34
383
1455
659
441
1261
1535
1677
218
818
1540
1248
1361
1855
279
1220
1875
622
221
591
783
963
77
1477
1232
626
347
1722
47
906
949
1233
1710
962
12
1750
112
564
1732
431
34
1980
1807
1774
422
971
319
1513
1605
940
90
129
1733
1740
1612
496
463
1755
440
1836
29
491
1844
886
1047
759
1067
1980
817
923
121
