75 66 1000
1386
132
330
3960
2574
2970
2046
4422
1518
1914
4752
792
2376
4092
4224
2376
2376
1122
1782
4026
4092
2442
462
2772
198
4422
990
264
3300
3234
4026
594
1518
2376
3762
3498
3168
4488
330
3894
792
1980
4818
3300
3168
2772
2772
3762
4884
3036
2574
3036
3960
2574
2178
4752
4752
3498
2310
4158
4158
2244
3366
2046
4620
4554
1122
2376
1716
2706
990
4488
1122
4818
3828
1254
4884
2574
1848
1122
3168
4488
4488
3498
2574
1386
3366
4554
1716
1650
1188
4488
3564
2310
660
792
528
2178
3630
3894
1584
1848
2970
4488
3762
3102
2970
330
4488
2838
1518
1650
132
4224
2508
4884
1716
726
2112
1914
4158
2772
4158
4686
2838
2772
2112
4554
4620
1782
3300
462
1056
990
3300
2112
4290
1584
462
2838
3102
3498
4818
4422
198
4686
198
1452
2178
3696
3498
4686
4422
1518
3828
1056
4026
1848
1188
3234
1122
1254
1584
660
594
396
1320
3168
2640
528
594
1320
4356
4092
2640
1188
1254
1254
1782
66
2442
1452
726
3960
2838
2970
1254
3432
4554
3234
660
726
1782
3102
4158
2310
0
2838
0
2640
2772
3102
4818
3828
3828
1056
2706
1980
0
2244
2376
1188
1782
3630
1980
3036
2178
1848
2904
3036
660
2706
4026
2970
132
396
2904
1518
1782
2772
66
924
3828
3300
4026
4620
3300
4752
4422
2706
2442
1056
2706
1848
3498
1188
396
3432
1584
1980
3696
1254
4224
4224
4092
4752
2442
3696
2970
4488
4356
726
3960
4686
2970
1716
2838
3168
3300
2838
1848
990
4026
0
4620
3036
1122
2772
264
3234
4092
1518
1716
2244
3960
4488
1782
4422
1320
594
3564
330
2970
4290
0
4488
726
1914
924
3564
462
2574
0
4356
1782
2112
3564
1716
4158
3234
1914
4488
990
4290
4290
4290
3168
3234
264
4752
4422
396
2442
858
3036
1980
3498
4422
858
4488
1518
3432
4026
4554
4422
66
4356
3498
2838
3960
858
4818
66
3828
330
3234
4620
1188
792
66
1914
4290
4752
1056
3300
2112
3498
3498
594
990
2112
3168
4092
3564
2574
0
792
4290
462
4422
1782
462
1782
4488
990
396
2112
2376
264
198
4026
1980
2442
1848
2970
3234
1782
1584
2508
4026
1254
792
1320
792
3102
2442
462
1716
1980
3366
726
4818
2046
1980
0
594
1980
330
528
2376
1254
3960
1848
330
2310
1782
3564
4884
594
198
4686
4092
1650
4686
2178
3960
2904
4158
1386
4422
1584
2904
4092
2178
4818
2574
3630
2904
4158
1188
264
3102
4884
2640
3498
1254
3696
4488
2442
1320
2970
3894
264
1122
2310
3894
3828
264
1650
1254
4686
0
198
1320
4752
3630
2046
1980
1386
3234
792
792
528
792
1716
1188
4422
3036
1188
2508
4752
3828
726
990
2376
660
792
4752
4686
1122
3960
3432
1782
4224
3366
2904
4422
2244
4686
2244
3102
2178
4158
4092
3894
0
2178
528
3894
528
2442
3960
3630
2904
4026
1584
1518
2970
4290
4092
726
2112
858
2970
3696
1122
264
3828
1320
1254
2838
3630
1254
726
198
4554
1914
1914
132
4092
3036
4026
2640
2178
1980
4554
2838
1320
2376
726
2904
3168
2310
726
2772
3432
726
0
4884
3036
3696
2112
4224
4818
1914
528
528
4752
3498
4884
3498
1056
0
1320
2178
4752
198
2640
3960
3168
4158
792
3894
1518
3102
3366
3498
1320
2112
198
2706
330
1782
594
4686
66
4158
3102
4818
1188
4158
4356
1584
4158
858
132
132
1848
0
2112
2706
3036
3696
4686
4620
3960
3432
3564
3234
3036
264
2244
1848
4884
726
2178
4422
3234
2244
2310
4686
3762
462
1716
3234
660
3036
2178
1782
198
264
2178
1650
2376
1782
4092
3168
3894
3828
594
3696
1320
4884
4752
660
3366
1980
1122
3630
3762
2244
4026
858
4356
2310
4422
3564
858
2508
2244
726
2178
198
66
1914
2046
3432
1782
2904
1386
462
0
4026
1320
1320
1650
4158
660
3036
132
2706
4488
660
4488
4422
198
2970
2178
1452
3960
66
3102
1320
4356
396
3894
1584
330
3960
3498
2178
3300
4026
462
1848
3036
1980
2772
1452
1980
132
4422
132
4290
1650
1386
3168
3894
858
2442
66
66
2310
4752
1716
4422
3498
2310
4158
4422
1716
2706
2640
4818
4554
198
924
2178
528
3828
4884
4620
1188
2244
858
2178
2574
2772
594
528
1782
3696
2904
4224
330
4356
66
4620
1650
4620
2442
3300
3168
2904
2574
264
1914
924
2442
3366
4158
792
3828
3696
990
1056
3696
2772
660
3366
1716
4422
1716
3564
2640
1320
3498
2574
4818
3696
858
2838
2112
1452
3366
1056
990
1254
1584
1782
1584
4224
2640
4884
1452
2376
4818
1188
3828
1584
2178
2046
594
2508
1452
264
4026
2508
4752
1980
924
594
4026
1584
3102
1914
0
4290
3300
396
2838
1716
1320
4092
4620
3498
726
4026
2442
4686
462
2244
3828
4488
3828
3828
2706
2376
1386
396
4026
2640
264
132
2508
792
4158
4290
1584
462
924
858
3432
198
4356
1254
1188
1914
3696
858
1980
4488
4752
2310
1650
3432
462
2838
3036
990
462
2970
1848
4290
3630
4026
1254
4752
2574
1386
2772
3960
462
2772
3300
1056
4158
2970
3102
1782
528
1914
924
528
4818
4422
858
4884
4488
4818
2838
132
1386
4686
3300
2640
3696
1782
4158
990
3366
2442
2574
4686
2112
3036
330
3960
3696
1650
1188
4158
2904
990
3894
3894
3960
1386
2706
4818
2640
2442
1584
4554
2640
132
594
660
4158
3168
4620
3498
4290
2178
4290
2640
1716
4224
3696
4620
4818
4620
0
858
1584
792
2706
1914
1254
2574
4554
462
198
1254
2178
528
330
4224
330
3102
3762
1122
3300
2508
1122
858
3102
3696
3102
1452
