85 62 1000
2600
2046
3796
4196
1383
4161
3061
945
664
4800
629
4240
4093
4121
5106
4141
966
2044
1245
1616
4652
3680
2961
5031
798
3325
3175
1201
1451
2577
3820
1318
4848
3037
4895
48
2391
5020
2647
3383
1462
2
3439
2044
3001
863
2545
510
3936
1432
1359
1242
5167
407
4738
33
3116
1556
1464
3342
2875
4424
2730
3317
5192
155
4770
2371
1943
4321
3785
528
3101
4560
3523
1104
2686
4412
1728
3010
1955
1350
2665
487
2828
442
2318
3041
2200
2335
4137
1101
4627
5133
2524
3459
73
5001
978
1600
180
486
2762
5116
415
4822
93
364
455
4056
3980
5063
1291
3825
1655
170
2904
891
2417
1902
4985
1840
3738
3555
1492
1162
1178
247
2708
4088
708
5211
3369
2862
820
2804
4264
1388
1952
3808
2262
3922
2437
5009
2190
1023
1762
1033
4516
4821
2513
1824
4138
1090
970
2210
2621
4183
1801
3415
4948
1205
2548
2951
4008
5061
2821
3390
3255
4963
3591
2916
3118
978
2173
4517
3808
2769
2737
896
2280
3644
7
5271
3631
4667
5142
5010
443
4916
2688
3925
246
4728
5077
3169
1232
2737
3095
1888
4759
5035
5176
5189
1774
3371
1806
898
2058
2313
5104
5233
3468
2576
3010
4395
3419
1805
3914
1747
2503
708
2004
210
2262
2660
888
533
350
1999
1183
3821
2164
4072
3324
2006
4794
3029
2489
725
2494
4476
2362
2851
1946
4038
3881
2458
783
4990
5089
2125
2371
3011
565
2865
5052
2223
3275
852
580
1803
553
2132
1073
4077
1489
2959
3792
4813
3866
3918
553
5163
334
3961
1237
2910
649
2213
2610
2072
3132
1593
4368
1149
1629
3052
4642
86
1774
3839
967
2063
2807
2176
708
3783
2670
3401
3275
3229
3010
4138
259
951
4320
3679
2849
1024
2394
461
1518
4444
1032
5010
3270
1464
287
2103
1843
3225
2085
4307
1485
871
3603
5060
4262
4224
279
1472
4898
34
141
2335
3858
3856
539
5175
4875
2828
3456
1670
4534
2498
4650
3498
2329
2305
4720
1485
1961
4800
1828
3536
1281
3450
846
5040
4090
2248
3943
4659
4258
2561
503
2989
1754
229
3868
3072
5205
3665
1458
677
4341
1704
3420
985
5061
2137
3778
765
1580
984
5144
3703
4325
3208
1781
302
4554
5006
1191
2777
3336
3880
2185
5055
1545
5062
1551
2385
4366
2283
4497
2961
2637
759
909
2183
1705
2625
4893
4729
4800
1621
4234
1329
3783
1392
3951
2217
4146
3108
2321
4674
2220
3717
524
586
1721
4491
2083
1963
549
2851
3631
223
1516
3146
3699
5188
3105
3641
295
3090
5076
1475
4645
4214
1879
342
3733
4014
2924
3381
2671
2183
2184
173
996
1177
2869
370
2081
5060
4758
1269
1899
3784
4469
1667
3117
301
2644
1335
2656
2470
4761
4441
3366
3511
1953
5134
1276
921
324
3358
4854
2802
3634
2571
1794
3359
2052
2815
4791
4979
2760
1035
3162
3044
3568
4699
1132
3043
2319
4280
716
3731
341
328
4698
2595
968
4795
3662
251
3984
1091
2590
1964
4980
4153
5074
858
3488
4886
3880
3720
5239
1769
1539
2966
2090
4424
3179
3886
1900
2669
1021
2413
2474
2690
416
3647
3837
3700
2007
4709
2850
797
3321
2950
336
3457
3039
2556
2730
780
515
4298
4812
4541
363
915
4497
641
761
306
3510
3018
4858
1576
3247
3462
3362
1952
214
1497
4024
3311
2715
2543
3911
2549
4706
610
3159
4414
4023
5085
419
5136
3697
3551
3996
4483
3200
4482
4195
2491
2254
1295
4780
3064
2009
1325
3493
537
1126
1903
1516
5038
4564
5104
1244
3824
358
3639
1883
3382
2276
4936
200
1738
4218
3410
3780
3830
1311
3679
733
3316
2518
3384
1256
2193
2581
4764
2848
1855
3510
1558
4387
2891
2761
2997
5109
1670
770
4085
4353
2288
4564
2962
3596
1714
705
2372
4444
2423
1431
2049
620
1513
1609
3585
1728
3435
3829
5035
1013
85
2025
2700
1723
565
3842
4363
4361
2232
2164
4349
5068
4346
1909
2335
750
2382
4223
2185
1060
2057
3918
2856
3021
4185
1245
1846
2187
2012
4800
4210
319
5065
5020
3285
523
3431
3760
246
4450
2584
778
3095
3843
1735
2997
2360
3020
2120
2412
3877
145
522
1969
69
5077
1813
1453
2882
2937
1430
4494
359
4295
1497
1224
2664
4377
4859
1391
314
1476
845
2166
3144
4638
989
3753
965
1633
4167
3285
3191
3973
2875
1260
1418
2345
3958
138
3746
4318
4777
4427
5135
1019
4559
97
2259
2727
3083
2654
1691
4006
4554
1847
4429
4052
3933
4178
2585
4464
4440
1422
3338
3792
2912
1031
3027
2517
1582
3030
4014
424
2052
1335
5262
2518
67
4518
98
2669
5053
836
1476
66
2401
492
1643
3974
3147
5192
1381
4800
888
1972
4361
4498
4617
4262
4356
4658
3619
3694
5150
81
1923
2671
1093
5210
51
3661
2112
1443
2668
3531
178
2789
319
832
3517
4114
928
3360
3905
196
4141
1300
2182
644
500
867
3884
1932
3602
1601
551
4904
850
231
615
3722
2289
3338
272
4973
5169
852
3901
5191
3572
2767
160
3317
3216
4632
3425
4746
2889
3604
2927
3217
5199
3726
4906
386
263
4001
2033
2358
3342
2768
4922
3362
5000
3912
733
2669
3447
1944
4738
3240
3418
4041
3174
2962
2620
853
499
3542
1068
592
1093
5217
3473
1493
441
2859
2134
1520
3241
3297
5249
5093
2290
1253
1992
1586
116
4182
332
2448
3763
5211
1658
1697
1337
1348
3801
4482
3355
4886
3871
3075
4386
1414
2717
593
313
855
4072
2918
465
3474
2920
4154
1418
3415
4397
962
4002
2480
2406
4139
4462
1246
2906
4497
1891
4312
1845
3858
3227
744
2769
4522
5118
1931
4421
4126
502
759
3741
2076
5095
2746
4466
5239
183
173
5096
5087
1163
2484
3287
