26 54 250
723
696
38
833
1009
248
646
629
564
682
870
630
824
1335
1146
3
1247
497
910
755
301
186
58
139
1099
170
960
1194
690
1184
1157
8
408
870
1289
206
973
1179
305
317
1382
1154
1201
1311
187
971
1196
53
658
786
443
531
539
1004
343
502
527
1114
550
1045
1165
928
193
584
853
135
761
607
1096
781
984
1401
1325
711
1349
156
238
696
427
158
764
1382
81
1101
556
524
459
57
1246
1305
109
818
640
605
216
284
113
164
263
864
557
57
134
105
440
1050
1213
27
414
9
309
1319
551
830
324
412
1403
801
774
163
921
1112
900
1384
1288
877
1013
831
3
1068
1362
280
177
1267
139
1160
464
1141
1301
1354
213
209
43
57
517
1264
991
335
726
738
1259
511
1258
1232
1119
384
802
968
787
530
1212
786
794
630
839
993
61
64
1343
433
753
1331
175
1273
1238
235
967
1185
689
1145
1067
159
1148
21
552
1066
316
197
176
1291
687
646
1047
1176
1343
767
1127
1294
218
1329
1050
1001
590
1284
370
1120
219
915
1229
938
1404
1338
114
274
1004
783
636
975
1184
613
206
1295
1313
298
501
490
470
749
937
200
951
32
192
81
1294
1079
680
930
548
115
640
496
1142
783
1060
753
43
718
578
1123
