85 22 1000
3030
7826
6607
3869
2781
3417
9386
7785
5033
6399
4848
3030
6672
2196
3710
7355
9848
8854
6076
2930
4689
9137
7847
3382
9750
8897
7228
6237
9628
7142
6604
6150
5494
9493
4372
7305
2082
8362
5371
5299
5594
9449
6642
6418
2921
6636
6753
2095
8118
6187
9001
7010
2164
2752
5129
5044
5945
5027
8657
8526
6007
7141
8174
5719
7589
5639
2362
5561
7133
4521
5067
3191
9043
8586
5209
3139
3887
4165
9556
5415
5134
8739
3709
8887
2659
10000
5508
6395
3462
3834
6311
7503
6810
2388
7982
6233
5815
5406
9853
8649
8553
3491
4470
1969
8785
6565
2090
9139
9871
5193
3301
6554
7901
8935
6309
8209
6036
5580
1892
5799
7975
7971
6359
1939
5757
4609
7518
3850
3689
4004
3308
5784
3346
6158
5115
3274
8961
2230
8398
3320
3685
5925
8493
1993
8067
1900
3292
7938
7173
4182
4710
7586
7299
8999
5329
6379
2226
9351
2058
3546
6168
9592
5425
9708
9954
7820
7128
9927
6612
5583
8371
2880
6381
6969
4528
5619
2942
9423
7867
4283
2752
8049
6449
1979
9991
4275
7130
7216
4377
4116
6744
6631
3225
9609
3647
6668
4194
5597
5316
4160
9033
7961
5473
5497
3577
4510
9801
8346
3740
6083
5606
6082
7452
3091
6179
7612
8510
7114
9603
5667
5966
2305
6806
1975
5388
5931
6614
9320
7865
4582
3132
8608
7131
6483
8424
8279
5826
3612
7713
9081
2717
9334
7435
6089
7451
3194
3401
6093
2849
2236
6640
3543
3855
9562
4427
5853
6768
3903
2198
8324
5127
6091
6488
7128
3434
6996
6918
9893
6071
2156
7758
2021
8276
7534
3599
9557
5569
6397
4675
2814
8862
8726
3765
5301
4877
7378
8793
8975
2102
2880
6174
7062
3912
6970
5898
4656
2364
8218
7366
2042
6891
4228
6389
5960
3212
8714
8610
8842
7775
4896
8140
5209
9664
7529
8059
8492
8352
2100
4538
8193
5632
6275
6224
9787
2401
3308
8566
4104
9984
9704
4358
8222
5714
8257
7746
3839
8684
4444
5977
2942
6682
1936
8285
6895
8961
8990
5635
9136
9153
3172
7742
6185
5897
7457
9225
5799
9263
2795
4150
5452
6637
3624
5183
7246
3174
3262
7445
5074
5417
3381
2034
6332
9882
7048
3447
4989
4338
4142
9843
8379
8049
8142
7104
3866
8746
2875
4293
7003
3282
3932
4529
3026
6731
7489
6155
9481
8308
5300
3811
6565
2723
6488
4092
8580
9472
8152
8225
4061
4726
4447
3623
2733
2905
3804
8087
7225
4841
9018
3126
9355
3565
9016
5772
7710
3207
4718
9792
3311
9407
5580
7819
1953
8972
9338
8516
4561
7947
4070
6852
5145
6691
2075
3990
2068
3850
9025
9773
7797
4194
8236
3249
4258
5138
6644
5096
5239
5605
5437
5827
3099
9084
4476
2994
9074
2257
4717
4800
9362
5635
6338
7232
5195
2025
7734
6552
8016
3753
2238
3780
8402
3716
8997
8736
5625
3281
9072
6786
4385
9677
8431
6841
7288
2392
4962
8361
3530
2847
7913
5978
5288
3332
3042
6308
3655
5995
3478
3974
6925
7941
4741
4889
1912
2604
3283
7049
7431
2150
8381
9285
5461
6494
4506
3980
5152
7463
5259
6575
5923
5154
7959
5302
2371
2450
7375
5541
4687
6137
6687
3118
6338
7775
5540
7463
5584
3378
6036
6913
2627
5515
9034
4556
9417
4252
5554
4457
9319
6333
7151
4056
3898
9705
3170
4763
2349
3487
9861
5242
7228
9334
5406
3078
5655
7378
5348
5813
5584
7696
9992
9608
6971
6996
8754
8049
4777
3423
7150
4944
9971
5600
7311
1977
9127
7520
9879
1995
7831
2110
9290
4199
9416
3088
3009
4894
7267
7393
6286
2860
2381
6708
5371
7612
5696
5547
7213
8985
2927
3124
5982
3274
3431
9964
6578
3812
4498
2724
4569
9031
3984
7359
6446
4754
3544
2742
6863
4828
6930
7834
2980
7694
2418
8710
9422
6666
9944
6667
4589
6354
4225
9774
7187
5501
6305
6536
3450
3705
3673
2098
3923
7127
4302
7890
6113
4629
6761
2122
2065
8403
6587
8889
8432
3828
6836
4276
4330
2762
6440
8219
4182
2417
8925
5026
8284
3070
2751
9586
6500
4050
9827
6439
8592
4165
3479
8294
6043
8830
9552
4227
4289
4586
6590
5239
2654
8174
9783
8428
8023
7898
3317
8190
3728
5134
2652
4258
1954
8993
7541
9146
4274
2675
3257
9079
5851
3884
9966
5266
2247
5540
7116
6453
8360
8862
9319
8300
2078
4434
8797
6022
9855
9171
6543
2825
8672
7844
5594
5298
3788
9410
6914
1886
9636
8399
8771
6899
8583
2928
3361
4607
4262
9508
7204
7098
9696
3757
2871
9663
5421
7498
3327
2127
4687
4437
2502
9237
9778
2264
1950
8013
2650
4178
8460
6328
9762
4359
6657
3799
5152
7637
7954
6543
9828
7547
5986
5236
8803
3093
5116
3066
3338
4349
8147
9497
7602
5375
8952
8324
9842
8426
7688
5808
8779
7028
3409
8734
6092
2368
7233
2061
2956
5874
3972
6620
9482
3831
3297
8068
4877
7622
5366
7714
2143
4140
4904
2332
5661
9365
6972
2534
2098
7219
7618
6901
3872
5757
3709
8307
2911
7315
6389
2553
6852
7602
8301
6892
7318
8295
3605
9888
4342
8031
2639
5202
3277
2780
8941
2097
9386
4249
7266
7731
4384
9155
9219
7004
7560
3774
8224
3747
6821
4016
8606
5535
3945
6896
5668
2985
6160
2074
9766
2731
8884
6414
5725
7218
3271
6172
3621
6531
8450
3423
7523
4712
2803
4894
6135
5161
8434
7042
3890
2312
7181
4606
2435
9962
4498
4693
4042
7255
2470
8281
2325
5035
4411
5406
2156
9458
5989
3082
7159
9812
5622
5723
2338
6235
4538
2033
2166
8088
6204
8600
5499
3220
6569
2170
5079
8423
8089
8363
6244
4898
6339
6573
6892
3048
3515
6350
8773
2428
7083
7473
4019
7202
3888
2651
2485
5130
7153
6132
4625
4023
9435
9944
4639
2819
6165
7298
6307
9552
8245
8245
1887
2417
3604
9150
6883
9634
7915
4420
6769
6664
9391
8770
3460
2644
8434
8542
6930
4442
3673
7161
5748
