78 88 250
3212
5940
4796
4004
5940
4884
4708
572
2156
924
1892
4444
5236
660
4884
44
2684
3476
4180
1540
308
3916
1892
44
1364
1364
3916
5148
5940
6468
132
6644
3828
4708
5764
1892
4972
4268
4532
132
5764
4268
3828
2596
1628
4444
2332
4620
5236
2948
3300
1276
4532
6292
4532
5500
4356
1012
3828
1804
6732
220
1276
132
4708
748
1012
2684
4180
1364
3564
1276
2420
4708
1716
220
836
4972
2772
5852
4620
1276
572
5060
2332
44
836
2772
1100
1892
6644
2684
6204
1100
5412
4444
2244
3388
1012
924
2596
3740
4092
660
5940
4972
1452
3916
2772
5676
3740
3476
2156
396
2772
5588
3212
2156
3476
1804
836
3212
924
4796
3564
5324
5236
6644
5588
1804
4532
748
4356
2772
1364
4532
6820
5148
924
1892
4356
1804
5060
3916
4180
6556
3740
6116
6204
4972
5940
1188
4004
2244
3828
1540
4092
5500
396
3212
2508
5324
5500
660
5324
924
3300
5676
1892
4180
5500
308
2508
4884
4092
6468
6468
220
572
3300
5588
5412
5764
2332
1716
3652
1980
3652
1188
6116
5588
4180
3036
5148
5676
308
4708
4884
1892
2596
3388
3388
5500
3388
2068
6116
6732
1716
3388
220
4092
484
2068
3300
836
4532
748
4972
4356
4268
3828
6204
6644
5852
4708
3300
4972
3652
1012
220
1100
2068
4004
3476
4092
2772
1452
2684
396
2596
1452
4004
6820
2596
2420
3036
3740
5148
6292
6204
