87 38 250
778
1368
1084
3274
1809
1710
1292
1667
797
946
1317
1806
2842
397
39
1550
1547
382
402
1218
2819
2891
2548
2843
1481
2905
3020
980
1840
2659
2352
2523
3092
789
2032
1082
2313
1362
2330
1990
1959
1553
631
1460
405
2979
1301
767
2818
179
1676
128
474
1898
2023
573
1188
2395
732
2793
151
1927
599
994
2747
1634
1212
2536
2785
2258
1466
2229
1239
2442
1757
223
273
1799
1945
496
458
1060
620
2260
259
2137
2427
796
154
2043
1614
815
3062
1068
886
658
1160
1058
3080
1955
1562
1295
1234
793
3122
1068
395
2644
1557
2742
2501
1057
2633
3159
2941
248
1398
2311
2449
1700
2462
1037
222
1948
2873
1744
1385
3244
2897
1491
2491
3081
2895
1198
1882
1103
3301
2683
902
1494
1701
1215
55
1998
479
274
636
338
632
1997
212
2280
1216
2152
808
2309
2050
3281
2768
644
972
1134
2261
1061
3194
2410
2647
2598
1492
2588
3070
147
2940
791
995
925
3103
21
147
1363
1918
423
1646
2645
2268
1869
2624
1174
2689
1834
539
499
1018
5
1272
352
3176
109
2713
704
821
1745
1692
1935
1728
2834
1373
1057
2087
3251
2735
2967
3138
2021
2149
1523
1542
2257
2868
2884
123
3015
2602
1838
2150
1569
429
1635
888
2780
867
725
2046
3046
1418
735
1746
1015
601
1834
3179
2343
2794
970
777
544
2102
1956
983
915
