34 48 1000
137
1129
624
77
1615
1060
147
336
1060
1157
875
1207
1456
1037
664
1137
1344
1074
173
628
483
151
165
605
795
1608
425
734
1506
682
1555
613
1152
984
227
1104
302
267
381
681
1474
960
1590
679
1306
1503
913
1154
346
1584
1010
825
748
1044
1007
1222
1577
1223
549
1013
881
171
998
1151
1064
371
656
477
1194
1405
1608
775
1420
1286
1303
1590
1513
781
1614
197
818
1173
686
111
786
92
747
1593
1627
758
80
1614
1461
655
194
346
1605
90
755
398
569
35
264
1594
149
1018
753
20
1304
782
274
1508
161
1317
806
147
254
1293
986
224
1139
488
1117
1194
495
1228
665
30
832
802
967
151
1598
1501
1235
78
642
411
1313
251
1133
1216
1325
159
1468
744
820
1052
386
241
40
1382
1565
1173
435
408
842
207
1420
1541
1532
574
3
1489
251
77
1544
1368
11
918
78
903
1472
918
976
1108
212
932
1191
1420
108
651
210
306
966
1416
1586
1142
188
102
801
850
1438
518
1323
267
64
1628
51
886
1132
1163
776
1424
1046
1064
454
1240
1504
1587
982
1617
1078
542
469
842
1167
1120
828
328
1447
1465
912
433
1010
1087
16
382
203
70
466
1551
267
1264
829
896
1090
652
431
1395
211
1039
1216
909
1049
764
1408
1525
1615
803
1461
1361
799
766
1567
293
1473
73
316
292
104
1275
1292
1219
882
568
826
77
1193
217
1339
1286
528
1526
161
1120
518
1355
1430
1519
781
1357
568
1050
872
138
1480
1028
172
545
121
102
1183
383
1134
754
184
1082
947
144
513
790
675
249
1039
514
1272
850
1195
779
873
547
1166
1318
1271
493
85
298
1082
5
1262
591
500
36
548
55
1370
1130
1259
566
1402
1473
162
320
1156
634
488
382
632
1518
324
1550
51
1457
406
363
1405
425
1481
1381
122
122
1361
1350
1045
288
580
1317
928
1281
898
1363
1309
40
240
719
928
521
1437
670
745
975
930
463
1108
1235
595
1232
56
1509
733
1132
1376
233
234
615
256
707
531
637
1400
212
1052
139
1605
636
638
641
1543
891
699
446
378
108
1266
570
392
1218
1291
1554
539
551
799
808
933
297
156
177
1555
898
925
1149
1215
12
1612
649
1137
1604
912
1268
331
913
762
1478
619
203
169
180
1077
1513
660
1134
1180
503
741
1194
597
200
1451
1331
1551
447
1633
306
1287
1326
397
53
881
745
271
673
1338
155
1240
895
932
1538
717
739
1423
675
949
270
992
1460
603
1139
23
844
641
495
574
606
1188
223
955
267
326
664
1163
552
517
728
28
19
263
140
732
1435
1307
1255
421
1363
1630
353
165
797
1384
1170
451
668
816
773
446
1346
798
1510
1452
431
1122
1470
1467
563
957
294
429
1532
778
359
77
83
1320
1340
554
1219
598
1072
1597
501
714
180
1072
1066
821
1301
342
1528
1239
745
1046
454
763
269
1376
1038
1589
848
75
1599
516
420
833
1502
1074
79
26
1425
552
38
1535
1133
1575
752
1183
1048
823
1399
1075
1228
1511
1513
1622
1178
608
764
676
1538
932
1335
797
365
1273
932
316
1443
1280
1506
1122
906
1296
1374
590
1380
976
572
1165
960
896
800
1580
250
62
1428
187
724
363
1443
728
228
539
819
204
1224
1402
188
936
124
1117
108
153
1411
300
321
533
423
1308
623
1163
75
805
79
1067
1349
1196
1308
583
712
1388
768
693
1211
1230
923
696
699
1392
830
1441
1319
1174
1580
643
1407
1054
1037
465
635
466
1180
978
293
305
1040
1388
1274
680
1295
541
366
1406
1337
905
1166
1162
320
1269
1206
159
984
1122
1092
850
1611
1228
1316
513
348
1359
839
377
1328
518
358
820
126
562
994
615
835
419
164
1094
1263
968
1620
1389
1325
228
993
558
465
561
529
895
1056
448
1205
275
946
365
30
849
1145
1250
782
1297
702
179
49
311
194
240
1483
1388
630
258
980
68
998
671
338
921
1223
900
214
642
330
694
1565
1046
114
430
1554
132
652
827
955
1310
1252
208
289
479
1223
453
820
1237
305
1621
708
872
330
666
1551
462
854
204
57
707
1202
221
47
1119
441
579
867
492
1011
317
93
1168
438
1522
590
1494
256
671
1551
198
241
694
842
499
1259
693
1230
765
1241
82
494
1112
1474
639
904
269
1084
699
290
1441
1592
1440
1224
442
1216
1125
834
761
1398
1013
950
1573
1058
1515
137
1602
66
625
409
430
1488
1453
1389
1167
435
711
1599
842
1244
714
424
304
1580
1410
1517
749
890
1147
1007
771
1362
666
1383
1386
968
1373
278
394
1103
918
615
1203
1385
815
627
1037
482
1405
245
1158
951
280
891
301
505
1116
976
97
1335
223
1466
301
1354
24
1535
974
1555
181
1374
802
259
271
191
1092
1448
200
515
1599
1093
846
1610
1221
1021
887
979
542
558
417
1267
1086
171
288
1141
743
632
1255
1512
432
471
996
179
494
1395
1165
1521
959
1317
1491
1239
991
1069
552
1622
63
1323
1439
660
1116
60
272
868
1003
40
89
292
803
285
731
24
1363
106
34
782
1019
412
1575
278
289
525
599
224
217
862
755
1549
1222
428
123
1535
394
1447
505
856
713
506
982
40
866
544
1362
464
