24 34 1000
66
148
424
520
536
150
63
329
505
775
753
738
526
94
246
90
389
286
676
222
240
490
677
389
581
150
755
729
807
702
38
562
229
583
457
606
498
219
522
138
575
618
767
212
808
804
252
14
553
565
387
246
306
769
130
377
704
86
666
348
572
626
38
75
474
569
189
427
171
141
766
57
259
307
391
556
740
667
139
493
316
215
236
608
201
136
594
696
312
192
154
733
80
502
375
459
735
640
365
730
49
165
758
431
101
59
189
631
146
542
415
205
52
616
354
109
315
534
5
366
373
259
517
394
20
304
325
718
200
372
439
496
277
471
803
49
604
108
350
649
727
150
82
444
397
18
165
358
696
703
488
469
352
345
246
278
531
648
172
21
703
691
662
176
28
729
733
362
298
551
294
708
236
143
512
788
162
240
355
488
776
365
346
608
433
667
605
283
810
278
524
16
370
493
510
243
802
225
790
603
605
180
692
475
640
552
107
685
244
337
255
279
586
772
796
80
549
280
427
34
433
560
593
655
638
202
478
699
126
809
563
698
403
360
806
282
83
547
411
526
438
650
721
77
602
368
217
59
794
645
111
745
393
547
35
355
557
357
703
536
368
116
802
735
34
74
675
801
291
69
95
346
694
791
500
238
148
776
587
13
63
644
639
613
658
631
555
756
589
17
611
637
261
106
728
347
554
495
581
626
806
796
592
471
58
788
289
808
435
390
512
286
428
525
554
662
624
486
703
4
253
129
5
637
171
92
653
480
243
782
24
373
13
333
233
478
807
784
11
421
33
327
704
390
809
816
800
416
699
468
111
184
749
119
208
13
35
801
685
356
716
699
226
588
471
646
724
218
473
674
407
315
697
237
241
76
71
601
224
535
118
302
781
764
183
437
712
246
578
372
771
639
680
658
704
800
379
651
220
456
6
441
614
220
359
794
530
83
52
767
659
482
347
163
67
222
100
0
507
614
167
614
245
113
33
263
67
532
167
526
178
149
224
554
224
425
495
334
326
712
11
570
426
462
263
493
255
289
478
304
813
124
647
785
203
554
549
404
738
16
22
355
677
662
498
701
573
668
133
55
384
401
727
108
620
657
98
606
87
97
687
212
579
433
359
340
390
658
0
193
518
95
243
627
38
117
806
636
645
230
591
570
171
640
29
243
730
285
773
278
72
653
507
322
69
68
784
649
793
727
146
562
558
668
110
268
319
484
28
735
44
141
746
667
178
139
546
320
815
252
795
104
434
243
19
262
400
254
388
367
337
452
499
779
68
13
132
759
424
164
463
127
728
708
184
118
677
388
363
73
501
45
308
92
637
434
566
423
433
683
278
107
247
428
268
105
542
777
363
88
426
378
314
336
483
58
752
629
723
385
663
611
102
13
752
594
512
380
732
608
541
742
318
439
797
668
383
652
318
361
745
806
645
272
574
172
483
40
338
520
97
195
484
310
713
391
677
494
478
304
627
728
196
576
737
636
585
573
425
238
306
766
504
599
780
812
671
724
521
114
116
747
47
461
160
609
508
138
198
347
665
559
36
311
93
15
511
562
214
809
490
179
271
467
598
642
802
304
656
287
579
579
756
44
445
545
50
737
283
358
239
543
359
263
462
601
304
30
279
82
154
721
632
134
215
800
783
93
571
725
305
324
684
202
105
81
679
494
687
683
802
803
264
143
163
596
674
190
507
454
563
341
605
84
331
362
385
716
544
429
711
176
789
62
266
791
268
363
288
341
734
220
193
322
326
233
40
580
66
406
630
178
54
272
375
414
269
427
143
703
70
490
782
707
319
807
504
27
557
681
716
711
163
21
653
797
37
812
489
44
334
487
727
431
159
280
534
268
121
699
194
644
580
223
412
475
550
277
157
442
128
369
635
736
323
50
808
808
696
299
187
816
671
402
74
441
138
691
204
405
314
528
517
705
280
272
566
386
420
39
551
251
445
282
580
767
730
478
421
358
505
248
726
116
662
354
36
646
608
624
689
100
307
442
636
234
87
633
237
206
120
720
762
238
309
258
713
464
203
350
694
205
433
579
489
181
700
535
458
762
506
694
550
604
640
439
216
391
64
678
247
376
553
462
453
291
274
768
470
362
271
662
714
92
110
286
450
710
621
676
81
576
686
406
497
391
5
481
585
442
560
363
780
605
316
764
122
628
63
340
126
532
680
674
483
91
46
524
580
318
815
586
625
98
109
423
205
421
767
573
792
590
517
41
778
535
341
178
515
803
345
384
590
423
235
783
362
755
79
276
694
811
131
761
704
196
211
302
86
162
