26 98 1000
588
2390
981
1748
1367
484
1070
57
1138
1582
1911
1299
829
1328
1309
2402
1325
769
998
1936
895
1278
1150
1798
794
1773
2422
525
1070
2061
1692
2222
264
2232
2140
443
350
2231
1237
1699
943
1651
1244
737
1061
1042
925
839
1937
1663
235
305
1150
928
2520
188
1098
2538
1863
1629
796
2110
1969
1791
154
106
1752
1287
990
1445
114
1279
1835
45
1106
2237
1093
899
1925
1494
314
414
2380
151
1778
1966
30
2316
681
426
33
1976
2432
4
352
1101
863
2181
2106
2284
407
1318
967
976
677
2111
1385
2541
351
2042
2312
1084
1692
1804
774
362
1977
2407
123
2256
815
2150
726
1125
1480
1548
1031
2316
775
963
2401
1890
1384
1402
1751
1361
1295
1945
1732
1205
916
1290
832
2185
780
727
235
1365
2019
799
2338
504
312
733
251
1007
844
2392
1594
610
1027
1473
928
2187
2388
1970
804
1273
1067
771
1104
1425
211
971
1122
741
1432
1949
17
2041
394
1925
2469
2410
1427
48
830
1893
1547
1790
1156
200
2195
64
1760
832
1993
760
2331
1027
1507
1014
2340
191
173
1334
1395
2331
45
1419
1125
1308
1825
91
495
629
1245
192
1313
123
859
2007
754
193
1867
1673
1613
1340
463
1815
1201
1695
2494
1456
961
1782
2005
1709
546
1783
1823
1080
231
1211
763
2044
499
2524
324
2438
133
1165
795
1728
1796
2471
689
499
867
1972
723
77
588
1928
117
874
876
881
2007
2057
1800
2487
959
1789
477
1295
601
815
1316
1758
110
2097
566
102
728
192
1943
2489
2181
1500
1519
754
1415
2423
1302
1489
1122
1562
1831
2279
2543
2540
804
699
110
1276
1844
927
1314
2034
1977
2440
125
919
992
790
692
1473
1943
801
508
2005
2227
1800
2208
1295
1653
1326
1337
557
818
885
10
1879
2081
1619
2526
1872
1392
616
2406
1177
2032
1391
458
847
1931
675
678
1561
739
2526
114
2417
1754
556
362
1542
1163
1339
1789
2439
31
1021
1473
1411
350
2221
1258
288
2062
318
1062
1562
2044
312
1821
1015
520
795
248
2092
2172
732
2376
292
449
1690
1448
964
1530
1202
1499
1838
1127
2264
1941
1092
339
2050
1823
1158
73
1056
277
968
1979
298
400
840
817
1400
1966
1251
1047
2292
1504
962
2049
600
1557
2299
2280
1925
1903
1260
1054
1822
634
164
1853
2142
711
1157
1197
1243
180
1610
1590
320
2237
788
430
440
835
1247
2279
129
1090
263
1419
1947
2207
2163
1801
2508
558
1354
1792
1414
885
2527
2287
1761
319
2418
1876
1250
538
1992
1607
1620
2052
568
15
90
1108
327
802
1835
192
934
2478
2050
470
37
171
888
1861
898
1152
2296
195
743
454
1196
1973
2149
1415
417
1487
652
151
1031
2093
1097
1830
2244
391
7
1159
1070
2188
1244
308
1676
971
542
1194
2374
1210
1810
77
2265
611
1858
2458
42
687
737
262
800
2240
2189
1263
2146
524
971
136
2509
381
1889
284
1153
68
2092
822
1333
989
2477
292
2328
1184
1891
1013
388
416
1184
1741
2276
1988
802
1947
2223
1715
80
111
723
1761
1787
891
1348
2418
1041
2338
649
743
44
74
296
97
1470
1016
42
494
326
2049
14
1091
2107
2200
842
1409
2183
1621
25
632
1790
1282
1308
888
866
2341
1861
1481
1486
988
273
279
841
676
530
2030
1176
1406
900
1206
1836
1249
1445
1582
2382
2160
1344
1148
721
1681
672
701
2081
1097
2446
669
109
1211
2322
1362
739
1805
708
1050
214
1699
2514
1566
441
733
1532
1269
682
688
1547
1240
109
557
2445
1393
1208
1537
1382
374
814
179
701
17
1478
1935
1137
1630
2539
2285
166
2473
1253
1109
2448
1587
2386
721
885
1037
1496
919
982
1230
2127
162
2436
1945
422
1315
112
161
1975
8
1429
8
1192
2335
1451
131
1684
562
1340
396
2351
896
759
491
22
2057
192
648
157
1795
1131
190
1341
869
107
1497
506
413
1421
1621
346
893
136
2128
2466
1981
2375
770
77
698
83
508
1883
312
1036
42
767
2319
2072
1559
656
1409
1683
1390
693
1874
1823
1047
158
1909
1897
1415
1255
848
2372
7
2099
997
1756
1997
2039
1843
2467
1490
2224
665
826
982
236
1825
1985
1717
334
751
129
768
842
1737
673
1366
1892
2096
2403
2143
1934
2311
371
1689
2429
828
2074
2474
1319
587
1121
2080
851
817
1447
918
644
821
1759
606
2239
509
2135
1559
472
118
456
330
1924
1838
2386
1533
1161
2232
1850
2405
1897
1563
2395
2532
834
2404
2296
2130
153
1918
409
2021
2472
246
518
273
723
261
439
2528
1238
2090
2335
1574
1514
1418
1324
1246
1572
1281
1098
1066
1433
1876
507
2059
764
1914
360
1928
34
1376
579
783
287
1929
2097
295
1216
1012
2503
810
1296
322
1963
542
2226
2433
2538
485
2367
186
1127
2094
6
140
1722
91
1467
2250
232
126
1554
182
323
1494
921
404
1230
499
1003
387
63
778
2298
146
194
1942
2242
888
1582
924
1715
2241
713
360
1873
702
2181
436
1233
718
2331
1156
1687
698
1181
967
1020
2510
1484
1132
1723
494
118
2445
1261
466
1759
1286
215
1041
2397
678
2260
975
385
505
4
1920
1294
907
1834
2289
1706
2271
1170
1333
720
163
2038
983
792
1175
1042
300
1233
2215
121
1398
177
602
2532
117
765
1113
865
686
1929
873
2156
1199
776
101
1186
2118
90
458
999
500
2477
2171
883
553
353
