17 22 250
89
123
119
227
198
339
38
324
206
267
278
323
332
168
358
243
152
204
222
11
338
49
282
364
262
341
69
364
189
306
326
27
297
368
101
38
88
16
212
357
43
137
235
355
236
3
354
149
44
38
365
345
36
250
300
280
115
96
244
214
205
165
241
54
238
98
247
33
266
128
163
232
280
196
99
149
69
131
74
150
4
100
55
224
171
289
57
289
21
179
172
353
353
233
66
83
271
199
250
22
39
241
226
82
163
135
40
324
288
110
53
281
369
269
104
144
355
170
292
112
58
349
221
176
33
87
349
204
195
206
124
19
104
243
182
228
185
327
110
23
153
182
285
374
270
56
184
223
320
70
196
226
312
11
316
186
308
15
325
364
284
142
180
365
104
76
239
5
18
55
85
74
55
95
307
197
202
159
312
60
302
2
374
333
245
355
263
267
176
281
196
208
39
220
211
356
90
137
117
176
375
149
248
204
196
346
273
232
140
21
162
76
60
109
105
34
113
350
151
52
336
95
347
361
314
33
274
88
215
50
117
233
141
7
98
126
362
239
64
273
101
34
254
241
155
121
369
369
47
235
