71 74 250
3182
3552
740
592
740
1110
2590
2738
1258
2590
4070
1554
3108
3478
4440
740
2812
3478
5032
4662
1554
814
4144
1332
4292
4958
1036
3996
444
1702
4514
666
4070
4144
3552
3774
2146
814
2516
740
4144
1702
1924
3774
370
3700
666
2590
0
1036
4292
3700
4144
2960
1110
2146
3774
370
2590
3108
4588
2886
3552
814
3256
4884
3108
4218
1036
666
296
3182
2368
2072
4958
5106
962
666
888
2812
2590
2220
5032
1776
518
3848
1258
962
296
74
4292
4958
4514
3996
1924
296
1702
2294
3404
592
1036
2886
1628
4810
1554
3774
2220
2368
3848
0
3256
2812
1628
4884
2072
2738
1184
444
148
666
814
5180
370
1850
4440
3700
1998
592
666
1702
4218
3700
2368
222
666
4884
4588
4440
1702
3922
2738
74
1480
444
3034
1110
3700
296
2146
1184
1332
888
2738
4366
1702
4292
2294
5180
3626
2516
2442
4292
148
148
2368
2664
3108
4884
3478
4810
2294
3330
2960
1110
4218
2368
2960
1554
5106
3108
2146
2072
4440
1110
2294
4440
2368
222
3404
1480
2812
1480
5032
4958
4662
4218
370
4070
518
2442
2664
1776
2146
1110
4588
2146
2442
1998
2072
2960
2590
4144
962
1850
1850
3700
666
5032
1924
3478
4588
4366
1628
2738
5106
1628
5180
2516
1554
4958
3848
2516
4440
3256
4070
2886
2812
1406
4440
1258
2960
2886
3922
814
2664
1406
1628
3922
4514
4440
