37 26 250
601
175
458
507
55
550
717
587
59
387
62
419
873
553
14
297
33
374
704
657
144
300
327
307
777
222
567
611
834
767
340
938
928
138
645
930
399
153
500
872
790
104
5
263
508
246
811
660
743
286
460
26
216
814
87
89
435
656
745
920
956
843
764
158
654
400
262
572
36
310
582
784
57
372
871
351
183
713
364
653
663
649
284
441
338
853
708
880
214
249
5
177
828
905
711
537
293
429
448
750
936
842
390
905
123
38
298
948
693
349
156
329
436
873
217
441
888
270
38
413
584
30
95
688
56
875
679
82
380
462
743
48
115
899
710
597
512
213
232
929
170
731
712
603
761
379
934
739
6
72
790
175
324
379
787
491
388
266
727
581
7
660
132
742
365
161
284
269
275
2
463
467
70
766
132
50
829
736
768
396
878
10
878
141
85
742
75
802
911
571
566
459
800
707
786
98
869
404
676
531
59
869
370
439
273
458
345
687
618
527
227
235
607
206
184
137
642
706
675
81
622
692
690
854
275
184
625
74
78
367
830
88
509
162
661
452
291
809
465
823
596
931
95
841
241
227
65
782
334
325
