98 56 250
5156
4447
1982
1860
653
5083
369
263
757
2371
1830
3672
2894
4117
1260
3287
2445
2905
2915
272
54
4041
3911
4117
3795
4590
293
2622
4162
3775
802
1475
2647
1163
515
2129
3587
4117
529
2255
1680
3728
384
1852
2259
2718
3790
5056
4430
5010
502
494
1476
4752
2579
3586
2040
3003
1263
3300
3482
2462
2221
4199
4876
865
1250
1033
1181
4376
4460
2732
1865
4856
2009
816
2496
3472
5336
5024
5137
3278
4882
748
138
101
2317
4374
4315
1089
4162
3841
2435
5268
3279
3860
4289
3112
8
1336
2003
3709
1423
2612
5353
1483
3488
2316
183
4635
4853
2259
4889
1344
2220
4649
788
464
384
4656
2845
640
2814
335
1933
3321
1430
1267
2026
948
724
3999
5252
2346
2319
1415
3013
1790
5323
2285
3202
2725
4873
417
1928
1712
3591
213
3824
298
1308
2022
563
2971
2484
5014
5323
1694
5284
4347
1052
272
2081
4596
1524
2798
3045
2841
724
4762
608
3693
1039
5160
2479
2701
4714
2343
3086
2883
4464
4354
446
4533
911
520
3093
3010
4985
4466
4537
1672
2525
4485
3658
2308
3205
1537
199
3694
2089
2550
1611
3522
5376
1426
906
4020
2925
5164
926
3866
3463
4013
4485
618
4239
224
4752
2860
5443
2986
1095
1878
3067
3407
5471
1098
4357
516
3126
1359
3148
4437
1700
5042
712
3020
924
4755
701
1422
4217
5165
3657
5313
1553
3539
1314
1034
