999
0
478
539
1100
2882
4341
6298
8469
8620
9448
11059
12218
14147
14631
14806
14966
15544
15932
16032
17291
19166
21654
22056
22311
23019
23595
24017
24363
25077
25303
25471
25935
28361
28575
28951
29243
32094
32633
32867
32873
33334
34505
36342
36814
38466
42884
45657
46147
47548
48866
49422
49459
50785
51072
53775
54690
56266
56788
57439
58812
61189
61862
62500
64448
65289
65395
66373
69253
70291
70593
70951
72112
78360
78729
79873
80357
81684
82086
82365
84276
85040
85712
87327
87779
88677
89210
89357
90136
91809
91821
92077
93227
93299
93619
101518
103202
104147
104865
108040
108227
108272
108514
109251
110656
112904
114351
115537
116013
116850
117886
118800
120228
120943
121036
122261
124681
126187
128668
128718
128834
128853
130597
130610
132543
132929
133288
134492
134704
134930
135077
135142
138922
140068
140108
140686
141021
142132
142505
143006
144355
144886
145222
146089
146819
147078
147262
147841
148626
148790
152355
152468
153705
154912
156036
158488
158492
159539
160830
162304
162641
163336
164462
165376
165634
166772
167330
168144
169264
171139
172210
174569
175542
175613
175648
175961
176161
176532
177771
180554
182018
182593
185798
187355
187500
190053
191489
192102
193436
193989
195061
195329
196719
196746
196758
197981
198248
198750
201380
201479
203763
205931
206368
209303
209489
210546
211032
211188
211192
211451
212298
213863
217148
217384
217393
218748
219402
220092
220221
220691
222811
223742
226563
226896
227103
227504
230192
230449
232058
234243
234863
234879
236049
236390
237703
239347
239396
241333
242233
243933
244907
246667
247607
250074
250736
252748
252769
254458
254646
254770
254835
255169
258509
259921
259997
260539
260899
261082
261323
262562
263741
264991
265517
265780
265822
266793
268806
269475
270383
270799
270944
271522
271554
272180
274965
276700
276998
278037
280676
280883
281596
282250
282374
282669
285206
285781
286126
287716
288678
289185
289537
290267
291983
294519
295374
297293
300304
300660
301396
301788
303200
305795
306608
308497
310273
310972
311637
311797
312375
313929
314471
315452
316061
316304
323273
323339
323623
325383
325480
327243
327940
328323
328507
328975
330863
331478
332319
332951
333119
334777
334954
335058
338971
339875
343986
344018
346643
347687
347857
347998
350686
351895
354575
355200
355429
355600
355862
356277
356322
358314
359463
360522
360755
362066
363168
364192
365340
365464
365953
368101
368260
369925
371948
372974
373852
374656
375368
377463
377499
377885
379766
380924
384854
385364
385746
390739
391895
392661
395556
397314
398615
399199
399524
401308
402339
402602
402717
402964
403500
403767
404258
406746
407491
409258
409802
409881
411084
412140
413197
415091
415096
415545
416186
418416
418794
420763
423851
424212
424380
424526
425866
426451
427492
427925
429051
430211
431383
431456
432056
432366
432454
432487
434010
434758
436435
437644
437941
438929
439518
439689
439713
441631
441742
444233
446197
446451
450351
450647
452275
452465
452917
454477
455125
455343
455815
457320
458181
458929
459429
460218
460308
461763
462326
462819
464749
467337
467747
467932
468712
468873
469437
469543
470613
470904
472261
472499
475845
476999
478368
480938
481105
483265
485447
486412
488353
488376
491333
491363
492414
492620
493587
496529
497665
498173
498536
498971
500414
500506
502729
502738
503894
504626
504714
505704
508601
508845
509656
509802
511451
513275
513497
516672
517139
517398
517413
519521
520198
520415
524085
524113
524676
525877
526123
526871
527149
529992
530085
530195
530910
531432
532689
533721
533807
534414
534444
536111
537321
537551
537615
539357
540427
540773
541699
542515
542957
544431
545496
545994
546015
546215
547755
549469
549699
551009
551689
552311
552928
552951
556625
557520
557561
557739
558675
558690
559119
562054
563297
566855
567115
568032
568245
568747
569143
570336
570603
572884
573862
574383
574458
578476
579061
579300
581616
582818
584443
584884
586076
586781
587173
587484
587797
588353
588503
590938
592141
592427
597281
598217
598460
601018
604557
606865
607341
609663
610350
610720
610999
612557
612919
613913
614498
614675
615306
616453
617142
618902
620140
622347
622403
622722
623363
626156
626198
626381
627115
627431
628183
628565
628959
632386
633306
633843
634227
636648
636986
637083
637353
637542
638126
638353
638551
638999
639602
641427
641455
643254
643683
646108
646985
647683
648180
649200
650974
651989
656694
657326
657399
657951
658845
659890
661550
662614
663684
664145
664316
664865
666143
668106
668108
668844
669445
672826
674201
675180
675536
677094
677340
677780
678919
679102
679738
682132
685027
685235
688563
688788
688937
690062
690855
692088
692361
692931
693328
693410
693636
693986
695418
695450
695585
696688
696730
699241
701249
703533
705862
706353
706844
706954
707264
707350
710704
714298
715217
716203
717749
717771
717829
718743
719602
719790
721717
722190
724958
725946
725982
726791
726795
727380
729325
731260
732306
732674
733469
735033
737047
737515
738424
739487
739769
740512
740694
741752
742134
742671
742876
743333
743617
744635
746433
747190
749133
749548
749566
752359
755770
756830
757011
758554
759092
761471
764376
764582
764945
765965
766614
766658
769782
774204
774235
776753
778027
778774
781175
781212
781246
781498
781919
782215
783030
783157
783311
785912
788154
788830
790515
790788
791304
793339
793924
793983
794024
794646
795091
796750
798383
798601
798635
799069
801329
801474
802945
803508
804638
805388
806972
809617
809671
810920
811544
811854
812877
812920
813215
813889
815375
815745
819878
820003
820027
820057
821326
821894
823264
824133
825278
825813
827189
827806
828356
829063
829131
832471
833630
834272
837395
837737
840764
840806
842090
842372
843216
844276
846110
846961
847181
847768
847847
848005
848410
851209
852396
854463
858491
859131
859310
859620
859925
860495
861904
862013
863197
864176
864512
864546
865113
865300
865558
866465
866488
868450
869996
870115
871139
871640
871874
871974
873745
873826
873968
876082
876813
876964
877479
879148
879467
881471
884199
884259
884500
886739
887091
888571
890674
892667
893670
894607
895373
895595
895694
896981
897049
897247
897376
899682
899929
903044
903063
903819
904894
905206
905555
906168
907089
907603
909852
912298
912418
912895
913170
914531
914597
916014
916359
916619
920682
921040
922889
923865
926454
928156
928421
928958
930000
930786
931164
931471
931507
932587
935384
935459
935881
936658
936919
937224
938041
938818
939328
939448
940565
941005
941665
942516
942798
943755
943773
945738
946338
948063
948781
948909
949941
950384
950459
951283
952145
954756
954779
955316
955538
957119
957431
959397
960625
960992
961616
964281
965583
967924
968624
969520
970192
970949
971911
972449
973550
973924
974699
976048
977136
978079
980503
980670
981036
981148
981888
982294
983105
983773
985186
986265
987160
989095
989452
992159
994162
996292
996892
996989
999685
1000000
