999
1351
1946
3199
5857
6805
7264
7316
7417
7667
7837
9899
10111
11580
13301
14100
14230
17303
17666
18407
18491
19032
20117
20652
21683
22527
24093
24203
24297
25806
26208
30447
31486
31749
32817
33119
33703
34528
34740
35547
39847
42568
43429
43607
44718
46900
47514
48703
48957
49901
50708
51015
51353
51663
53352
53519
53648
56307
57181
61116
61811
62258
62550
63390
64676
65758
65870
65888
66103
68774
69606
70631
71686
73811
78237
78416
79737
79797
80310
82091
83123
83415
84220
86346
89485
89769
91456
92786
93438
96961
98021
98039
98385
100116
102703
103182
104198
104331
107697
108775
109163
109488
109504
110371
110405
110462
110754
111019
111933
114122
114499
115120
116627
116921
117548
118026
120355
120700
121629
123726
124012
124228
124870
126908
127311
127861
128231
132945
133629
137110
137773
139171
142471
143337
144640
146350
147185
151917
152358
152681
153264
156297
156529
156624
156631
156939
158340
159639
160251
160831
163766
163929
167240
167423
167665
167844
168377
169062
169542
170021
171163
171344
172112
172768
174181
174242
178429
179236
180979
186073
186095
186892
188683
189697
190386
190530
190958
191017
192108
193953
197557
197973
198193
198590
199786
200353
201285
202687
202737
203040
203729
204170
204987
206202
207115
207496
208810
209386
209431
210881
212425
213265
213372
214145
214717
214988
215531
217088
217100
217119
217575
217662
218007
218487
218734
219473
221589
222126
224456
224803
225262
227571
227572
228018
229049
229701
230417
231157
233329
233679
233904
234925
236295
236324
237582
239473
241662
246852
246858
248834
250176
250626
252075
252635
254524
255452
255663
255931
257692
258539
259516
260412
262454
264219
266786
268710
269979
273843
275102
276888
277018
279654
280314
280686
281030
283909
285614
287146
287730
288769
290017
291606
293377
295223
295863
297038
300791
303192
303585
304338
307328
307880
307996
308551
310004
310218
311451
312420
313512
314624
316067
316082
316436
318425
318639
319794
319995
320429
321378
322586
322674
324200
325714
326951
328335
329422
330935
331221
331629
331697
332125
332586
333695
334219
337744
337907
339047
339381
340252
341178
341276
341776
343274
345331
347428
351037
351694
352123
353361
353409
354140
354435
355175
355526
356105
356266
356620
357081
357373
357729
357907
357995
359391
359640
361290
362273
363387
364251
365466
366216
366675
367099
367451
368491
368589
369463
369476
370597
371475
371549
372976
373220
373385
374731
374751
375042
380466
381916
382590
382614
384590
384783
384886
387095
387580
389512
389529
389680
390718
391487
392118
392923
393406
393433
394971
395041
396060
396151
397012
397169
397346
397579
399772
400827
402184
403111
403337
405042
406644
407288
407941
408568
409975
411809
412850
415989
417636
418509
423028
424563
426250
429105
429682
430627
430681
430973
431141
431472
432216
432436
434774
435208
435416
436608
438827
439686
439862
441353
442638
442680
444612
445057
445764
445872
446337
448042
448308
448340
448949
449187
449419
451426
454635
455632
457568
458155
458372
458561
459184
460098
461027
464151
464812
468025
468609
469270
469323
471775
472038
472837
473458
473539
473581
474608
475949
476077
477060
477206
477808
479282
479422
479808
480085
481644
482565
484052
484341
484495
486507
488114
490405
491727
492851
493191
493403
493521
496254
497461
498160
498889
499111
499786
500738
501209
502536
502975
503546
505206
505595
508267
508828
509111
509495
509508
509735
509760
513630
514345
514531
515271
515555
516291
517291
517797
518112
518438
519409
519521
525326
527571
528175
528384
529864
530032
530080
531016
533085
533785
534932
538227
538283
539872
539876
542144
544575
546053
546293
550180
550646
551978
552403
554007
556902
557099
557731
558064
558215
559457
559822
560792
560921
561079
561200
562490
562820
563178
564205
564428
564642
566749
567252
567991
569423
569547
570413
572939
575217
575919
576266
577311
579293
586044
586284
586491
586582
588013
589209
591995
593531
594430
594752
594880
598125
599211
600369
600891
600970
602937
603234
603354
604045
604711
606472
608815
611985
614156
614333
614810
614970
615478
616185
616931
617783
617790
620628
621263
621501
621879
623535
624023
626834
627398
630783
630886
631499
632897
633131
634453
634479
634895
635591
637338
638309
638729
639378
639381
639512
641301
641498
642450
643271
643562
643628
644002
644940
645061
645062
646474
647249
648293
648804
648877
650703
651231
651519
652541
653908
655015
656260
656997
657322
658049
658864
660290
660443
661578
663068
663691
665871
666555
667633
668451
668556
668569
669757
671970
672322
674633
675056
676181
677042
677521
678138
678551
679148
680085
680554
681182
682040
682178
683125
683791
684014
684561
685892
686610
686733
686773
687830
689421
689587
690878
692092
695050
695187
697312
697434
698025
698109
698990
699278
699450
699531
701948
703297
704202
704496
704516
705180
706772
706813
708394
708856
708919
709510
710533
711258
711748
713893
714735
717743
718407
718740
719444
719782
719829
722833
723005
725274
725532
726409
726842
726887
728034
728541
729679
729876
730006
730970
732271
732993
734595
734948
737789
740602
741549
741715
741797
742607
744532
745020
745663
747005
747008
748676
748794
751613
752599
753524
753641
753792
754043
755941
756540
758008
759850
761862
763835
764580
764707
767047
767574
768502
768875
770206
772169
774727
775307
776650
776700
776856
777258
778648
779972
781176
784796
787956
788040
788123
788470
788707
789411
795480
795989
796758
797153
798639
799343
800205
800534
801758
803808
804237
804492
804753
805675
809786
810264
811019
811428
811608
811847
811971
814081
814660
816565
819943
823585
824598
826599
826914
827344
827696
827753
829212
829282
829462
829535
830099
830504
832829
833138
833698
834903
836801
838748
838794
839019
840028
840244
843080
846164
846781
847425
847567
849649
852148
852983
853026
854791
857413
857651
858569
859423
859839
860844
862586
862788
866767
869081
869124
870775
871966
873132
875367
875525
876555
876864
879148
879233
879285
883271
883417
884553
885314
888730
888919
889006
889049
889259
889417
891262
891569
892202
892458
894075
894257
895273
896383
899063
900797
901982
902731
902839
904031
908822
909064
909383
909906
911816
912238
912960
914387
915247
916544
916909
918048
920614
921726
922957
922976
923586
923817
927753
928316
928437
928540
928881
930077
931495
931506
931537
936099
936631
937561
937934
938926
939060
940364
941706
941736
943159
943351
943813
944944
946985
948158
950019
950115
951231
953305
954587
954955
956489
956527
957114
957244
957978
958967
959679
960045
960190
960867
961899
962113
962847
965091
965673
966087
966426
967012
967790
967924
969607
969644
970377
970710
973368
974253
974272
974766
975392
976150
976965
977239
977805
979739
980433
980677
981082
981488
981765
982165
982563
987281
987518
988318
988580
990813
991795
992301
992322
993021
993530
993955
994658
996861
996929
997185
999943
