999
265
1061
1932
3261
3922
4062
6215
6735
6752
7476
8154
8836
9533
9655
9770
10101
10601
13045
13249
14297
15502
16251
16454
17362
17801
20071
21547
21688
22669
23042
23055
25757
26514
26787
27278
28591
30229
34895
35938
36625
37173
38080
38135
40147
40161
41263
41994
42516
43178
43976
44286
45719
45935
46506
46664
47147
48502
49774
52188
52212
53637
53744
54951
55106
56560
59758
60667
61009
62055
63147
64301
65437
66361
66783
67934
69685
69777
71400
73658
73878
75851
76767
80170
80890
81706
82301
82598
83516
84007
84734
85325
85434
88663
88769
89400
89774
89779
90701
90837
93972
95479
97048
103526
103704
106988
107310
107563
108693
110421
110583
112496
113260
113891
115399
117606
120017
121629
121794
123861
123925
123988
124497
125845
126372
126701
127710
128550
129287
131319
131961
134307
135500
136129
138433
138546
138657
138979
140950
142166
142449
143956
144120
144507
144941
146311
147227
147513
147596
148590
148955
149195
149492
149748
154063
154665
155209
155365
157360
158134
158561
160490
161266
161353
162784
162878
163752
163809
164000
164699
165047
166216
170167
170217
170447
170768
170956
171499
176428
176490
177045
178109
178295
179637
179707
180959
181795
182277
183225
184836
185351
185530
189151
192879
194385
194467
195827
195899
196770
196906
199217
199367
200347
200492
202216
203957
205553
205725
210957
211415
213531
213899
214191
216535
217157
218799
219011
219120
219772
220492
223826
223835
225883
226192
227042
228600
228657
229359
230739
230763
230853
231706
232320
232958
233641
236742
236891
237698
239392
240713
243047
243649
244385
244950
245041
245397
246746
247616
248153
248911
251618
251800
252858
253196
254433
254634
258782
260002
260108
260858
261144
261733
261858
262808
263483
264737
264878
266254
267008
267127
267911
269039
270112
270732
271747
272741
273665
275195
275237
276552
278668
278787
282947
283197
283459
285721
285785
286313
290424
292148
292245
292548
293693
294063
295873
296482
297162
298240
298379
298805
299374
300764
301910
302228
303764
303853
303887
305198
305335
305899
306450
306736
306954
307559
307677
309045
311050
311979
312505
313062
313483
313929
314766
315788
315958
319713
320448
320669
322456
322712
323694
325859
326524
327105
327399
329193
330466
331236
331425
331791
333373
333699
334527
335121
336247
338615
338692
340937
342536
343208
343812
344785
345445
346083
346235
346720
346759
353573
354047
355995
356400
356778
356809
356922
357927
358889
359834
360647
360890
361319
361683
362542
363424
366128
366794
369207
370221
370520
370587
370632
371009
371256
371692
371787
372629
372665
373093
373668
375427
375773
376034
376338
378474
378827
379817
380835
381272
384814
386614
387193
389647
389865
390554
391325
394717
394807
394882
399955
401256
402749
402789
402804
403289
403357
403381
403385
404825
407211
407765
408458
409258
409957
411663
412930
413632
414255
414308
414796
415482
415775
417782
418147
420706
421374
423009
423266
423392
424370
424993
428475
428480
428798
429165
430759
431418
431632
432139
434123
434802
434981
435271
436993
437492
440176
440644
442189
442194
442696
443183
444469
444815
447674
447927
448046
448522
449073
449528
451521
451942
452666
452687
455101
455750
455966
456354
456413
459484
460610
461487
462044
462626
462733
463243
463354
463852
465548
465698
466180
466418
467837
469019
470775
470903
475473
475743
476685
477734
477882
478064
479735
480370
480556
482881
483283
483321
484453
484523
484898
485123
486676
490673
491695
493761
494335
494433
495625
498757
499872
503599
503749
504276
505502
506764
512604
512962
513816
514014
514963
515855
516227
516654
517558
518729
518897
519360
519593
520098
520455
520866
521131
521854
522679
524869
525931
528401
529373
532087
533025
535271
536180
536995
538899
539005
540313
541195
541338
542009
543323
545085
547346
548468
548770
549623
549993
551657
552007
552419
552877
554796
554914
554981
555252
555939
556103
557146
557187
557625
558660
559129
559560
559630
561537
561933
562209
563998
565720
567358
569820
569977
570153
571692
572552
573190
573761
575539
577187
577531
578786
578914
579991
581498
582507
584113
584862
585295
586165
586796
588679
588878
590647
592096
592160
592308
593534
595835
596223
597161
598211
600677
601455
601863
607845
609064
609180
609868
610275
610334
613346
613868
614618
615021
619737
619773
619788
621825
624332
625083
626920
629882
630412
631211
633660
634042
634436
634960
635808
637868
638057
638203
638751
639717
640449
641951
642259
642521
643965
644739
644808
645940
648791
650652
651036
651314
652050
656107
656161
657603
658311
658327
659042
659063
659356
659470
659543
661061
661554
662193
662573
662768
662816
662835
663516
663932
665170
665420
665652
667591
667907
667989
668261
669068
670449
671480
676538
679482
680014
680605
683728
684472
685639
686426
689786
690866
691662
691818
692698
692950
693242
694132
695034
695410
696228
696473
697963
700719
700902
700961
701505
704207
704271
705217
705343
706597
707417
707665
710402
711121
713302
713444
713560
713792
714420
716868
719439
719634
720001
720207
720262
720866
721630
728441
729492
730653
730890
732945
733585
733673
734096
735461
736278
736727
736843
737588
737656
738319
738432
739166
739177
739846
740602
743259
744451
744485
744601
745608
746488
747089
751142
751356
752660
752791
755063
756429
756678
759803
761054
761748
762419
763430
763552
764439
765233
766424
767886
768013
768145
768311
768485
770091
771227
771335
771371
771839
773097
773190
773865
775809
775902
776867
777442
777961
777995
778405
778894
779262
781408
782815
783361
783581
783610
783700
786487
787850
787996
788124
789554
791416
791494
791526
791711
791908
795959
796882
797011
797165
799009
799015
799100
799641
802203
802623
804524
804929
805971
808903
810457
812438
813608
815230
816349
816369
816439
819403
819491
820605
820809
821552
822764
823429
823518
824893
825943
826463
826634
827366
827680
829962
830720
833397
834229
834306
835208
835359
837263
842346
843186
843464
843684
843893
845041
845641
846039
848300
848546
849083
851439
855820
856014
857744
858141
859571
859916
860522
860835
861611
866401
868488
869624
870469
870500
872205
874442
874929
877963
879067
880858
880947
881285
885775
887322
887331
888962
900827
901202
901769
902762
902797
904882
906666
909230
910214
911048
911058
912206
913319
913406
913622
914332
915561
918179
919433
920080
921780
922525
925716
925841
926645
927206
929672
930438
931707
932685
933821
933965
934201
935779
936876
939866
940783
941280
943145
943325
943523
944286
944479
944567
945042
945363
947960
949823
952918
954105
954615
956751
959573
960874
961699
962452
963886
964666
966149
966270
966769
968572
969435
969533
971397
972710
973359
974256
974531
974923
977716
978564
979450
979464
979562
979853
981548
982625
985697
987084
987395
988913
989620
990296
991464
991615
991908
992219
992675
994687
995027
995422
995644
995924
996428
998565
998601
999634
