999
0
1205
2869
3375
4423
4493
4668
7968
8408
8423
9860
10577
10770
12919
13917
15574
17416
17949
18915
19812
20771
20863
21626
21733
23299
23751
27419
31887
32458
34153
34245
35073
35480
35663
36440
36988
37495
37711
39183
39212
40977
41114
43699
44233
47162
47554
47992
49174
49551
52064
52755
53437
54947
56266
56505
61494
61880
62013
62417
63668
64045
68629
69992
70600
71632
71704
72161
72691
74764
75092
79629
80255
80612
83559
84656
86298
87054
88163
88299
88558
89801
89958
90053
90301
91692
91866
93543
95271
95379
95995
96103
99329
99339
99966
101536
101598
102154
102176
102861
103149
107110
107410
107967
109637
110350
111019
111033
111235
111561
111568
114274
115053
115275
115595
115644
116490
116921
117570
118664
120128
120334
122355
123106
124373
124478
124862
125154
125485
125976
126171
127997
128219
131142
132058
132093
133929
134107
134657
135384
135473
135667
135703
135954
136011
137432
137933
140618
141497
143109
143437
145157
145985
146009
146958
148606
149770
150844
151973
153998
154028
157337
159246
159701
161012
161810
163427
165000
165196
165652
167086
167604
168052
171442
172598
172854
173289
173708
174107
174140
174559
174775
175004
176772
177529
177630
178716
179694
180720
181348
182265
182494
183259
186923
187601
187976
188668
189973
190877
193332
194463
196730
198603
199232
199848
199918
204465
204935
206069
206427
208691
208732
210337
210659
211210
212567
212909
213713
214602
214949
216244
216682
216734
216980
217057
217426
219170
220324
220447
223474
224126
226470
226864
227776
227809
227863
227915
229839
230301
231177
231456
233341
233914
234028
235470
236145
236348
238049
238977
240119
241043
242970
243855
244608
245197
249784
250068
250153
250600
252232
254146
255106
255239
255268
255384
257819
258239
259336
262122
262310
263415
265647
266745
266940
267955
268574
269470
269998
270463
271870
272037
272400
272481
275402
277085
278724
279411
282170
282594
282871
284059
285373
286454
286487
286776
286914
287530
287730
288988
289311
289465
290456
291906
295111
295363
295514
296338
297961
298464
298675
299630
300513
300647
302617
303417
303794
304378
304413
304887
305599
307467
308995
309642
309728
309942
311139
311390
311421
311436
313006
313488
313643
314127
317210
318171
318360
319891
319930
320425
321034
321454
322045
322188
322435
322446
323165
324128
324665
326105
326191
326749
327064
327697
327751
328545
329076
330730
331473
332188
332927
332974
333412
333448
340035
340457
344206
345015
345328
345434
346979
347039
347299
348214
349632
349668
350334
351586
351836
352442
353146
355303
355726
355994
356691
356970
359175
364725
368327
370168
370661
373519
374280
374409
377661
378161
379249
379360
379829
381076
381594
381812
383284
383610
383664
383926
385825
387405
387687
389726
392061
392426
392785
395413
400486
400781
401157
401460
402378
403343
404787
405389
407239
408249
411091
411112
411507
411825
412449
415379
416288
419435
419780
420579
422124
422431
422936
424370
424580
424769
426274
426775
426871
427160
428552
428997
430481
431164
431452
432651
433175
434248
434761
434925
435728
437174
437381
437483
438457
438720
439030
439860
441062
442350
442970
444279
445184
445565
446216
447352
448024
448209
449302
452772
453808
454218
455498
456269
456273
456829
457211
457850
457928
458061
458145
458656
458857
461664
462538
462665
465049
465720
465879
468065
469637
470824
471787
473003
473193
475579
476041
476757
477741
478319
479807
480027
480369
482921
484861
485401
487513
487554
487953
490171
490959
491386
493549
495132
495793
495964
496084
496092
496858
496944
499158
501370
501469
504208
505914
507203
508921
509694
509809
510876
510904
514422
515273
516760
517499
518841
519209
520502
521952
524794
524983
526894
527923
527962
528079
528573
528740
528797
528938
532506
533446
533911
535242
535330
540088
540262
541920
544123
547151
547835
548087
548867
550145
552022
555573
555669
555826
555914
556683
560829
565306
565921
566482
567101
567533
569611
569650
569714
577523
579033
579200
579497
582506
583113
584030
584484
585792
587381
588310
588819
589795
590133
590819
593030
594008
595257
595851
596392
597232
597953
598435
599010
600212
600501
602202
602240
602447
603084
604788
605428
606252
606983
607286
607603
607888
609613
609886
610240
613168
613510
613729
616150
617320
619330
620498
620708
621059
621436
623791
624285
627054
627595
629413
630587
631360
631919
632043
632614
634087
634352
636203
636649
637212
637579
637804
637810
637859
638228
638324
638570
639328
642232
643760
643984
646342
647225
647901
648754
649630
651589
653220
656335
656416
657483
658189
658307
658527
658819
659143
661680
662387
663425
664667
666900
666989
668066
668221
668656
669736
671751
672397
674086
677628
679819
681205
682970
683285
684008
685780
686242
688840
688970
688994
689092
689499
689658
690813
691123
692658
693412
695311
696912
698188
698381
698811
699329
699563
699933
703353
703483
705132
708239
710847
711503
711613
712117
715630
716213
717773
717786
717798
718266
720495
721089
721355
721764
722020
724460
728109
728496
728553
729116
730822
732112
734518
734829
734966
735605
735785
737250
737557
737739
737894
738236
738291
738520
738953
739585
739992
739998
740875
743084
743972
745921
746030
746786
747000
747244
747351
747680
750662
751204
752077
753133
753541
754646
755879
756585
758514
758678
759079
759753
760016
762172
762212
765989
767764
768369
769685
770536
770825
771497
772337
773555
777297
777745
777770
780079
780464
780976
783621
785902
786723
787475
787972
788339
790250
790424
792232
793228
797017
797915
798898
799174
801463
802850
804120
804577
806038
810441
810981
812138
814471
814811
814890
815042
817325
817823
818690
819185
821675
824052
825122
825480
828080
830286
830424
833263
834195
836140
840792
840874
842746
842774
842895
845336
845563
845816
846669
849930
850952
853229
856222
859779
860356
861043
861809
862309
863375
863646
864617
865272
866561
867392
867492
867763
870221
870766
871022
871279
872513
874202
874891
875759
876638
878907
879659
880445
880604
881569
882074
882477
883356
884507
884672
885740
886677
887040
889792
890141
891247
895476
898599
899010
899103
899683
900103
901897
902593
906776
907297
908950
909068
910262
910580
910729
912331
912874
913492
913777
915105
916237
917649
917735
917815
922896
923111
923146
923450
923458
924059
925155
927038
927547
928999
930699
931447
931719
931830
933593
933666
933976
934008
935583
936010
936572
937952
939094
939884
940189
941169
941759
941821
942290
942546
943928
944125
944283
944718
946105
946107
946982
947687
952323
953158
955681
956430
957333
958588
961090
961144
962470
962753
965576
967449
967935
968477
970258
971652
971674
972156
972230
972252
974548
974679
974742
976036
976318
977358
978156
978802
979214
980876
982126
983400
984465
985238
986240
986431
987519
987698
988191
988347
988463
988473
989341
989648
990005
992617
994350
994388
995288
996513
997119
997580
998283
1000000
