999
0
1650
1916
2755
3225
5258
5738
7010
7154
9704
10481
11000
11393
11960
13302
14746
15619
16284
16758
18265
18641
18710
18755
18958
19180
19637
20310
20774
20941
21743
23079
25373
26718
29552
29954
31121
31580
32274
32339
34263
38480
39262
39594
40101
40227
41515
42291
43027
43550
43598
44707
46468
49578
49980
52087
52379
52735
53195
53640
54752
54753
56819
56936
58458
59325
59794
61229
62198
62903
64010
64048
67858
68053
68117
69620
71551
78754
79939
82362
84836
86882
87046
87067
87680
90471
94920
95598
95985
96291
97229
98551
99324
100729
101418
101556
102029
102134
102590
102984
104773
105128
106379
106684
106968
107681
108094
108268
108785
109779
109836
110139
110578
110670
111916
112901
113090
113433
113699
115521
116515
116968
119030
119735
120071
121487
124589
125118
126848
127777
131109
131432
131849
132174
132639
132889
133497
136219
136714
136787
139535
141484
141600
142351
143110
143845
144087
144101
144616
146328
147251
149427
150340
151323
155657
156427
156964
156987
157555
157614
157994
158430
161027
162449
165369
165427
165509
166890
166916
167503
168220
170528
171004
171794
173038
173534
174800
175272
175475
179465
180319
180852
182235
182475
183162
184603
184624
188037
188417
191691
191956
193905
194511
194745
195751
196842
199872
202430
205942
206561
208644
209007
209234
209427
210557
211124
211679
211860
212329
212813
213164
216981
217071
217250
217905
219300
219481
220969
221499
222343
222510
223137
223284
224198
224387
225642
225846
228039
229687
231395
232264
233845
235333
235913
237157
237624
238875
240014
240136
240417
242668
243384
244650
244811
246550
247093
248007
248771
249575
249645
252216
252689
252818
254199
254281
255619
255704
255817
256091
259396
259527
262191
262245
263168
263432
264572
264643
265812
266575
267773
267820
267903
268109
270140
271643
272047
272913
273218
273321
274578
274883
274999
275008
275205
276730
276934
277172
277274
278310
278389
280184
281095
283254
283423
284425
286603
287464
287671
288389
291871
292583
294153
294661
296765
297336
298562
298735
300531
300576
300846
302213
303453
304217
306000
306673
308177
308709
308891
309711
309876
314037
316022
317550
317732
321713
322257
322487
323172
324121
324704
325028
325190
326153
327254
327439
328158
328731
328843
329253
329520
332626
332800
333046
334173
334182
334263
334732
335388
335976
336899
338366
338438
340185
340435
343751
345064
346139
346690
347061
348582
348585
349146
349715
350576
350629
351035
351158
352484
354829
354914
357446
357787
358067
358218
358321
358983
359942
360538
361005
361728
363964
364468
365035
365610
365999
367805
368912
370008
371671
375052
375836
376321
377459
377664
377893
378215
378426
378724
379020
379617
380588
382779
382999
383332
385187
385437
387183
387773
388976
389120
390674
391962
391982
392343
392734
393422
397263
398494
400116
401205
402540
403374
403698
405246
405744
407195
407834
408901
409145
409566
410061
410584
411729
412934
414143
414682
415472
416473
418400
419686
419953
420880
421386
421988
422862
423581
423609
424721
427240
429040
429323
429962
431573
431711
433754
434134
438925
438995
442350
443660
444072
444755
444927
445832
445908
445998
447647
450896
451805
452594
453198
453966
454569
454758
455159
456383
456886
460586
462513
463687
465226
466800
467136
468349
468374
468404
468560
469363
470644
470997
471100
471766
472027
472612
474179
474694
474905
475169
476409
478144
478531
479859
480277
481519
482064
483224
484380
485063
487811
489133
490390
490695
492431
498866
499116
499250
499774
499917
502259
503178
503504
503739
505013
507412
508565
514980
515037
516363
517682
517880
520503
520710
521289
522959
523011
523912
528457
528784
530139
530390
532703
534077
534360
538680
539705
541433
541930
545187
547048
547489
547667
548743
549524
549797
549841
550042
550104
552230
559721
562438
564600
564992
565258
566854
566937
571572
571993
573685
574364
577948
578573
579634
580625
580723
580831
581655
581894
583352
583742
584304
584463
586767
586803
588343
588689
589266
590879
591178
592020
592693
593284
593646
593672
594396
595154
595183
597673
597802
597979
598269
598370
598606
599645
599836
600724
601159
602592
602695
603095
603171
604219
604961
605280
607364
607496
609242
609252
610156
610457
611038
612761
615117
615686
615894
616761
617450
618629
621167
621255
621379
621778
623486
623720
624713
627602
627652
627750
628369
629051
629447
629639
630144
631980
632129
632724
632805
636915
638707
640276
642515
643118
644347
644722
645424
645898
646341
646406
646682
647827
650428
650814
651710
652570
653156
653456
653662
655079
655207
655651
655993
656130
656672
657254
659000
659353
663460
664092
665478
666404
666800
667652
669125
671914
671936
673672
675550
677042
677980
680873
682013
686289
686455
686858
688299
689197
689357
690892
692677
693138
693984
694652
694664
698294
700048
700120
700213
700252
701582
701926
702855
704004
705488
705831
706313
708277
709060
711128
711223
712789
713156
718272
718623
720446
721419
723384
723715
726399
727157
728345
728392
729342
729490
729944
729955
730426
732596
734925
737429
737438
738898
741778
743235
743961
744089
745055
747927
748105
749101
749449
749672
750095
750297
750864
751007
752781
752949
752978
757609
759613
760510
760849
761821
763998
766221
768187
768445
768795
771036
771760
771888
772180
772626
773791
773794
774483
774935
775715
776749
777055
778102
779196
780416
780641
784851
785106
789830
790437
790712
791589
792574
794229
794650
795428
799498
799500
799890
801007
801367
802535
803445
803593
804929
805236
805634
806852
807009
808011
808067
808309
812032
812151
812881
813233
813277
813475
816526
819933
821536
821889
822398
824006
825521
826153
826979
827255
829196
829472
830520
832325
833029
833305
833584
834510
834785
835299
836289
837077
837784
837972
838603
838666
840190
840850
840986
842396
842716
843995
845718
847069
847125
847650
847955
848336
848715
849791
850095
851473
853366
855256
855284
855881
857462
857762
859134
860112
861061
862823
863305
863914
864549
866833
867911
868126
869155
869443
870706
871426
871999
872756
873178
873980
874013
875786
876022
876355
876733
878169
881937
881955
882029
882937
884063
884645
889228
889448
890337
891928
892135
893376
896121
897209
898913
899120
899973
900351
902001
903902
904508
904687
905868
905877
906481
906641
906755
907306
908093
910005
911178
911298
911572
912760
913315
914794
915535
916597
916622
917188
919941
921012
923056
924385
924854
925987
926264
927183
931025
933254
935997
937991
942617
943181
945068
946167
948679
949440
950469
950932
951751
951831
954043
954160
954530
954923
956968
957260
957286
958172
960660
961271
962793
963997
964074
964157
966594
968794
969053
969690
970613
970781
974471
974574
975607
976166
979377
979842
980007
980379
982437
983098
984602
986956
987240
987456
987503
989042
989251
989443
990498
990864
992217
992732
992777
993106
993147
993485
993962
995719
998915
999966
1000000
