1000
72
252
1198
1598
2472
3389
3557
7533
8232
9329
10176
10448
13040
13845
14723
14985
15444
16027
16996
19476
21210
21476
22687
22906
23889
25847
27950
27993
28960
29293
30804
31598
32192
33077
34042
34574
35251
36888
37191
37397
37679
38159
39661
40039
40518
40800
41291
41330
41922
42450
42605
42638
43204
44044
44146
44352
46809
47431
47916
49052
49317
50600
52278
58224
60870
63083
64007
64052
64126
65213
65283
65304
65979
66043
66959
66989
68808
69032
69577
69582
72441
73404
73745
73943
74305
75467
77324
77591
78999
80067
82353
82914
84146
84353
84644
85296
85584
86374
87521
87727
88113
88754
88782
91144
94187
95050
95646
95978
96083
97802
98016
98259
99437
102534
102840
103560
104030
104228
105047
105494
105592
105823
106410
106430
109712
109834
109853
110407
113929
114355
116388
117850
118955
120477
120599
120700
120952
121403
121643
121683
122824
122906
124679
124686
125509
127274
127456
129172
129913
130362
130364
130488
130873
133283
133505
135938
136480
136550
136833
136861
138773
139148
139901
141387
145182
146039
146534
147749
148779
149416
150251
152767
153463
153467
154100
155573
155610
156048
156674
156814
158359
158685
158720
158726
160864
161942
163225
163478
163742
165346
165893
167855
168495
169821
171751
171820
173722
174646
174672
177654
178763
183311
186549
186948
188310
189077
190808
191072
192800
192985
193957
195800
196075
197133
197678
198314
198591
199626
199711
199730
200348
201268
201651
204043
204444
207586
207660
208159
209039
211485
211803
213072
213295
214410
214738
215729
216116
217298
217940
218080
218229
220805
223896
225654
226381
226470
227806
229053
229400
230831
231169
231556
231796
232473
233935
236024
240810
241689
244174
244917
246941
250206
250559
251045
251350
251794
253867
254841
255759
262674
262864
263121
264855
266820
267791
268938
268947
269360
270762
271493
271819
272283
272545
272688
272769
273145
273590
274734
282719
284203
284555
288058
288579
289023
291933
293583
294527
295528
301033
301630
301861
303595
303734
303899
304432
305172
305230
306846
307508
307659
308075
308682
310741
310783
313760
315042
315685
316089
316568
317106
317133
317373
317513
318046
320142
322835
325213
325370
326574
327216
330000
331535
331556
332447
333719
335601
337457
338124
339645
340079
340261
341001
341776
342867
344478
346236
346653
348689
348846
348914
349317
349604
350250
350645
351286
351358
351556
352234
353454
353906
354277
354687
356746
358940
360344
361181
362225
363507
363911
364776
367309
369335
369626
369908
370977
373873
374500
374727
375441
375935
375972
376649
376704
378438
379209
379836
383571
384716
385038
386223
387061
388119
389359
389631
390133
390541
393815
393823
396395
397041
397415
400799
402038
402317
402820
403504
403598
405466
406475
406865
407444
407520
410212
410282
410303
411069
412937
413969
415966
417284
418196
421335
421807
422753
424604
425624
427895
429816
431111
434536
434548
434867
435303
435328
435831
437276
437764
438137
438164
438542
439797
440518
441001
442558
443587
443798
446293
446662
446830
447077
447254
452026
452168
455262
456592
457251
463799
464197
466175
466604
466985
468047
468418
469730
469903
470332
470379
472449
473549
474982
476103
477595
480199
480675
480944
481173
483115
488928
489571
489822
489882
493057
493283
493763
494535
495077
496364
497029
498708
499678
499748
499849
500181
501287
502358
502512
504545
504711
505232
505637
509532
509781
510073
510935
511601
512353
513054
514137
515722
516586
517482
517553
518505
518607
519470
520748
521233
521912
522653
522868
526818
526834
528101
529202
529530
531478
531739
532614
533305
536110
541618
543160
544214
544218
545325
546167
546547
546678
547136
548457
549151
550055
550615
551357
553200
554010
555193
555543
558433
560147
561424
564059
566528
566860
569176
569366
570672
570760
572932
573812
574033
575127
575209
575352
575818
578045
579363
580076
583505
585478
587007
587831
588072
588675
591296
591907
593507
595033
595037
595078
595749
596757
596908
597445
597967
599572
601742
601748
603613
603930
607854
611265
611720
611792
613300
613656
614872
615592
615645
616161
618451
618951
623459
625203
625252
625459
625568
625781
627363
627692
629294
631140
631207
631421
631857
632485
633316
634229
634917
635791
636936
637111
637911
639390
639756
639773
640561
641488
641620
641793
642539
642549
644172
647391
648406
650681
650746
651246
652253
653698
655638
657186
657905
658127
660567
660757
662714
663027
663841
664532
665013
665845
665913
666805
668361
669372
669912
671236
671532
672121
672134
672343
675433
676269
678350
680456
680517
680804
682069
682395
682447
685314
687196
687953
688557
688898
689560
691030
692317
694362
697938
698887
700609
702617
705314
706114
706261
706487
706504
708587
709048
709803
711474
711533
711693
712300
712316
712347
712480
712957
713649
714076
714087
714374
715684
716700
717209
719761
720487
721986
722958
724380
725378
731560
731588
732432
732517
732636
733293
733578
734086
734239
734860
735392
735593
735921
736104
737822
739426
739543
739595
739868
740685
740883
741847
743446
744754
744855
746961
748281
749109
750381
752026
752168
752996
753015
753401
754665
757641
760798
762477
764056
764884
765284
765752
766007
767022
767136
767664
769947
770442
774914
776727
777597
782011
783249
783327
784310
784844
785524
786295
788988
791274
791416
792183
792518
793369
794405
794659
794772
795762
799189
804623
809695
810004
811407
814054
814135
814848
815226
815947
817255
817277
820106
821159
821472
821872
822258
823182
823645
826580
826871
826957
827912
827979
829465
829783
830830
831861
832721
833180
836169
836631
836695
836826
838170
838234
838260
838676
838803
839537
839643
842194
842368
844132
844219
845276
846258
847010
848346
849385
849574
849609
849649
851054
851788
851878
854030
855546
856812
856973
857859
858790
859197
861370
861909
862684
862696
864912
865096
865351
865805
867158
868287
869167
869647
870163
870255
870408
870601
874023
874349
876147
876507
878128
878351
878430
878565
879049
880899
881693
883250
883383
884950
886128
886491
886562
887472
890378
890700
890750
891786
892589
892670
894287
895247
895419
896870
898667
900910
901653
902228
903201
903771
905262
905528
906030
906784
907343
909747
910893
911102
912755
913740
914031
914215
914918
916092
916962
917019
917188
917299
917521
917595
917947
918423
919360
920289
921079
924085
926810
927660
927932
928257
930906
931945
933192
933488
934973
935164
935270
936834
937846
938516
941802
942500
942678
943821
944666
944841
944861
944912
945739
945989
946134
946560
946875
948330
949779
952148
952225
952796
953938
954048
954220
956074
957361
958273
959986
960489
961426
961482
961564
961593
962080
962838
963080
963098
963937
964363
964850
966177
967048
967594
967710
967922
968235
976552
978099
978147
979112
979281
979673
980968
981209
982012
982483
982648
983839
984024
987613
988751
990677
991413
992479
992902
994009
995672
995900
999428
