1000
140
1366
1595
3538
4268
6736
7229
7357
7888
9430
10752
11200
13796
16298
16308
18030
18381
18694
21178
21744
23249
25469
27539
28620
30279
31570
32718
33849
36119
36348
36474
37202
39419
40175
41679
42214
43059
43253
43519
44801
45431
45815
53753
54054
54493
57097
60071
61459
61573
65613
68657
71212
71422
71757
73046
73571
73890
77623
78372
79256
80684
80848
82247
84072
84799
84867
85525
88455
88798
89425
90320
90457
91986
92061
92649
92989
93108
93476
94024
95270
95679
95848
95922
97695
99548
99758
99830
100096
100113
100417
100726
101322
102309
103309
104479
105259
105905
110695
110735
112173
114575
116341
117074
119322
120079
120313
120622
121378
121508
122446
127511
127897
129945
130466
130533
131980
132326
133333
133710
134629
135444
136417
136550
137382
139156
141120
142706
142974
143554
145206
146062
147691
148225
149656
150128
150311
150397
150514
150704
150919
150970
150990
151086
151184
151265
151465
151999
152325
152421
152540
152660
153578
155388
155822
159326
161843
162011
162594
162891
163466
165441
166457
167471
167623
168111
168523
170366
171499
172900
176086
178696
179523
180341
181377
181829
182207
182879
183711
185925
186271
188191
188552
190339
190837
192627
197163
197913
200765
200927
201421
201891
204111
204558
204795
206570
207195
207446
207449
208033
208364
208535
209955
210169
211300
211848
213329
214367
214763
215909
217166
217193
217840
220342
220504
221637
221877
221914
222340
222611
222947
223345
223376
225698
228455
229107
229978
230674
231088
231288
236994
237475
239402
241274
242685
243579
244328
246337
247629
248094
248408
248751
248977
249130
249735
251732
252306
252403
253543
253615
254553
255004
255406
255741
257569
259897
261172
261902
262105
262648
263039
266200
266274
267300
269170
269332
269586
270405
270503
272675
274231
274305
274427
274541
274825
277599
277740
277936
279054
279747
280611
281157
282341
282624
282778
284008
284490
285377
286714
288716
289475
291214
292092
292834
293012
296457
296655
298484
299203
299618
301744
301762
301774
304106
308011
309532
309558
309837
310725
310886
311909
312726
313396
316012
317412
318231
320226
321153
323883
325201
327249
328614
329442
330561
330641
330855
331985
334229
334682
335207
335747
337083
337698
338269
339025
342938
343682
345028
346307
346474
347006
347930
348009
348357
349026
350900
353765
354134
354143
355350
355785
357470
358889
360982
361049
361991
362151
363895
366792
366921
367832
368520
369343
369754
371142
371235
374855
375324
376120
376957
382343
383523
383763
384482
385794
385865
386540
388138
388569
390138
391136
392677
393190
393810
394440
394652
396342
397248
399488
402335
402523
402607
402702
403589
403984
404087
405019
405083
407098
408613
408965
409454
410407
410440
410456
411233
411530
412411
413937
414080
419022
421647
421659
422721
422895
423790
426238
426469
426724
427602
429242
430056
430235
435019
436062
438511
439446
440169
440242
441273
442349
443081
444404
444433
444458
446559
448462
450249
450398
450823
452603
456350
457259
457557
459405
460069
461891
461940
462292
462848
462887
463135
464088
465224
466781
468600
469028
471795
472974
473441
474307
474826
474983
475782
476303
477663
478806
480597
483200
483628
488272
489228
489421
490559
490950
491479
493036
493377
493702
494234
494760
495325
498381
500130
500606
503046
503130
503322
503353
503564
505114
506610
507191
508346
508475
508524
508750
509655
510070
513046
513952
515675
518284
520100
520452
520793
520862
521570
525833
526570
527770
530716
531332
531945
532475
532546
535185
536284
536604
536738
537208
537291
537301
537991
538133
540423
541325
542017
542323
542698
542935
543107
543845
543877
544495
545044
545705
546769
548289
548897
549830
550397
551169
551465
552018
552300
552431
557022
559179
561308
561724
562201
562275
562520
562585
563947
564711
564811
567088
567369
568547
572258
572374
574322
574574
574585
576274
576965
577127
578061
579202
584286
584724
585003
585924
589814
590885
592661
592750
595465
596585
596882
597145
597588
599259
600438
600727
602264
603408
603736
604846
605233
605534
606329
606410
606455
606487
608453
609404
610820
612450
613842
614301
615675
616660
617225
617389
617973
618656
619051
620206
620799
621337
625419
625602
627583
628229
628438
628913
629485
629939
629965
630269
631623
632147
633124
633253
633624
634632
638243
640802
640983
641278
642362
644122
644862
646143
646657
647966
649070
650760
651184
651544
652220
652250
652569
653220
653343
654292
655678
658555
658661
659035
660025
660919
662221
663895
664119
666565
667270
667763
668017
668206
668297
670075
670542
671140
672108
672165
674572
675582
675801
675845
678726
678834
679367
680480
680574
680692
681768
682649
683358
684621
685188
685843
686136
686273
686379
687637
687932
689491
690477
690486
692175
693330
696085
696425
696524
696549
697928
701273
701974
702204
702346
703442
703467
705329
706204
706440
707592
708083
708116
708259
709251
710060
710702
711042
711800
715240
715438
715609
716615
716674
716793
717902
718222
720600
722082
724834
725435
727694
729120
730931
731189
733388
734030
734832
736158
736850
738882
741302
741311
741542
741859
742345
742650
742915
744262
744325
744396
744982
745162
745334
747055
749231
750472
750496
755186
755219
755573
755654
755837
755852
756044
757000
759885
760430
760499
760890
760906
761464
762168
763105
765581
766372
768530
769191
769652
770097
771337
772264
772931
773475
773863
774665
774965
775116
776297
776308
777059
777306
778811
778931
779713
780069
785821
786488
787544
789667
792052
792695
796770
798153
798181
798351
798395
798707
799967
800277
802387
803822
804165
806207
806825
806982
808753
809463
809676
809739
810226
811442
812613
813851
814267
814466
814957
815969
817220
817525
817957
819621
822586
826702
826781
826990
827008
828771
829735
830244
830995
831520
839333
839695
839735
841115
841795
842729
843097
850030
850545
850568
853458
853734
854497
854713
855397
856356
860394
861096
861388
862422
863592
863934
865781
866008
866060
866781
867703
868812
869022
870420
871649
873083
873565
873589
876535
878136
878244
878538
879789
880562
881688
881761
883901
884384
885050
885080
885611
888021
888040
888363
889435
889713
890165
890317
893764
893938
894173
896021
898495
900449
901018
902562
902643
903046
904141
904489
905342
906147
906418
906731
906927
907090
907296
907930
908571
911587
912518
912586
912667
914178
914993
915940
916073
916965
917213
918476
918739
918766
919899
921380
922017
922249
922968
923999
924022
924351
925103
927951
930233
930642
935424
935907
937088
937684
939684
940858
941844
942076
942755
944902
947150
947569
948689
948692
949559
950482
952607
952852
956433
957300
958031
958615
959113
959732
960569
960630
962512
965116
966195
966691
966805
967084
968893
969628
971743
972063
972837
973316
976526
978437
978801
980717
982419
982550
983876
983893
986312
987530
988066
988073
988267
992004
992974
994191
995705
995749
996657
997383
998515
999576
