999
690
1229
1299
1576
2326
3014
4964
5441
7415
7455
8162
8364
8774
10393
12489
15506
15575
17124
17509
21201
21983
22035
22605
23929
24351
24446
25204
26203
26686
28288
28577
30740
31503
33107
33538
33544
33875
34521
34703
35387
36799
38011
39070
39698
40777
42406
42810
44702
44734
44835
45197
46422
47103
48942
52996
53464
58994
60508
60817
62759
63885
66236
66951
67322
68492
69022
69924
71107
71348
71429
72483
75190
77542
80564
81760
82538
83214
83427
84201
84669
84882
85194
85813
86889
89803
89834
90255
91731
92016
93585
95205
95765
95877
95993
97018
98474
98838
99693
100867
101605
102124
103541
104424
104511
104975
105323
105569
106560
106819
106866
107328
108155
108265
108269
110906
111789
112342
115402
116668
117913
118533
118914
120626
120723
121361
121434
121458
122299
122390
122716
125552
125794
128661
131910
133748
134967
136038
136316
136921
137913
139351
141511
141957
143499
143501
144909
145596
146017
146051
146443
146828
147488
147652
150075
151635
152464
152489
158538
159892
161327
161489
161714
161846
162037
163403
163568
165516
165966
166392
166759
166979
167137
169605
169703
170151
171101
171765
172543
173341
173616
173765
175959
176216
177461
178001
178181
179256
180337
180459
180556
182655
183062
184937
185776
185810
187681
187925
188234
189260
191068
191941
193549
194005
195080
195260
195565
195614
195635
197334
198414
198676
198724
201404
204015
206986
207286
207340
207543
208925
209825
211568
212856
213940
215678
215850
217814
217959
218796
219664
220460
221691
224341
225103
227441
229736
229852
230430
233036
234958
237743
237772
239124
239951
240676
242261
242817
243486
245058
245581
252432
253939
254761
257776
257993
259202
260167
262449
262989
263521
264624
264712
264973
265578
265702
268951
269073
269493
270326
270357
270590
270836
272216
273415
273566
274656
276617
279620
279773
279791
280178
280636
280697
283295
285477
285538
286067
288187
288900
291768
292490
294976
296564
296939
297051
297324
297401
298736
299008
300224
302547
302712
303499
305526
307977
308899
309503
315420
315871
316467
316644
316806
316968
317115
317159
318824
320090
321325
321614
321616
322816
323327
323834
324386
324731
324853
325438
326645
327648
329085
330428
330980
331467
333499
335996
336488
337484
337704
339229
339281
339892
343661
345398
345642
345856
347498
347887
347938
348136
348141
349469
351014
351195
354121
355317
356367
356479
357712
359378
360281
361325
362946
363485
363499
363659
366666
368362
369750
370044
373027
373567
374076
374254
374951
378294
380506
381351
382048
382958
383036
385600
385894
386764
387237
387631
388624
389823
390399
390606
391804
393651
395033
395072
395959
396508
396899
397243
397255
397321
399472
399795
399964
402486
403737
406701
407553
408960
410066
410189
411361
411451
412970
413222
414067
416129
417260
418471
418793
419769
419998
422534
423290
423686
424188
424255
424618
424628
424769
426430
427830
432551
433462
434050
434631
436742
438054
439081
439133
439228
441374
441586
441639
442370
442639
444542
444680
444946
444956
445081
446129
448867
449696
450063
451341
452464
452499
452921
453856
456049
458496
460483
461223
461611
461807
462276
462281
466165
466336
466346
466516
467335
470681
471480
471571
471726
474593
475168
475929
476872
477984
480939
481594
483567
483713
484729
485612
486394
486641
487570
487840
489112
489680
490268
490646
492500
492549
493743
494665
495873
496584
496605
497305
497971
498128
498327
500354
502095
503205
507410
508179
508251
508678
509928
510897
512481
513332
513419
514173
514317
515115
515421
516738
516759
518344
519032
521254
521258
521373
521585
524228
525358
525767
526045
526514
528385
529194
529956
531149
535498
536289
538040
538696
538787
538812
541433
542702
544223
545386
545458
546947
548974
549115
549227
549375
550452
554307
556858
557140
559443
561098
562755
563175
564634
566080
569480
571006
571220
571235
573163
573298
574268
574826
575283
575979
578520
579907
580695
580859
582531
582887
584398
584871
586937
587948
587955
588978
590474
590505
593481
594457
594647
596149
598676
599641
601535
604726
606248
608299
608814
611371
613951
614266
614438
614668
614737
615661
617627
621964
622119
622813
623465
624075
629017
629854
630859
631739
633281
633909
634336
634651
635794
636262
636659
637023
637037
637451
639849
643236
644498
646461
646614
647582
649150
652108
654568
655077
655259
656961
657112
658404
658578
659421
659425
659433
660948
662149
662871
663004
663534
663611
664372
664722
665627
666064
667570
668248
668757
670476
670876
671483
673897
674168
674170
674607
676192
676320
676470
677540
677699
678214
680061
680508
680908
681142
681729
682447
684177
685983
687499
688003
688428
689070
689300
690198
690334
690648
691737
693043
693066
693150
694613
695395
699025
699306
701891
703481
704420
706054
707348
707973
708421
708560
710049
711275
711330
711695
711697
712058
713779
714595
714831
717239
723926
726440
727140
727174
727479
728004
728565
729349
732690
734018
735118
735611
736797
737103
737625
738153
738861
739134
739405
741223
743084
743437
743918
745655
747081
747632
747984
748840
752291
752481
752698
754019
755696
756746
756839
757455
757459
757785
758424
758517
759573
759921
760133
762452
763677
764591
764598
764638
765322
765901
766515
768618
768656
769355
769449
770341
770900
771345
772529
773324
775150
776458
776550
778601
779827
780235
780368
780686
780728
783290
783948
784530
784728
785237
785284
789665
791088
791428
793999
794384
795728
797031
798285
798503
798974
799091
800420
801181
801316
801691
802406
803540
804558
805861
806821
807010
807952
808434
808848
808853
809928
811135
812323
812906
813067
813422
814876
815153
815982
816185
816884
819564
820508
826609
826675
827027
829620
830453
830539
831760
833058
834238
835759
836696
837115
837632
838077
838594
838755
839382
840867
842330
844551
845348
845403
847789
848167
848669
849109
849113
849762
850841
852648
852734
853036
854349
856036
856381
857047
857619
858204
858313
858813
859658
860567
861706
861891
862574
864583
865089
866059
867476
868678
869220
869760
872148
872186
874512
875311
875489
877310
877595
886227
886382
887119
889078
890934
891096
894357
894842
896312
896572
897552
899330
901354
901893
902570
904007
906032
909062
910038
910813
911282
911665
913984
914585
917462
918277
918624
919726
919860
921742
922020
923363
924575
924632
929947
930674
931121
931994
932017
933060
934130
934190
935401
935410
936181
937599
937650
938873
938936
939236
939277
939699
939906
940032
943344
943564
943805
944503
944821
944850
945010
945253
945786
945919
946679
947102
947659
948158
952680
952948
955342
956280
957178
957866
959076
959268
959350
960595
962066
962528
962806
964049
964461
964657
965587
965792
966115
967175
970749
971653
972542
973706
975206
976208
977360
978028
978537
979255
979360
979841
980505
982816
983074
986705
987245
988156
988989
989492
992959
993310
993549
994332
996861
997489
998368
999769
