1000
0
387
761
1567
1720
2580
3876
4711
4725
5156
5394
5910
7397
8485
9407
10995
11502
14121
14309
20133
20457
22197
22373
22782
23829
25006
25481
26388
26622
27033
27458
27726
28097
29146
29635
29939
31166
31598
32179
32742
34669
34673
35437
36596
37770
38591
40036
40283
40476
41005
42261
42400
43196
43476
43606
45214
45582
45816
46283
46314
48982
49498
50991
51084
54236
54768
56259
56523
56629
59463
59941
62755
65052
67206
68398
70022
71818
72188
72370
72743
75123
76596
79868
81182
81266
81605
81709
81718
83872
83983
84358
84650
85440
85526
86420
86821
89524
91011
95031
96118
96359
96522
96722
98018
98722
100367
100983
101247
102270
102459
103269
105299
106751
109032
109910
110403
111841
112002
112244
113392
115317
115656
116193
116258
116585
117338
117981
118602
121004
122150
124232
124619
125262
126487
129358
131176
131355
131473
132973
135653
135954
136102
138575
140463
140679
140789
140906
141428
141914
142140
142720
143454
144526
144701
145018
145367
147923
149036
149624
150616
151212
151603
152543
154018
154653
154818
154869
156110
160242
160398
160591
161495
161759
161765
162737
164480
166010
166697
166733
166772
167132
167289
168357
169218
170017
170825
171569
172460
172476
173809
174918
176162
176329
176828
177453
177847
178275
179657
180315
182898
183096
185490
185562
185689
185739
187245
188975
189442
189606
189811
191469
194135
196021
197425
199746
200040
202256
202734
205198
207309
208145
208993
209050
210031
211397
212638
214874
217541
218191
218287
220309
227187
231373
235527
235964
237020
237247
237424
237660
237974
238423
239336
239754
239806
239825
240804
240931
242880
243957
244418
245087
245682
245929
248233
248530
249757
250317
251715
251962
253429
253838
254365
255361
257577
260003
261299
262729
263945
264627
264960
266214
266216
268255
270147
271838
273641
274484
274981
276260
276957
276980
278194
278424
278484
279633
281743
282139
282400
285058
287788
287805
288445
289276
289702
290887
291870
295254
296640
296857
297491
301026
301887
302031
305251
305512
310423
311105
317145
319569
320069
320966
321030
321932
324788
326322
326374
326626
329802
329810
330092
331434
332284
332550
333818
337190
338483
339029
340442
342686
343683
343868
344054
344216
344529
347906
349095
349818
349874
350778
351453
352119
353711
354094
354302
354518
357035
357429
359109
359709
360062
360726
361442
362199
363359
363727
363927
364150
364310
367623
367824
369184
369434
371807
372103
372223
372306
373464
374303
374314
374980
374993
375268
375966
376177
376614
376663
376924
378558
379642
379759
380933
381709
381843
382019
385316
385350
386172
387023
389857
392102
393266
393386
394112
394410
394984
396430
396955
398327
398577
399677
399764
400303
400481
401260
402555
403009
405285
405405
406076
406489
407076
407599
408170
408436
408847
409222
409757
411492
411721
412203
412346
413234
413420
413917
414017
416346
417226
417430
417442
417749
418684
419836
420351
420680
421457
423376
423837
423995
424691
424870
426034
426158
426249
427565
428056
428729
428764
429897
430022
430489
431065
432251
433938
435372
435604
439077
440383
441186
441502
442806
446093
447476
448510
451493
452159
452304
452503
452903
453987
456772
456983
457216
457455
458454
459470
461893
462114
462382
467651
469950
470627
471496
473516
474615
475673
475769
475961
477652
478649
478652
478724
479116
480950
483064
484206
484429
485384
486035
487397
487916
488731
493846
493986
494019
494165
494280
494682
495639
495936
496736
497401
497602
497743
499631
499680
501336
503030
503256
504055
504252
504490
504556
505719
506374
510165
510318
514095
514164
516442
516992
519706
520126
521919
523559
524553
525925
526618
528023
531413
532152
532668
533619
533702
534865
535038
536338
536395
537104
537289
538393
538479
540923
541691
542146
542239
542260
542570
542817
543076
543914
544848
545490
547034
547632
550820
552165
559028
559256
560434
560544
561631
563013
566883
567280
568684
569841
571382
574913
577547
578221
578426
579575
580823
580966
581903
582461
582924
583155
585395
585865
586726
586989
588927
590071
591832
592359
592384
592844
593382
593409
593608
593620
595637
596418
597975
599322
600835
600981
601533
603332
604709
609616
610993
611121
611835
612002
612034
612633
613944
614343
614984
615973
616788
618874
624396
624598
624726
624848
629616
630952
632429
633374
633488
633533
634016
635310
636986
637052
637800
638434
639305
640567
640644
641177
641313
642165
642912
644145
645672
645937
648115
650120
650258
651581
653630
655062
655917
656033
656238
656515
658480
659139
660885
661883
662867
663270
664851
665240
665582
666237
666445
666550
667490
671214
671872
672713
673073
673075
674456
675342
675597
676318
676609
676743
678801
679474
679896
685175
687034
688056
690421
690677
692065
692740
697875
698920
703478
704010
704976
705771
706311
708448
708810
710073
711399
712860
713895
714190
715362
716635
716878
717143
717427
719049
719775
720308
721989
723959
724117
724763
728600
728925
729784
730522
730696
730961
731189
731980
732586
732788
733780
734428
738043
738679
739237
739574
741380
742529
743097
743755
743996
745000
745296
745752
745904
747839
748133
748490
748806
749070
751067
751249
752130
753367
757557
758599
758722
760668
761486
763233
765260
766511
767473
769396
770974
771624
774861
775735
777058
778450
779429
779908
780178
780295
782249
790029
792031
793213
793428
794497
794537
794898
795013
798837
799384
799567
801183
801879
802525
803347
803519
804597
804835
805038
808199
808836
808998
810990
811051
812504
813114
813410
813950
814868
815577
816133
816375
817136
817182
817464
817914
818434
819534
820331
821783
825071
825966
829139
829167
829443
831756
831885
833039
835470
835936
836838
839014
839071
840523
841318
841381
841546
842809
843834
846016
846601
849673
851300
851535
851724
852431
852452
852491
852805
854035
857068
857525
858765
860455
860635
861411
861934
862504
862976
863495
863774
864116
866724
867254
867425
867683
868744
870163
871526
872000
873631
873998
875762
876171
877238
878802
879322
882180
882235
886111
887209
888947
890337
890834
893574
893976
896124
897966
899653
900147
902542
903307
903910
903986
905149
905720
906034
906589
906964
908606
908705
909464
910846
912503
914004
914972
915843
917195
919089
919340
919746
920271
921010
921340
921589
922900
923244
923264
924307
924620
924709
928031
928178
928973
928977
931031
934258
935072
935761
936199
938136
938432
939214
939492
940088
940571
942897
943569
943888
945649
947492
949241
953214
954200
954855
955957
956476
956809
957002
958078
958533
959262
960350
960765
960849
961340
963011
963025
964332
965128
965544
965601
965654
967349
967554
968422
969475
970425
970476
970517
970960
971502
971523
971881
973064
973217
973415
974634
974810
975491
976474
978197
978791
979517
980361
980958
980982
981215
981354
986071
988968
990289
990846
991102
991216
991532
992732
992900
994797
995397
995810
995935
999173
999336
1000000
