1000
2026
3080
3368
4451
4579
5440
7428
7760
9042
9673
10134
10840
11401
13889
14594
14871
17745
18780
19173
19874
21319
22842
22995
24030
24917
25601
26017
26520
27377
27537
28928
29082
32538
34355
34748
35626
35716
36089
36651
37154
38271
38576
38728
38980
40347
42601
43993
44213
45782
45795
46217
46449
46610
46674
48621
48924
49458
50039
50273
50568
50592
51626
53499
53576
53688
55968
56597
57314
57838
57974
58904
60416
61348
61978
62257
63364
64452
64715
65519
65710
66231
67275
67491
69388
69581
69959
70265
70637
71373
72130
73304
75365
76503
77556
77690
78305
78809
79398
82189
83918
83968
85026
87763
90397
90831
93104
93615
95695
95748
96055
96072
99316
100102
101440
102111
103021
103929
104521
105296
105607
106043
106112
106508
106788
108267
111320
111811
112658
113561
115259
115341
116091
116261
116507
117502
118339
119158
122739
123706
124191
124255
126352
126357
127494
136388
137073
137241
137795
141037
141555
142025
143076
144519
145584
146529
147966
151760
152620
152631
153735
154213
157130
158316
158945
160455
160999
161826
162709
162723
162980
163045
165293
165574
166278
168246
168491
168823
169622
170745
171804
172162
172434
173760
174601
174730
175256
176107
181756
182271
184521
184957
185823
187894
189453
190104
193114
193580
194315
194495
195407
197666
200130
201283
202254
202286
202999
204575
204764
206337
208385
208537
210366
210383
211591
213948
214019
214326
214405
215312
216027
217076
217771
219355
220073
220784
221671
222012
222563
223170
225427
225685
226665
227451
227583
228179
229540
230703
231214
234746
235659
239375
239459
239611
241178
241718
242154
242573
242592
242777
242976
243439
244689
244789
245192
245801
247401
247976
248081
248881
250721
250756
251588
254282
256674
258210
258402
258753
258935
259990
260737
262304
262557
263330
263681
266252
266613
268288
268781
269596
270265
271486
272542
273940
276965
277699
277820
278074
279606
279943
280257
280388
281852
282487
284302
285155
285601
286729
287913
289536
289954
290749
291328
291944
291989
292573
292596
293201
293405
294622
295865
296421
297529
298308
298561
299125
299953
300323
302195
303234
303405
305341
305478
305941
306051
306181
308675
308720
312545
313393
313438
313820
315060
315326
315372
316235
316444
318014
318469
320420
321616
323199
323486
325332
328628
328804
330203
330685
331045
333863
334123
335509
335621
337343
337921
343451
343486
345406
347089
347721
348024
348220
348328
349314
351750
354375
355493
356525
356757
360928
362047
364093
365662
365998
368819
369056
369134
370894
371130
371351
371519
371594
374662
375566
377829
378660
379387
379909
381422
382257
383370
384252
384481
384854
387516
388262
388290
389924
392600
393655
393944
395340
397333
398267
399084
399523
400429
400534
400788
402736
405085
409206
409458
411523
412128
412468
412947
414680
415135
416654
417604
418867
419269
419574
421085
421089
425029
426781
428193
428255
428322
428448
428530
431879
432852
434569
434997
436145
438687
438819
439394
440274
440783
440945
440947
441187
441300
443284
443789
443894
443952
444776
445876
446236
446416
447152
447698
449005
451133
453930
455085
455441
455921
456089
456299
456844
457533
458456
458982
461374
462392
463255
463964
465040
466085
467732
469948
470878
472102
473093
475045
476893
476904
477499
477774
477976
478328
480043
480495
481326
481769
483468
484301
484619
485877
487402
489312
489434
489577
489815
492622
494693
495743
496455
497172
499635
501254
503119
503136
505100
506298
506538
509809
510090
511738
512133
512295
512467
513048
513168
513995
514716
515073
517023
517180
518383
519356
524715
525135
525944
528583
529863
530205
531667
532299
533244
533858
536067
538398
539790
540770
544436
544962
546977
547411
547804
548155
549018
549074
549548
550077
550354
551081
551299
551651
552460
555616
555699
557790
558853
559840
559863
560113
560644
562788
564015
564371
565215
565753
566093
566924
567983
568665
570879
572602
575038
576087
577219
579258
580136
580728
581152
581584
582294
582644
582802
582821
585075
585762
586124
586288
586379
587494
588395
588639
592150
592870
592891
592945
593316
593932
594160
594925
595324
595585
599993
600127
600376
600520
600661
600701
603685
606842
607457
609180
610000
611314
612784
613719
613829
614466
615450
618730
619122
619696
620825
621265
624373
625021
625362
625539
625932
626368
629696
630154
632002
633209
634114
634603
635285
638122
638129
641076
642089
642729
643011
644498
645855
646339
648522
649089
649258
649406
650380
650635
650867
653486
654946
655408
656444
656503
656967
657951
659292
659467
659802
660757
660816
660966
661017
661515
665462
668007
668294
668844
669784
671062
671793
673037
674456
675005
677229
677370
679268
681711
683593
683656
683827
685384
685609
687672
687705
687959
688081
688170
690123
690908
691011
691182
691360
691378
693248
693308
693400
696263
696444
696741
697529
698199
698304
698564
700543
701095
702592
703177
705269
706100
706449
706955
707015
708817
709927
710417
710855
711518
712660
713981
715362
717327
722938
722966
723465
724492
724640
724938
726433
728877
729179
731211
733335
734565
735579
738615
739910
740755
744581
745246
746581
747629
747719
747824
750005
751888
754316
755419
756145
756605
757081
758138
758527
759030
759614
760076
760220
760271
760289
763694
764072
765066
765198
765313
766023
766642
767573
768124
768226
768525
770329
770536
770776
772225
773322
773590
775621
776553
777612
778203
778310
779370
782246
782987
783470
785542
785863
787171
787331
788365
788960
789078
791017
791682
793117
796655
798617
799055
799068
802061
802353
802720
804617
804986
805229
806102
806529
806925
807015
807862
808306
808496
808869
809538
810018
812435
814477
816074
816889
819552
822547
822607
822718
824935
826285
826684
828631
829360
832213
833104
833169
833283
833766
834069
834586
836764
837958
838844
839009
839143
839449
840556
841137
841263
841801
841951
843365
843391
843440
845651
846806
846872
847405
848083
850869
851247
851679
851691
853254
854647
854828
854992
859556
861430
863574
865520
865761
866199
867517
868180
870698
873048
873814
874797
875477
876324
876815
880904
881683
883317
884124
885351
888058
888664
889121
889436
890380
892283
893087
899079
899337
900563
901020
901142
901367
901437
902086
902128
902567
904604
904775
905094
905311
905432
908951
909157
909866
910020
911001
911392
911622
913686
913849
914074
914745
915049
916204
916874
917024
917258
917291
919234
919276
919423
919509
919998
920581
930320
930662
931677
934516
934813
935253
935631
936659
938471
938572
939668
940334
940641
940997
943304
944130
944375
945488
947898
948085
951354
951568
954223
955914
958236
958302
962204
962741
963796
964496
965530
965917
967515
968179
969364
969633
970182
972354
972499
974653
976354
976859
977393
978474
979044
979596
981306
981703
982800
983500
983841
986195
986576
987285
987459
987647
988276
988670
992585
996400
996456
996511
997414
998409
998464
999944
999989
