1000
0
861
1466
4426
6517
7253
7709
8886
11295
12077
12771
13841
14356
14965
15202
15571
17644
19111
19636
22821
24929
27317
27578
27956
28169
29038
29054
29542
30557
31260
32641
33813
37412
40090
40216
40241
41560
42878
43336
45854
45856
46649
47840
48241
50010
50245
50698
50905
51145
51420
57040
57631
57949
60956
61940
62883
63835
65332
65743
65756
66490
68346
68694
69557
70670
70828
70891
71452
74329
76825
80605
81428
81460
81715
82041
82057
82128
86435
88130
89986
91900
94154
94236
94731
95011
95307
97432
99056
100084
100189
100455
102899
104366
104722
104900
105326
107155
107850
108314
108975
109660
110130
112450
112734
112988
113657
114703
114840
115009
115498
115879
116432
116699
117817
118390
119317
121873
122334
124546
124971
126961
127295
127589
127831
129926
131715
131754
133550
134990
135596
135971
136115
136579
137576
138228
138648
140488
144013
144403
145037
145399
146596
147158
147279
147807
148099
150873
151867
152478
154291
154563
156332
156334
157097
157646
160730
160921
161846
162763
163104
164283
167349
167450
170191
170644
170975
171772
173246
175840
176707
177089
177229
177360
177781
179109
179473
179660
182420
182446
183769
183874
184030
185663
185953
186134
186575
187067
187579
188185
188430
188949
189266
190193
192615
192980
193941
194836
195982
197148
197243
197644
197773
199608
200783
202100
202336
202584
203207
204221
205217
206779
208938
208956
209014
209404
209692
209746
210754
210756
210938
212046
213034
218916
219993
220057
222675
224189
224454
224785
226308
226420
226666
230440
230562
232756
233655
233799
234649
235139
235605
237167
237170
237753
238374
238780
240914
242385
242498
243899
244799
248369
252230
252896
254072
256913
257319
258014
258167
259099
259917
260168
260286
261279
262109
263651
264953
266275
268085
268868
271507
272808
273001
277149
277728
278617
279158
279190
281117
281610
283057
283172
283829
284780
284987
289014
289102
289494
293556
293934
294197
294741
296729
296991
297174
298496
300374
300919
301061
305033
306055
307898
307927
308101
308177
308773
309009
309181
309648
310329
310369
311361
312292
313222
313289
314984
315181
315206
316460
318066
318549
319146
319554
324850
326663
326708
326927
326979
329735
329781
331778
332922
334335
334383
334641
336735
338019
339259
339753
340411
340432
343627
344153
344689
345567
345706
345832
345978
346943
346968
347675
348213
350650
351007
351424
351630
351958
352355
353314
353607
354152
354303
354726
356075
356579
356815
357086
358253
358876
360144
360155
361621
362778
363163
365837
366102
368302
369212
369620
370065
371239
372292
373578
375701
375741
376545
376619
377044
377325
378241
380261
383996
384232
385643
386042
389129
390805
394041
394495
394963
396343
396836
398451
398764
401171
401409
402250
402302
405955
408484
409290
409650
411185
412503
413027
413671
414727
415559
418986
419931
420530
420833
422751
423197
423609
423904
424124
425070
425439
429942
430620
431716
432432
432651
433428
434219
435058
435248
435367
436324
437001
438691
439065
440224
440366
440567
441638
442699
445994
447195
448254
449388
451571
452954
453070
454547
454790
455105
455299
456343
459172
461072
461346
464059
464440
465218
465557
466286
466352
467239
467428
467584
474380
474690
474817
476232
476375
477437
477764
479958
480457
483296
486098
486105
487613
489607
490962
496770
500509
500713
500800
501604
504568
504640
505114
505242
505536
507635
508513
508976
509648
509854
512010
512961
515020
515979
516367
516498
517147
517454
517577
518398
520702
521866
523762
524418
524793
527023
528801
530834
531255
535573
536015
536793
537092
537816
537934
538317
538848
540096
540942
541470
543991
544411
544875
546290
547082
547642
548395
549095
549210
550300
553926
554124
555917
555918
559498
560149
560164
560624
560917
561303
561714
562688
564056
565172
566536
567484
571858
572773
573034
573100
573115
573822
574616
575074
579707
584904
584992
587302
587563
588745
588887
589216
589290
590055
590140
590289
591487
593529
594919
595494
595495
596482
596600
597107
597785
597975
599540
600720
601317
601805
602809
604380
605680
607028
608450
608982
611817
615777
616866
616919
617811
617972
618384
618566
619581
620002
622273
623090
624796
625033
625304
625976
626201
626787
627237
627927
632340
634654
635012
635878
636289
636731
637310
637560
637754
637867
638594
639308
642424
642898
645109
646181
646797
646904
649142
649245
649700
650368
650499
651941
653127
653198
653240
654870
655909
656169
657401
657865
660695
660873
662526
664683
667026
668456
668616
672780
673093
674576
677472
679362
680319
680972
682526
683447
685190
686086
687414
690286
690532
690962
692394
693491
695170
697092
698500
699457
699464
699914
701329
701546
703002
703225
706843
708025
709230
709464
710583
711482
713155
715584
716532
717621
718189
718327
721261
722196
723242
723483
723509
725485
726960
728110
730572
730980
731989
737157
743577
743650
745005
745168
745256
748202
748501
749257
750047
751065
751323
752115
752466
754683
755570
756997
757792
758119
758398
761621
763298
764251
765156
767200
767518
768502
769661
770297
770412
771775
771971
772246
772638
772648
773055
773132
773517
773751
774283
775081
775250
775691
776611
777858
778456
780135
780989
781157
781206
782669
785447
785945
786847
787961
788127
789290
791241
791330
792430
793533
793648
793727
794139
795220
795665
797769
798727
799939
800577
801794
802173
802739
802931
803131
803134
803765
805127
810273
811269
811900
813113
813392
813859
814188
814770
815166
816456
817376
820756
822920
823539
826029
826904
827783
827877
829059
829703
829800
830075
830312
830460
830866
830964
831166
831962
832718
832884
834710
836244
836348
836446
836995
838836
838905
839403
839629
839716
841302
843603
845287
845999
846386
846728
846839
846938
848176
848262
848304
849877
850468
850981
850989
850992
851062
851072
852068
852219
852966
853302
854616
856014
856810
858068
858375
858954
859610
860572
860738
861295
861432
863261
863890
866788
867689
867917
868437
871136
871527
873717
877969
878086
880127
880607
881563
881800
883161
884651
885647
885725
886351
886817
886991
888066
890214
891119
892737
893774
896272
896278
898006
898009
898141
898704
899128
900373
902163
903300
905561
906605
907105
907885
909472
911103
911622
912117
912219
912364
912398
913508
913590
915984
916489
918631
919912
920577
922446
922760
924122
925922
925950
926576
926640
927607
928984
929720
930227
932396
934214
934845
934922
935383
937796
938328
938355
939503
939683
942477
943198
945186
947569
947876
947998
948252
949013
950434
951409
951447
951478
952736
953265
953378
953712
955702
956321
960295
960958
961189
961375
962461
963609
964060
967110
967114
967980
968370
968503
969552
970023
970177
971172
971625
973503
973650
973765
974549
974989
976155
976424
976645
977012
978268
978754
979319
981382
982370
984474
985311
985867
986125
986619
987623
988453
989673
991161
992447
992950
995058
995902
997305
997745
998140
998654
1000000
