1000
0
24
433
833
1432
3541
4247
7512
12568
15243
16023
16036
16685
17552
18247
18285
20093
21958
23251
23426
25026
25636
26210
27194
27248
29126
29871
30620
33089
33145
33384
35185
36203
36291
37830
37892
39353
39862
40979
41849
43364
44063
46187
47620
48521
49305
49320
50621
50979
51863
52293
52652
52761
53391
54607
54994
55279
57353
57361
58895
60438
61612
62254
62572
65554
66673
70897
72195
74764
76314
76699
77055
77456
77537
78460
80729
81637
81783
82992
83991
84684
85031
85967
86241
87762
88337
89545
89801
89907
90154
92376
95481
95712
98041
98244
98363
98742
99220
99598
102116
102268
102323
107596
107744
108180
109202
110463
111357
112168
112834
113830
115056
116777
117278
117465
118821
119158
120786
120950
121596
125633
126188
126797
128535
128626
130369
133261
133396
133708
134035
134977
135112
135768
136212
137674
137809
138352
138830
138891
139649
141112
141239
141579
142983
143179
145361
149489
151506
151933
153036
154182
154377
155164
155455
156287
156611
157868
159069
160786
160936
161195
161345
162483
162917
165795
166758
168299
169730
171082
171282
172183
178004
178958
179906
180782
182575
182623
183609
184251
184500
186236
186375
187004
187040
187826
188625
188958
190499
193146
194584
195837
195895
198772
199486
201343
202012
203409
204313
204380
204897
206561
206704
207001
208175
209279
210645
211117
213113
213300
214108
215589
215994
216357
216883
217051
218957
220333
220627
220824
221231
223930
225202
227458
227816
228511
229545
229865
230782
231344
231614
232485
232916
233378
233821
234827
235034
235489
236200
237321
237511
237523
237730
238112
238841
240761
242260
242457
242495
244732
245352
246259
247207
249320
249381
249599
249966
250214
250239
251005
252091
253111
253794
255108
255718
259767
259900
260369
260479
260810
262129
264262
265051
267609
267939
268411
269086
269255
270231
272083
272128
274070
275891
276627
276804
277178
281029
281064
282471
283284
285615
286015
286431
286542
287247
287506
288405
289937
290595
293267
296188
297305
298361
302138
303435
303857
304217
304443
305093
306508
306585
307285
308299
309359
309925
311410
311846
312195
312253
313418
313774
316739
316889
317237
318415
318451
319444
320692
320928
321858
321973
322127
322265
324563
324706
324778
324927
325035
326120
326137
326344
328091
328420
329326
329993
330107
330616
331430
333621
336306
336559
336812
336939
337616
337926
338751
341009
341759
342350
343097
343871
344307
345203
345238
345326
346221
346781
347110
348448
348524
348860
349862
351671
352246
352547
353268
357061
357516
357727
357812
358678
359856
362333
365125
366124
366515
367423
367566
368048
369830
373231
374931
376031
380096
380650
380925
383597
384752
386398
387122
389015
389554
391033
391139
391463
391815
393780
395092
395306
396186
396872
397582
402428
402723
402970
403437
404835
406193
406781
407057
408072
409171
410329
410576
410662
413841
414208
420916
421483
421989
423790
424649
426648
426744
428173
428779
429765
430050
430250
432572
433563
433825
434860
434899
435080
435342
436480
436917
437252
440023
443243
444227
444889
446688
446767
451363
452210
453499
454205
455540
459663
462380
462675
463985
464952
466172
466845
467874
468606
469154
469403
470733
471314
473587
473854
474602
474609
474684
475820
476004
476032
479155
479601
480787
481035
482034
483671
484265
484817
485183
486003
486540
489502
491019
491552
496084
497035
498531
499706
500195
500401
500848
501459
504064
504298
504452
505003
506118
506906
508781
510007
510715
511141
512434
513797
514472
516674
519034
519564
519659
519711
520992
521140
522134
523483
523953
524584
525644
526087
526150
526158
526860
527420
527746
529608
535676
536914
537770
538975
539486
540940
541053
541061
541354
547445
549325
549675
550079
550463
551868
553358
554540
556405
557458
557791
558622
559245
560696
560881
561229
563322
564267
565416
565431
565540
565856
566951
568256
568567
570325
570551
570815
570989
571008
572863
573681
575125
576627
579629
580871
581568
583587
583902
586884
587607
592390
592777
592802
594168
596799
596954
597431
598785
600405
601050
604494
604601
612470
612502
613233
613403
614139
614451
616225
616497
616625
616653
617662
617959
618524
618536
618667
619960
620249
621057
621566
622782
624134
624345
624693
625075
625955
626405
626555
626922
629440
629997
631879
633777
634080
634557
636826
637434
637919
638899
639175
639341
639675
641523
641768
642081
642757
642865
643813
644969
646461
648011
648024
648511
648785
649916
650110
650995
651283
652144
653717
654970
656784
658615
659328
659711
666361
666840
666879
666996
669655
670264
671023
671548
673006
674943
675177
676128
677480
678308
678947
680199
680610
680973
681283
681889
681947
682327
684792
686252
686793
687461
688102
688539
689712
690051
690312
694247
696646
696844
696849
697763
699092
700414
706479
706804
710949
711467
711610
711740
712038
712275
712335
713943
715059
716510
717148
717909
719046
719574
723338
725378
725925
727283
728281
729843
730468
730480
732701
733195
733303
733465
733895
734893
736239
736859
737644
738899
740662
740908
742876
743727
745034
745387
747016
748341
749423
750282
751455
751506
753820
755562
757162
757298
758327
759188
759941
762927
763130
763674
763804
764195
765149
767570
767970
769092
771018
772477
772713
772791
772987
776261
780522
781411
781866
783116
783150
783797
786336
786471
787645
790430
790973
791993
794681
796037
796146
796935
799733
799836
799971
800814
802882
805842
806146
806208
807766
808947
810964
811123
812633
812775
814190
815477
815781
818346
820244
821434
823128
823552
823863
824529
825129
825148
826822
826838
827686
829719
832866
833404
833412
837675
838146
838241
839314
840906
841760
841804
843006
843038
843897
845217
846112
847686
850112
850553
851354
852137
852498
852506
852580
854442
855402
856540
856607
857673
857882
858490
859320
860065
860942
861352
861482
861499
863249
863390
863436
863930
865513
865934
866404
866873
868864
869078
870107
870334
872441
872805
874149
874248
874476
874703
875334
875745
876957
877961
879373
880952
881085
881598
883802
885066
885444
885807
885915
886171
888480
890558
890711
890901
891102
896884
897085
897363
897791
901659
902817
903547
903968
903980
904577
905218
905563
906692
907016
907759
907773
907890
908966
909896
911277
913382
915459
915876
918281
918430
921041
921071
922609
923525
923787
924008
924193
924667
924684
925521
925611
926187
926401
926794
927034
928570
929079
929147
929955
930728
931471
931560
931880
934386
934607
935809
936119
936623
938073
938630
942612
943966
944658
945678
948265
949261
952997
953111
953337
956319
956409
957558
959536
960396
961251
962892
965346
965929
966324
966395
967588
967668
968274
968387
970704
971207
971526
973116
973282
974415
976575
976661
979121
979174
979666
981280
981928
982960
985127
985380
985487
986093
986562
986974
987130
987291
988386
989530
990455
991118
992199
992702
993511
997395
998630
999031
999211
999790
999905
1000000
