2000 1999
1310 1631
1310 1537
1310 1705
1310 1308
1310 1353
1310 1132
1310 1137
1310 1754
1310 882
1310 414
1310 111
1310 1153
1310 39
1310 714
1310 1904
1310 636
1310 1475
1310 1922
1310 1550
1310 1212
1310 1010
1310 721
1310 680
1310 1255
1310 648
1310 1554
1310 1436
1310 475
1310 396
1310 1138
1310 342
1310 464
1310 1225
1310 1548
1310 1395
1310 1905
1310 1036
1310 377
1310 1025
1310 1611
1310 1092
1310 1389
1310 1749
1310 795
1310 1967
1310 1952
1310 1647
1310 916
1310 237
1310 1479
1310 494
1310 1487
1310 374
1310 828
1310 1565
1310 906
1310 270
1310 1626
1310 1405
1310 1886
1310 1724
1310 281
1310 1592
1310 1258
1310 1155
1310 350
1310 1567
1310 1450
1310 1265
1310 384
1310 1498
1310 1176
1310 593
1310 1387
1310 1292
1310 120
1310 541
1310 1618
1310 911
1310 693
1310 402
1310 1388
1310 1927
1310 800
1310 1790
1310 520
1310 748
1310 1996
1310 1143
1310 1903
1310 443
1310 914
1310 1419
1310 1401
1310 313
1310 549
1310 1269
1310 201
1310 605
1310 821
1310 551
1310 407
1310 325
1310 825
1310 1815
1310 1881
1310 1623
1310 1404
1310 1211
1310 289
1310 290
1310 152
1310 1140
1310 1097
1310 1876
1310 391
1310 492
1310 518
1310 1275
1310 607
1310 1124
1310 203
1310 968
1310 312
1310 638
1310 504
1310 614
1310 1921
1310 1399
1310 932
1310 411
1310 356
1310 1094
1310 1057
1310 112
1310 801
1310 450
1310 337
1310 1437
1310 1757
1310 1664
1310 1015
1310 216
1310 903
1310 738
1310 863
1310 1348
1310 1956
1310 1993
1310 1372
1310 702
1310 864
1310 1898
1310 1890
1310 771
1310 453
1310 1093
1310 103
1310 227
1310 1557
1310 23
1310 1672
1310 1466
1310 1751
1310 1878
1310 550
1310 556
1310 1821
1310 661
1310 777
1310 1250
1310 1546
1310 355
1310 1932
1310 1636
1310 1307
1310 1412
1310 1050
1310 984
1310 1199
1310 352
1310 571
1310 1518
1310 1371
1310 1945
1310 626
1310 195
1310 1049
1310 1239
1310 75
1310 523
1310 1600
1310 1065
1310 1129
1310 239
1310 1839
1310 778
1310 1572
1310 514
1310 1039
1310 1541
1310 1761
1310 248
1310 454
1310 1792
1310 1862
1310 646
1310 1909
1310 885
1310 1556
1310 155
1310 218
1310 545
1310 151
1310 1899
1310 1081
1310 678
1310 717
1310 1442
1310 87
1310 126
1310 1332
1310 79
1310 799
1310 521
1310 1393
1310 1053
1310 27
1310 1151
1310 1803
1310 95
1310 3
1310 279
1310 1977
1310 1460
1310 744
1310 219
1310 542
1310 1512
1310 525
1310 1230
1310 1390
1310 1222
1310 1677
1310 320
1310 1032
1310 168
1310 822
1310 180
1310 1422
1310 883
1310 1652
1310 929
1310 1366
1310 1529
1310 387
1310 813
1310 574
1310 1363
1310 1273
1310 1585
1310 228
1310 365
1310 765
1310 921
1310 807
1310 311
1310 1346
1310 204
1310 43
1310 1808
1310 1126
1310 1167
1310 1267
1310 1920
1310 1453
1310 1454
1310 379
1310 1170
1310 418
1310 1226
1310 1181
1310 1035
1310 955
1310 1841
1310 58
1310 401
1310 309
1310 1178
1310 1895
1310 354
1310 943
1310 848
1310 433
1310 694
1310 940
1310 1426
1310 1668
1310 1620
1310 1480
1310 1294
1310 953
1310 1579
1310 736
1310 600
1310 1883
1310 1617
1310 221
1310 1946
1310 1210
1310 1179
1310 1524
1310 38
1310 1639
1310 695
1310 305
1310 1192
1310 1825
1310 866
1310 1762
1310 162
1310 1493
1310 608
1310 1958
1310 1950
1310 172
1310 357
1310 378
1310 1040
1310 1101
1310 1598
1310 1098
1310 382
1310 1770
1310 982
1310 1202
1310 1418
1310 1131
1310 1820
1310 1004
1310 410
1310 1521
1310 1593
1310 99
1310 913
1310 920
1310 459
1310 1632
1310 1467
1310 697
1310 1312
1310 1725
1310 1313
1310 376
1310 729
1310 1681
1310 846
1310 153
1310 557
1310 1293
1310 63
1310 456
1310 1123
1310 776
1310 1558
1310 787
1310 1997
1310 677
1310 404
1310 107
1310 429
1310 159
1310 266
1310 999
1310 230
1310 1445
1310 1738
1310 869
1310 1456
1310 135
1310 306
1310 1037
1310 1125
1310 105
1310 829
1310 572
1310 604
1310 1855
1310 300
1310 1285
1310 175
1310 690
1310 1472
1310 145
1310 1650
1310 1736
1310 498
1310 1944
1310 1358
1310 1968
1310 1324
1310 190
1310 926
1310 1079
1310 1052
1310 654
1310 225
1310 1978
1310 473
1310 1750
1310 1937
1310 615
1310 808
1310 660
1310 1843
1310 533
1310 1078
1310 1831
1310 559
1310 431
1310 215
1310 60
1310 329
1310 487
1310 1911
1310 1177
1310 421
1310 1930
1310 1500
1310 993
1310 973
1310 327
1310 786
1310 612
1310 1465
1310 436
1310 495
1310 565
1310 1590
1310 255
1310 887
1310 737
1310 1943
1310 1695
1310 1233
1310 793
1310 1699
1310 1974
1310 1832
1310 1300
1310 1722
1310 989
1310 1027
1310 74
1310 1024
1310 232
1310 980
1310 1861
1310 1816
1310 1073
1310 1354
1310 344
1310 707
1310 1753
1310 1759
1310 688
1310 1357
1310 1076
1310 659
1310 1589
1310 1931
1310 403
1310 30
1310 1430
1310 1013
1310 1005
1310 1536
1310 1670
1310 656
1310 1085
1310 1527
1310 483
1310 1468
1310 893
1310 1491
1310 1976
1310 727
1310 1439
1310 1739
1310 1531
1310 835
1310 757
1310 1278
1310 1666
1310 1501
1310 1619
1310 226
1310 1200
1310 1196
1310 785
1310 117
1310 1622
1310 217
1310 89
1310 930
1310 448
1310 851
1310 370
1310 1577
1310 1231
1310 243
1310 1912
1310 1961
1310 849
1310 254
1310 665
1310 573
1310 970
1310 1352
1310 691
1310 196
1310 1356
1310 845
1310 1447
1310 1748
1310 430
1310 582
1310 1667
1310 1482
1310 21
1310 1087
1310 1476
1310 1612
1310 732
1310 206
1310 971
1310 817
1310 1488
1310 788
1310 775
1310 620
1310 897
1310 28
1310 708
1310 423
1310 160
1310 359
1310 154
1310 76
1310 361
1310 1141
1310 1917
1310 561
1310 1880
1310 278
1310 1970
1310 1646
1310 1665
1310 938
1310 1746
1310 803
1310 1641
1310 907
1310 1403
1310 1998
1310 1908
1310 633
1310 92
1310 712
1310 540
1310 1663
1310 1960
1310 1651
1310 1793
1310 1934
1310 1718
1310 1989
1310 1364
1310 425
1310 1692
1310 1985
1310 886
1310 229
1310 783
1310 465
1310 1474
1310 841
1310 594
1310 413
1310 1951
1310 1402
1310 1973
1310 1877
1310 1658
1310 445
1310 44
1310 1719
1310 942
1310 873
1310 627
1310 137
1310 617
1310 302
1310 1941
1310 1711
1310 56
1310 1163
1310 1251
1310 343
1310 497
1310 1344
1310 686
1310 685
1310 954
1310 1687
1310 1955
1310 1772
1310 1534
1310 946
1310 1305
1310 512
1310 1303
1310 579
1310 624
1310 865
1310 1127
1310 637
1310 1047
1310 251
1310 710
1310 188
1310 529
1310 171
1310 703
1310 1206
1310 321
1310 1471
1310 1414
1310 977
1310 167
1310 390
1310 1948
1310 1551
1310 762
1310 1232
1310 951
1310 90
1310 1595
1310 1763
1310 567
1310 1860
1310 797
1310 1919
1310 704
1310 470
1310 987
1310 833
1310 1764
1310 1042
1310 1259
1310 589
1310 740
1310 1888
1310 781
1310 194
1310 1341
1310 1673
1310 908
1310 1481
1310 398
1310 915
1310 1591
1310 4
1310 728
1310 962
1310 1423
1310 536
1310 184
1310 285
1310 1782
1310 1215
1310 1016
1310 24
1310 1774
1310 798
1310 1836
1310 2
1310 1624
1310 645
1310 156
1310 435
1310 652
1310 621
1310 1326
1310 439
1310 1505
1310 66
1310 18
1310 1268
1310 1580
1310 432
1310 635
1310 466
1310 1690
1310 1506
1310 1975
1310 998
1310 1383
1310 959
1310 468
1310 682
1310 1543
1310 1190
1310 1054
1310 165
1310 193
1310 93
1310 967
1310 1869
1310 242
1310 113
1310 564
1310 1766
1310 689
1310 1863
1310 538
1310 499
1310 11
1310 1656
1310 1489
1310 1193
1310 310
1310 478
1310 50
1310 441
1310 508
1310 1484
1310 1838
1310 54
1310 505
1310 1682
1310 1168
1310 1940
1310 901
1310 881
1310 474
1310 1274
1310 854
1310 1473
1310 684
1310 905
1310 202
1310 1169
1310 265
1310 434
1310 116
1310 790
1310 1336
1310 1041
1310 388
1310 715
1310 1072
1310 683
1310 1809
1310 1504
1310 811
1310 1316
1310 1858
1310 1227
1310 1533
1310 1962
1310 759
1310 177
1310 733
1310 1717
1310 467
1310 1280
1310 115
1310 457
1310 148
1310 1135
1310 1535
1310 1323
1310 1443
1310 223
1310 752
1310 447
1310 1497
1310 1377
1310 724
1310 84
1310 341
1310 1245
1310 1654
1310 1508
1310 1870
1310 806
1310 94
1310 415
1310 583
1310 134
1310 988
1310 1379
1310 247
1310 1311
1310 371
1310 381
1310 493
1310 1492
1310 1728
1310 758
1310 1561
1310 671
1310 1745
1310 1262
1310 1194
1310 902
1310 1130
1310 1826
1310 1008
1310 1295
1310 273
1310 1901
1310 1051
1310 558
1310 761
1310 1875
1310 618
1310 20
1310 1448
1310 307
1310 1609
1310 791
1310 716
1310 860
1310 1229
1310 1183
1310 1104
1310 1410
1310 629
1310 336
1310 1702
1310 197
1310 1327
1310 1319
1310 1299
1310 755
1310 923
1310 610
1310 928
1310 45
1310 1502
1310 1594
1310 1542
1310 277
1310 912
1310 1086
1310 1773
1310 515
1310 1703
1310 1539
1310 1095
1310 110
1310 1234
1310 1706
1310 1576
1310 1145
1310 269
1310 996
1310 16
1310 1360
1310 1182
1310 578
1310 1329
1310 655
1310 25
1310 1915
1310 49
1310 577
1310 264
1310 1120
1310 709
1310 544
1310 424
1310 726
1310 983
1310 1642
1310 756
1310 318
1310 1365
1310 1171
1310 1256
1310 1184
1310 1152
1310 406
1310 1552
1310 734
1310 524
1310 663
1310 1413
1310 1727
1310 742
1310 581
1310 2000
1310 314
1310 1345
1310 630
1310 1966
1310 1678
1310 1789
1310 1128
1310 570
1310 109
1310 283
1310 1091
1310 899
1310 1376
1310 158
1310 681
1310 935
1310 1421
1310 1892
1310 1373
1310 444
1310 1726
1310 772
1310 653
1310 1198
1310 1696
1310 375
1310 1464
1310 601
1310 233
1310 1059
1310 61
1310 1115
1310 333
1310 426
1310 51
1310 1586
1310 922
1310 1485
1310 1045
1310 1375
1310 1776
1310 644
1310 1779
1310 1088
1310 1110
1310 1979
1310 1778
1310 1661
1310 1279
1310 1707
1310 976
1310 580
1310 48
1310 588
1310 91
1310 649
1310 1913
1310 596
1310 1575
1310 944
1310 15
1310 1243
1310 1578
1310 576
1310 181
1310 86
1310 1509
1310 859
1310 1162
1310 1284
1310 1017
1310 1333
1310 595
1310 13
1310 1205
1310 420
1310 1990
1310 562
1310 139
1310 1012
1310 585
1310 1175
1310 1659
1310 249
1310 1435
1310 1984
1310 128
1310 1148
1310 1034
1310 348
1310 481
1310 267
1310 1083
1310 1105
1310 900
1310 1893
1310 1935
1310 1029
1310 205
1310 185
1310 142
1310 880
1310 291
1310 81
1310 820
1310 1987
1310 114
1310 958
1310 500
1310 1972
1310 1545
1310 416
1310 1209
1310 1347
1310 1114
1310 322
1310 1610
1310 1980
1310 831
1310 257
1310 1965
1310 241
1310 741
1310 438
1310 1540
1310 501
1310 297
1310 587
1310 1995
1310 1584
1310 1708
1310 315
1310 1144
1310 839
1310 451
1310 22
1310 59
1310 1700
1310 1785
1310 1306
1310 1605
1310 143
1310 6
1310 699
1310 1894
1310 1213
1310 511
1310 1188
1310 746
1310 1408
1310 623
1310 37
1310 1882
1310 766
1310 679
1310 1361
1310 1244
1310 1627
1310 328
1310 641
1310 1982
1310 1514
1310 1710
1310 1119
1310 1942
1310 1515
1310 1282
1310 1287
1310 1510
1310 1113
1310 1499
1310 826
1310 767
1310 287
1310 1657
1310 369
1310 1910
1310 1106
1310 613
1310 463
1310 46
1310 963
1310 725
1310 510
1310 782
1310 1477
1310 687
1310 1007
1310 507
1310 701
1310 1011
1310 1805
1310 366
1310 1107
1310 100
1310 964
1310 948
1310 69
1310 353
1310 949
1310 104
1310 422
1310 1440
1310 1370
1310 1729
1310 858
1310 640
1310 1158
1310 198
1310 1062
1310 17
1310 340
1310 1603
1310 1058
1310 138
1310 1019
1310 1924
1310 1564
1310 1691
1310 1002
1310 1693
1310 9
1310 933
1310 363
1310 1134
1310 1220
1310 85
1310 1451
1310 1733
1310 666
1310 293
1310 502
1310 647
1310 609
1310 1519
1310 539
1310 1001
1310 747
1310 985
1310 1986
1310 834
1310 1840
1310 1444
1310 1949
1310 990
1310 440
1310 1640
1310 1090
1310 1164
1310 1780
1310 1349
1310 1425
1310 1446
1310 719
1310 1142
1310 1788
1310 496
1310 52
1310 997
1310 106
1310 720
1310 815
1310 42
1310 476
1310 1055
1310 1734
1310 1111
1310 532
1310 1801
1310 1523
1310 1814
1310 275
1310 1555
1310 526
1310 1315
1310 164
1310 14
1310 234
1310 1897
1310 1834
1310 1563
1310 1457
1310 173
1310 994
1310 1704
1310 669
1310 668
1310 183
1310 1071
1310 1317
1310 1084
1310 1038
1310 1362
1310 1889
1310 1060
1310 1014
1310 1758
1310 718
1310 349
1310 531
1310 368
1310 1796
1310 1068
1310 1616
1310 1000
1310 338
1310 1378
1310 1020
1310 1671
1310 458
1310 751
1310 796
1310 317
1310 622
1310 1768
1310 284
1310 1712
1310 1784
1310 1634
1310 1731
1310 1386
1310 527
1310 1525
1310 871
1310 214
1310 878
1310 1544
1310 1189
1310 1218
1310 73
1310 1064
1310 123
1310 1149
1310 643
1310 1964
1310 408
1310 166
1310 952
1310 966
1310 40
1310 472
1310 1885
1310 824
1310 182
1310 1266
1310 118
1310 1432
1310 122
1310 876
1310 1884
1310 877
1310 373
1310 1756
1310 1781
1310 1263
1310 1026
1310 1848
1310 1988
1310 274
1310 1434
1310 910
1310 1829
1310 1281
1310 282
1310 1077
1310 1067
1310 339
1310 1322
1310 1276
1310 301
1310 1350
1310 754
1310 843
1310 1528
1310 252
1310 1219
1310 1483
1310 250
1310 256
1310 713
1310 516
1310 672
1310 1286
1310 1522
1310 1938
1310 149
1310 662
1310 1811
1310 102
1310 1507
1310 1530
1310 1241
1310 934
1310 131
1310 569
1310 88
1310 1261
1310 1462
1310 1191
1310 1396
1310 222
1310 1769
1310 1842
1310 210
1310 1925
1310 1254
1310 1638
1310 1228
1310 995
1310 1082
1310 750
1310 298
1310 1359
1310 1503
1310 335
1310 1853
1310 437
1310 367
1310 1928
1310 1314
1310 1900
1310 1596
1310 696
1310 957
1310 191
1310 482
1310 231
1310 1066
1310 1689
1310 12
1310 1339
1310 895
1310 919
1310 449
1310 1122
1310 417
1310 1629
1310 209
1310 199
1310 1173
1310 1676
1310 127
1310 132
1310 1835
1310 41
1310 1795
1310 827
1310 62
1310 170
1310 1342
1310 769
1310 1767
1310 975
1310 818
1310 1328
1310 1760
1310 207
1310 535
1310 1513
1310 1208
1310 1538
1310 1289
1310 789
1310 1907
1310 471
1310 1547
1310 1906
1310 1741
1310 141
1310 773
1310 1798
1310 1172
1310 1568
1310 1277
1310 480
1310 992
1310 1846
1310 764
1310 1428
1310 161
1310 1794
1310 491
1310 1490
1310 1868
1310 1260
1310 986
1310 212
1310 1566
1310 324
1310 947
1310 146
1310 830
1310 1355
1310 768
1310 129
1310 1470
1310 1571
1310 1660
1310 611
1310 479
1310 1044
1310 272
1310 1334
1310 1685
1310 1969
1310 1459
1310 1747
1310 1217
1310 1981
1310 1186
1310 36
1310 1257
1310 1971
1310 1648
1310 1146
1310 1102
1310 745
1310 1824
1310 563
1310 1709
1310 364
1310 32
1310 853
1310 1337
1310 939
1310 673
1310 1136
1310 1325
1310 1807
1310 547
1310 1089
1310 147
1310 1236
1310 700
1310 224
1310 1409
1310 503
1310 1185
1310 1923
1310 189
1310 1851
1310 1427
1310 619
1310 294
1310 1822
1310 517
1310 792
1310 844
1310 1033
1310 1023
1310 462
1310 1264
1310 1180
1310 722
1310 452
1310 140
1310 446
1310 1248
1310 927
1310 1914
1310 77
1310 1582
1310 1070
1310 1827
1310 780
1310 1103
1310 280
1310 1573
1310 651
1310 1166
1310 991
1310 639
1310 819
1310 1429
1310 546
1310 1684
1310 802
1310 706
1310 1031
1310 891
1310 33
1310 602
1310 1752
1310 485
1310 1298
1310 1207
1310 395
1310 1380
1310 1701
1310 1630
1310 560
1310 442
1310 1694
1310 1195
1310 1187
1310 553
1310 1560
1310 1046
1310 1331
1310 351
1310 575
1310 213
1310 1496
1310 68
1310 1553
1310 1850
1310 1562
1310 528
1310 936
1310 1713
1310 1420
1310 65
1310 1813
1310 319
1310 1520
1310 1799
1310 1786
1310 1873
1310 1003
1310 753
1310 55
1310 1852
1310 674
1310 101
1310 1201
1310 1871
1310 1916
1310 427
1310 534
1310 1368
1310 513
1310 784
1310 872
1310 1817
1310 1715
1310 1791
1310 1242
1310 1338
1310 130
1310 78
1310 590
1310 1382
1310 1953
1310 1891
1310 568
1310 208
1310 1742
1310 1818
1310 1716
1310 965
1310 961
1310 1272
1310 461
1310 428
1310 836
1310 890
1310 1887
1310 1933
1310 1602
1310 1735
1310 956
1310 1856
1310 477
1310 1458
1310 236
1310 245
1310 1559
1310 1394
1310 852
1310 979
1310 1270
1310 133
1310 917
1310 850
1310 1765
1310 262
1310 739
1310 1203
1310 19
1310 1864
1310 924
1310 1424
1310 276
1310 1783
1310 1392
1310 1857
1310 664
1310 1108
1310 1918
1310 1662
1310 978
1310 705
1310 1117
1310 779
1310 326
1310 72
1310 460
1310 412
1310 469
1310 1340
1310 591
1310 1271
1310 380
1310 909
1310 969
1310 238
1310 867
1310 972
1310 1653
1310 837
1310 400
1310 1849
1310 136
1310 1159
1310 941
1310 360
1310 1165
1310 1452
1310 304
1310 34
1310 179
1310 770
1310 1637
1310 1022
1310 1628
1310 1156
1310 70
1310 394
1310 292
1310 1588
1310 658
1310 31
1310 743
1310 288
1310 455
1310 1669
1310 1614
1310 1431
1310 409
1310 1606
1310 1369
1310 1621
1310 1288
1310 810
1310 67
1310 1806
1310 1121
1310 244
1310 1688
1310 1991
1310 1859
1310 1321
1310 150
1310 1828
1310 419
1310 1777
1310 253
1310 1351
1310 598
1310 296
1310 1583
1310 1959
1310 1343
1310 555
1310 840
1310 1048
1310 1461
1310 749
1310 1845
1310 894
1310 235
1310 1109
1310 1775
1310 29
1310 1398
1310 1080
1310 1957
1310 246
1310 809
1310 1384
1310 1028
1310 1247
1310 1112
1310 805
1310 486
1310 1837
1310 211
1310 974
1310 862
1310 1486
1310 1674
1310 1526
1310 383
1310 1929
1310 1417
1310 1221
1310 631
1310 1253
1310 1740
1310 1723
1310 346
1310 1833
1310 35
1310 1549
1310 362
1310 1683
1310 271
1310 530
1310 98
1310 1854
1310 670
1310 1604
1310 1867
1310 178
1310 64
1310 1830
1310 1214
1310 937
1310 861
1310 316
1310 1999
1310 1063
1310 1633
1310 1655
1310 1755
1310 1608
1310 260
1310 931
1310 522
1310 1587
1310 1099
1310 308
1310 667
1310 186
1310 1516
1310 82
1310 96
1310 812
1310 1874
1310 1644
1310 1302
1310 1154
1310 334
1310 960
1310 490
1310 874
1310 1411
1310 884
1310 981
1310 1963
1310 125
1310 888
1310 97
1310 692
1310 537
1310 1018
1310 1607
1310 1812
1310 1625
1310 1511
1310 1844
1310 1866
1310 108
1310 1118
1310 1330
1310 1249
1310 295
1310 1438
1310 286
1310 1397
1310 1139
1310 1601
1310 1150
1310 1771
1310 187
1310 566
1310 548
1310 642
1310 119
1310 1802
1310 676
1310 261
1310 268
1310 174
1310 616
1310 1635
1310 1061
1310 519
1310 1433
1310 1721
1310 1574
1310 1161
1310 1246
1310 1320
1310 345
1310 1367
1310 1216
1310 1698
1310 1469
1310 1416
1310 554
1310 586
1310 26
1310 1100
1310 552
1310 1
1310 1197
1310 10
1310 1714
1310 71
1310 1613
1310 1290
1310 1865
1310 898
1310 397
1310 1407
1310 358
1310 1686
1310 1478
1310 1074
1310 1570
1310 1947
1310 385
1310 1309
1310 1224
1310 331
1310 1680
1310 1030
1310 592
1310 711
1310 814
1310 1223
1310 870
1310 1983
1310 200
1310 628
1310 731
1310 1615
1310 1494
1310 1992
1310 1056
1310 1174
1310 698
1310 1455
1310 303
1310 1385
1310 1744
1310 597
1310 1147
1310 774
1310 258
1310 1043
1310 121
1310 1235
1310 1449
1310 1400
1310 823
1310 124
1310 1994
1310 192
1310 1819
1310 1730
1310 763
1310 1304
1310 760
1310 80
1310 625
1310 1581
1310 1160
1310 1252
1310 1597
1310 857
1310 1009
1310 1697
1310 1823
1310 650
1310 393
1310 347
1310 1732
1310 1517
1310 584
1310 176
1310 1643
1310 1599
1310 634
1310 1743
1310 816
1310 8
1310 405
1310 599
1310 904
1310 169
1310 603
1310 892
1310 1936
1310 918
1310 299
1310 606
1310 675
1310 838
1310 1645
1310 1737
1310 1675
1310 1463
1310 1240
1310 386
1310 1374
1310 1133
1310 1238
1310 945
1310 1237
1310 1896
1310 735
1310 1804
1310 1204
1310 856
1310 57
1310 657
1310 389
1310 1075
1310 332
1310 1335
1310 1800
1310 144
1310 53
1310 1649
1310 509
1310 399
1310 1926
1310 875
1310 1291
1310 1720
1310 868
1310 1441
1310 1157
1310 1679
1310 879
1310 240
1310 323
1310 925
1310 543
1310 847
1310 330
1310 1787
1310 1797
1310 1495
1310 1569
1310 157
1310 488
1310 632
1310 259
1310 950
1310 1415
1310 1532
1310 1847
1310 832
1310 723
1310 5
1310 1283
1310 83
1310 1902
1310 1296
1310 1406
1310 804
1310 1318
1310 1879
1310 896
1310 1954
1310 1096
1310 1301
1310 1021
1310 1297
1310 489
1310 484
1310 7
1310 842
1310 730
1310 1872
1310 794
1310 372
1310 263
1310 220
1310 47
1310 506
1310 855
1310 889
1310 392
1310 1116
1310 1391
1310 1939
1310 163
1310 1069
1310 1810
1310 1381
1310 1006
898
339
102
332
981
510
991
944
552
901
360
657
479
577
474
424
547
343
774
399
251
506
71
336
427
897
101
257
822
219
801
697
725
796
845
693
515
142
10
616
663
571
121
291
414
531
995
471
428
365
460
568
965
366
743
296
961
127
506
192
459
665
163
852
738
342
811
733
538
799
903
788
608
209
83
261
714
751
99
934
492
866
981
386
553
475
99
642
233
317
472
274
353
388
102
866
872
850
158
536
745
640
70
542
172
568
166
880
445
420
9
64
355
493
382
371
232
618
886
33
928
619
609
928
871
99
663
487
687
750
642
663
769
388
171
794
294
549
481
714
672
492
509
964
177
684
701
383
639
814
96
55
163
259
92
340
976
449
167
259
678
147
999
577
352
612
313
109
946
666
310
149
581
890
176
941
381
852
797
109
475
617
583
334
491
864
884
310
704
181
655
929
353
328
81
245
408
547
661
917
47
371
60
120
490
254
668
753
661
647
831
682
732
605
191
66
233
93
104
994
139
647
384
702
185
230
70
116
283
168
655
210
457
578
821
767
25
792
84
973
500
355
238
812
767
823
388
87
483
637
307
635
815
243
200
637
499
926
978
860
889
773
994
430
371
167
489
889
422
28
850
690
397
625
574
778
416
266
102
719
29
627
446
598
335
883
527
802
54
55
492
799
555
707
883
817
503
651
949
174
630
294
922
796
144
171
401
864
128
362
120
60
45
442
505
856
596
433
738
109
311
497
973
683
50
788
196
519
193
974
913
962
460
868
652
408
64
593
628
548
386
19
296
214
893
843
940
488
589
30
732
80
539
130
77
62
150
907
259
795
262
849
552
697
117
535
653
590
528
236
389
994
620
26
455
161
22
150
124
790
390
152
836
31
909
954
114
373
961
314
57
996
940
799
727
18
905
331
965
793
127
35
218
166
944
437
50
612
808
156
61
789
287
8
388
496
660
125
814
481
194
542
258
431
281
460
747
760
166
249
190
344
131
371
341
198
652
501
342
561
366
729
42
451
291
714
384
234
658
64
506
714
69
87
802
163
383
595
159
789
759
710
531
19
284
344
382
349
790
320
671
616
186
369
18
572
767
364
690
676
488
655
223
991
726
831
193
977
990
869
679
57
391
25
199
568
296
178
359
494
502
555
703
60
366
995
533
366
965
533
513
303
747
85
418
637
708
57
891
41
99
861
83
438
107
575
602
734
310
850
589
573
190
747
668
334
874
359
556
276
33
106
974
431
93
722
701
886
46
74
50
898
731
896
818
74
163
397
190
728
264
481
696
356
200
886
318
753
642
445
80
173
244
115
732
475
429
426
304
471
440
249
388
941
482
897
503
471
325
751
790
914
32
287
479
473
925
817
945
137
456
726
946
173
47
949
58
148
556
411
689
197
530
61
187
890
294
399
706
256
341
596
514
305
935
81
293
917
405
443
841
977
273
942
344
12
306
60
721
545
519
886
611
465
339
90
555
17
472
940
720
341
452
184
427
223
961
799
217
189
75
639
439
779
243
555
864
583
583
851
392
638
699
743
949
888
165
98
516
14
449
351
375
370
298
298
533
216
359
176
245
873
35
131
143
655
160
920
510
701
534
68
310
319
784
724
215
257
431
308
914
274
637
10
373
402
99
587
566
570
13
713
980
385
532
433
225
333
162
993
917
253
381
438
960
137
200
66
773
326
500
439
801
103
695
513
556
41
820
650
595
384
741
631
410
433
228
391
379
933
398
317
931
677
118
516
526
686
667
797
69
452
673
926
256
163
76
84
787
719
327
533
284
748
231
197
165
255
670
372
402
708
203
994
23
596
318
337
99
41
64
723
270
983
829
387
119
188
823
811
375
866
115
915
570
943
255
667
722
492
48
109
928
617
50
526
664
27
173
684
498
980
322
558
228
760
793
950
506
819
286
992
632
708
246
162
974
131
242
772
235
768
698
370
995
961
938
545
478
403
856
832
67
68
305
146
792
967
169
917
603
748
293
870
966
619
620
606
972
492
369
8
110
870
90
283
200
872
996
761
724
947
224
821
658
984
257
905
448
489
369
393
66
946
371
27
271
330
790
626
34
416
158
43
331
25
771
948
658
158
118
461
410
775
973
182
714
412
112
234
860
61
552
640
450
735
855
269
698
132
794
293
130
474
956
302
683
537
541
979
317
613
136
299
126
766
655
494
348
869
755
333
532
537
755
614
353
60
791
244
254
792
196
832
667
470
313
784
768
212
871
154
433
79
557
681
321
388
206
561
721
676
196
581
649
423
568
347
167
593
556
551
741
156
221
1000
533
394
939
13
535
481
221
587
66
336
478
875
550
594
990
798
708
210
22
622
207
825
490
913
724
109
708
488
126
22
171
585
85
150
373
322
927
690
462
732
306
819
81
79
397
184
100
351
573
920
64
549
459
587
890
547
856
608
83
657
627
592
999
715
583
374
213
908
962
216
627
190
183
823
98
649
489
584
223
417
251
466
701
563
447
23
69
64
420
988
55
152
864
898
151
695
719
404
489
529
535
780
821
467
573
826
524
497
460
996
784
881
522
431
812
659
163
58
171
121
306
444
83
394
155
5
955
552
383
700
5
19
884
55
263
566
42
506
422
694
926
487
610
884
101
436
10
867
30
799
968
546
794
936
892
478
296
563
795
721
122
367
371
125
435
674
662
920
483
31
193
129
141
711
125
425
404
436
703
692
730
513
608
351
645
145
361
392
729
231
900
452
80
231
745
154
773
961
479
310
727
668
497
140
54
12
512
854
336
894
691
608
635
553
839
108
916
912
19
125
377
649
404
107
238
317
203
420
928
701
957
955
82
953
640
749
474
518
386
893
826
714
883
76
296
937
841
648
17
435
693
29
323
681
643
392
621
711
31
618
123
343
47
768
790
756
116
370
58
630
675
229
469
382
626
522
981
478
176
638
524
810
669
905
966
33
163
135
397
982
990
727
410
204
988
867
304
931
303
508
78
5
910
2
389
160
161
653
575
376
583
983
410
893
813
628
384
180
700
341
410
667
427
881
732
99
479
690
963
372
698
750
657
790
328
666
818
297
443
120
497
67
564
631
816
244
5
214
686
245
216
180
651
424
517
585
115
281
433
114
894
747
809
544
81
68
451
955
463
448
385
594
388
728
1000
752
347
825
922
602
32
39
23
108
998
779
99
768
21
646
883
823
61
928
45
289
271
54
29
982
906
514
702
405
870
78
439
313
979
895
838
154
43
737
450
109
333
778
565
132
706
677
722
220
803
618
891
625
485
18
64
883
227
543
967
99
384
558
168
566
247
401
928
31
553
795
124
124
921
170
581
767
691
102
819
643
952
456
198
72
160
224
895
687
312
176
370
286
12
252
533
907
25
134
330
251
636
366
461
833
26
255
360
680
225
391
147
919
976
733
385
31
526
195
229
414
652
375
342
345
640
387
475
524
877
106
668
520
522
865
941
80
556
740
157
639
574
141
602
834
223
633
114
640
228
979
378
301
383
222
3
668
419
502
86
415
351
607
496
76
672
20
848
12
315
437
733
18
574
90
71
164
767
732
391
734
580
551
27
683
30
674
976
908
687
85
720
892
473
421
238
475
137
343
935
715
817
504
116
461
863
799
217
200
331
29
157
415
317
655
938
152
942
83
884
762
548
851
509
808
876
860
401
498
22
252
904
803
919
593
139
34
229
134
809
232
53
339
877
29
519
799
661
728
3
159
857
599
890
77
798
649
142
562
271
433
942
867
950
267
25
694
965
177
278
111
793
386
859
360
528
291
483
689
469
783
276
65
269
229
250
132
802
222
595
71
329
834
951
662
108
443
972
913
162
367
850
722
690
907
301
813
657
345
551
282
552
729
202
454
939
894
203
507
728
408
419
582
5
421
470
505
697
521
296
598
736
901
749
754
381
280
292
966
892
204
842
29
160
451
439
391
544
930
601
940
553
573
764
178
951
168
227
842
672
754
943
925
392
270
691
248
23
186
72
726
215
5
859
621
65
587
215
667
86
146
317
322
772
358
667
596
647
153
884
301
417
337
822
463
814
468
466
564
621
335
778
599
507
740
975
567
444
41
749
87
279
678
663
591
975
673
740
964
574
888
101
960
535
811
700
121
375
999
639
877
738
574
51
213
748
754
929
155
75
707
940
695
145
394
718
814
626
852
190
203
844
578
663
338
831
366
84
558
127
647
189
878
820
676
979
622
793
734
704
743
652
851
174
766
779
377
813
318
213
89
359
775
905
878
851
681
354
387
745
993
741
867
398
56
289
73
983
265
52
516
138
620
616
29
761
327
585
68
753
450
490
511
129
959
578
68
96
654
397
982
42
11
21
672
671
273
90
529
193
239
472
714
428
746
264
781
319
124
61
12
703
551
648
965
40
653
838
194
218
77
762
279
490
947
187
639
998
368
295
522
200
179
81
140
909
314
561
149
288
24
753
986
301
67
823
148
818
277
241
379
871
611
500
443
24
180
691
267
694
496
289
203
346
225
102
186
467
498
692
520
917
486
283
558
493
623
280
481
813
920
68
929
503
42
165
272
856
441
