2000 1999
14 20
20 1561
1561 1110
1110 543
543 1143
1143 1821
1821 1754
1754 390
390 935
935 221
221 165
165 340
340 694
694 501
501 1753
1753 128
128 1208
1208 775
775 1242
1242 1985
1985 1904
1904 681
681 18
18 767
767 1350
1350 42
42 883
883 1995
1995 1522
1522 64
64 678
678 148
148 1943
1943 473
473 407
407 1723
1723 945
945 1440
1440 31
31 292
292 131
131 1628
1628 188
188 1615
1615 315
315 1827
1827 1777
1777 1703
1703 1594
1594 1379
1379 862
862 1318
1318 762
762 232
232 1682
1682 1487
1487 1427
1427 1781
1781 1858
1858 1627
1627 59
59 1676
1676 968
968 1220
1220 658
658 1773
1773 858
858 429
429 1402
1402 1298
1298 1235
1235 1802
1802 1663
1663 123
123 1030
1030 449
449 1275
1275 496
496 1263
1263 626
626 1841
1841 73
73 1154
1154 656
656 1033
1033 910
910 777
777 703
703 1492
1492 256
256 1136
1136 1680
1680 590
590 241
241 85
85 295
295 1051
1051 1268
1268 1725
1725 443
443 1328
1328 1531
1531 733
733 1528
1528 573
573 209
209 1128
1128 1255
1255 1329
1329 364
364 895
895 48
48 1671
1671 272
272 1376
1376 1409
1409 1596
1596 1812
1812 523
523 550
550 276
276 893
893 1513
1513 1793
1793 333
333 555
555 1934
1934 1873
1873 1282
1282 1564
1564 397
397 1454
1454 425
425 821
821 1390
1390 1786
1786 647
647 560
560 606
606 1998
1998 999
999 1752
1752 1516
1516 973
973 401
401 830
830 603
603 1326
1326 1701
1701 518
518 1240
1240 1543
1543 941
941 387
387 1973
1973 1134
1134 63
63 1161
1161 1907
1907 1423
1423 1836
1836 1546
1546 1849
1849 343
343 1467
1467 1106
1106 1066
1066 280
280 38
38 1290
1290 1272
1272 400
400 880
880 1270
1270 23
23 294
294 1706
1706 1083
1083 1246
1246 1521
1521 659
659 1495
1495 320
320 801
801 1333
1333 1819
1819 1999
1999 416
416 67
67 143
143 724
724 44
44 645
645 1016
1016 1173
1173 108
108 739
739 1837
1837 1692
1692 1032
1032 1319
1319 831
831 1082
1082 1447
1447 1923
1923 446
446 1472
1472 1373
1373 1198
1198 1695
1695 1737
1737 631
631 372
372 1832
1832 56
56 1035
1035 702
702 1076
1076 949
949 989
989 104
104 174
174 553
553 1700
1700 764
764 1684
1684 736
736 1642
1642 1743
1743 1965
1965 585
585 1656
1656 1843
1843 1959
1959 546
546 622
622 1104
1104 1064
1064 1969
1969 1884
1884 638
638 103
103 797
797 126
126 1826
1826 1527
1527 424
424 1023
1023 1864
1864 529
529 630
630 150
150 504
504 620
620 1929
1929 1017
1017 972
972 304
304 1357
1357 1322
1322 1115
1115 205
205 1872
1872 726
726 1730
1730 1485
1485 956
956 1001
1001 805
805 1430
1430 707
707 1192
1192 1704
1704 269
269 1453
1453 469
469 1935
1935 1537
1537 331
331 17
17 1967
1967 1441
1441 318
318 189
189 1590
1590 868
868 225
225 451
451 368
368 1436
1436 251
251 369
369 1462
1462 878
878 903
903 1474
1474 1038
1038 1698
1698 228
228 46
46 1738
1738 1691
1691 1616
1616 1084
1084 1922
1922 1883
1883 794
794 513
513 263
263 1604
1604 41
41 71
71 1446
1446 1909
1909 1830
1830 934
934 502
502 1780
1780 551
551 441
441 1912
1912 1375
1375 759
759 1623
1623 312
312 285
285 1651
1651 526
526 358
358 1520
1520 1586
1586 438
438 1798
1798 704
704 706
706 1109
1109 124
124 793
793 1162
1162 432
432 1982
1982 1368
1368 615
615 1412
1412 613
613 1554
1554 1795
1795 170
170 854
854 1639
1639 1100
1100 786
786 392
392 938
938 207
207 1262
1262 187
187 1690
1690 808
808 299
299 577
577 1789
1789 325
325 1514
1514 1340
1340 79
79 273
273 810
810 178
178 1895
1895 1914
1914 1529
1529 1024
1024 278
278 1765
1765 1065
1065 627
627 253
253 385
385 37
37 1736
1736 184
184 6
6 227
227 1227
1227 1650
1650 648
648 1160
1160 1176
1176 609
609 1063
1063 1584
1584 431
431 316
316 164
164 1047
1047 755
755 1988
1988 984
984 1015
1015 784
784 795
795 892
892 1850
1850 1196
1196 750
750 554
554 952
952 433
433 1648
1648 2
2 26
26 75
75 599
599 1094
1094 1296
1296 160
160 334
334 1288
1288 731
731 222
222 284
284 1539
1539 1685
1685 714
714 1025
1025 361
361 1432
1432 1957
1957 503
503 1347
1347 1937
1937 1833
1833 476
476 136
136 1764
1764 1452
1452 1683
1683 1606
1606 1634
1634 617
617 1028
1028 869
869 2000
2000 1312
1312 349
349 1407
1407 1515
1515 1403
1403 1463
1463 394
394 1625
1625 1589
1589 1762
1762 944
944 500
500 643
643 122
122 1879
1879 1882
1882 1372
1372 1422
1422 319
319 1555
1555 725
725 853
853 196
196 110
110 1519
1519 929
929 135
135 1317
1317 444
444 76
76 1073
1073 1037
1037 623
623 1199
1199 447
447 1293
1293 1346
1346 1705
1705 422
422 24
24 1871
1871 464
464 1860
1860 462
462 969
969 1722
1722 1214
1214 1289
1289 865
865 1190
1190 1366
1366 1669
1669 1760
1760 1113
1113 980
980 488
488 1182
1182 787
787 1652
1652 798
798 783
783 203
203 1471
1471 1280
1280 69
69 467
467 145
145 1600
1600 1202
1202 597
597 195
195 1223
1223 524
524 1549
1549 1311
1311 991
991 1203
1203 1880
1880 1739
1739 1273
1273 346
346 729
729 1382
1382 1640
1640 1405
1405 1974
1974 1610
1610 576
576 912
912 734
734 159
159 1274
1274 335
335 1416
1416 16
16 300
300 45
45 338
338 1449
1449 888
888 246
246 171
171 1206
1206 199
199 1424
1424 1417
1417 1337
1337 223
223 575
575 310
310 166
166 419
419 911
911 61
61 654
654 1389
1389 289
289 1231
1231 1865
1865 200
200 1324
1324 802
802 1803
1803 1811
1811 1891
1891 769
769 1141
1141 1314
1314 1735
1735 977
977 1252
1252 5
5 1548
1548 822
822 753
753 1787
1787 675
675 940
940 1027
1027 1410
1410 875
875 521
521 439
439 137
137 594
594 1421
1421 1186
1186 1681
1681 1724
1724 636
636 1070
1070 1956
1956 967
967 669
669 1266
1266 1367
1367 1029
1029 1607
1607 651
651 1411
1411 1726
1726 32
32 265
265 1164
1164 1708
1708 1958
1958 874
874 314
314 562
562 1620
1620 852
852 214
214 68
68 741
741 339
339 1281
1281 846
846 118
118 1617
1617 450
450 440
440 539
539 1633
1633 752
752 1043
1043 697
697 254
254 398
398 453
453 1696
1696 1400
1400 1602
1602 423
423 1381
1381 92
92 611
611 345
345 1977
1977 455
455 461
461 1598
1598 588
588 140
140 1021
1021 1953
1953 652
652 1621
1621 116
116 717
717 271
271 1734
1734 963
963 641
641 482
482 1931
1931 1404
1404 971
971 1996
1996 1796
1796 236
236 1964
1964 114
114 1893
1893 7
7 43
43 1637
1637 1774
1774 877
877 1483
1483 680
680 373
373 1341
1341 1437
1437 1653
1653 250
250 78
78 711
711 930
930 1171
1171 1216
1216 25
25 50
50 1532
1532 719
719 824
824 1508
1508 1226
1226 1031
1031 1284
1284 1498
1498 359
359 1098
1098 1807
1807 213
213 635
635 572
572 920
920 1941
1941 957
957 1618
1618 1541
1541 924
924 799
799 1364
1364 53
53 564
564 1962
1962 855
855 838
838 182
182 1380
1380 1132
1132 1655
1655 1699
1699 1469
1469 937
937 258
258 1960
1960 39
39 982
982 1829
1829 1111
1111 1455
1455 19
19 1316
1316 667
667 107
107 1635
1635 1581
1581 261
261 1354
1354 1013
1013 1386
1386 1193
1193 1392
1392 1399
1399 718
718 763
763 1848
1848 785
785 965
965 760
760 1166
1166 1391
1391 1595
1595 1228
1228 1824
1824 819
819 1482
1482 771
771 1042
1042 1918
1918 22
22 533
533 845
845 1285
1285 538
538 1431
1431 229
229 1854
1854 909
909 1222
1222 1218
1218 601
601 363
363 244
244 1476
1476 1052
1052 657
657 370
370 1169
1169 955
955 428
428 1108
1108 646
646 337
337 352
352 625
625 89
89 1638
1638 1461
1461 480
480 1493
1493 8
8 774
774 745
745 1413
1413 1510
1510 414
414 730
730 644
644 946
946 894
894 1714
1714 712
712 1567
1567 1151
1151 1078
1078 1294
1294 1088
1088 1631
1631 655
655 1629
1629 483
483 1585
1585 154
154 1566
1566 1686
1686 197
197 788
788 1806
1806 466
466 275
275 908
908 530
530 460
460 1420
1420 1393
1393 161
161 1264
1264 907
907 987
987 1715
1715 1260
1260 1155
1155 157
157 341
341 1502
1502 415
415 1221
1221 1045
1045 1575
1575 953
953 1022
1022 1310
1310 709
709 1500
1500 477
477 993
993 1356
1356 1006
1006 1986
1986 1325
1325 326
326 1062
1062 1137
1137 362
362 737
737 1544
1544 1152
1152 1749
1749 1805
1805 906
906 1243
1243 1668
1668 608
608 268
268 233
233 1197
1197 673
673 666
666 383
383 1892
1892 1207
1207 176
176 602
602 743
743 867
867 791
791 1308
1308 1741
1741 884
884 1007
1007 809
809 841
841 121
121 1580
1580 357
357 1456
1456 1217
1217 552
552 1213
1213 230
230 1320
1320 1670
1670 471
471 1077
1077 1303
1303 1351
1351 1408
1408 1899
1899 411
411 1769
1769 926
926 1613
1613 1990
1990 815
815 1044
1044 1831
1831 994
994 708
708 1878
1878 828
828 378
378 612
612 928
928 155
155 1963
1963 321
321 581
581 181
181 663
663 537
537 1014
1014 1847
1847 593
593 693
693 1336
1336 1906
1906 15
15 1009
1009 556
556 1131
1131 1619
1619 1232
1232 1980
1980 1603
1603 167
167 1056
1056 1834
1834 931
931 1484
1484 1573
1573 367
367 474
474 1887
1887 616
616 1775
1775 1276
1276 642
642 1125
1125 1504
1504 904
904 97
97 1323
1323 472
472 1657
1657 1369
1369 360
360 1989
1989 119
119 1897
1897 1092
1092 391
391 578
578 796
796 936
936 653
653 399
399 1398
1398 1788
1788 175
175 478
478 1499
1499 696
696 492
492 186
186 1597
1597 1036
1036 882
882 1886
1886 1643
1643 939
939 740
740 1932
1932 409
409 1072
1072 454
454 839
839 1010
1010 1556
1556 98
98 587
587 723
723 1664
1664 545
545 1397
1397 1709
1709 507
507 1374
1374 1003
1003 1509
1509 1105
1105 498
498 1074
1074 580
580 536
536 1767
1767 1448
1448 139
139 1746
1746 248
248 621
621 566
566 1327
1327 1079
1079 614
614 1694
1694 840
840 1983
1983 1165
1165 766
766 1283
1283 1191
1191 532
532 1450
1450 1898
1898 1992
1992 1480
1480 396
396 486
486 1488
1488 291
291 375
375 650
650 306
306 1265
1265 348
348 384
384 1362
1362 634
634 1211
1211 1167
1167 1099
1099 1718
1718 1890
1890 1086
1086 379
379 211
211 1497
1497 583
583 1944
1944 212
212 1758
1758 541
541 1846
1846 1345
1345 356
356 305
305 36
36 410
410 925
925 1511
1511 1081
1081 864
864 10
10 1153
1153 342
342 1636
1636 672
672 4
4 813
813 574
574 1750
1750 1496
1496 1394
1394 1102
1102 494
494 1813
1813 1612
1612 1838
1838 1559
1559 1444
1444 1140
1140 1135
1135 185
185 1928
1928 332
332 1727
1727 890
890 235
235 1335
1335 1744
1744 806
806 94
94 1200
1200 1181
1181 1464
1464 1822
1822 255
255 1568
1568 99
99 800
800 193
193 1689
1689 1249
1249 1377
1377 109
109 677
677 751
751 549
549 1997
1997 1588
1588 1583
1583 699
699 1593
1593 279
279 978
978 216
216 489
489 177
177 264
264 591
591 309
309 1852
1852 515
515 302
302 1103
1103 231
231 3
3 350
350 1146
1146 12
12 1624
1624 426
426 437
437 1363
1363 628
628 463
463 1647
1647 77
77 327
327 1951
1951 1049
1049 149
149 700
700 1295
1295 1630
1630 905
905 142
142 618
618 86
86 434
434 1254
1254 413
413 1875
1875 569
569 1571
1571 1908
1908 127
127 1230
1230 192
192 1097
1097 983
983 1085
1085 1466
1466 633
633 1259
1259 421
421 87
87 1658
1658 1552
1552 54
54 720
720 1245
1245 848
848 1712
1712 670
670 402
402 58
58 1817
1817 262
262 1184
1184 1582
1582 27
27 1060
1060 260
260 1352
1352 1936
1936 827
827 1869
1869 491
491 1611
1611 676
676 277
277 1540
1540 1180
1180 1089
1089 1451
1451 998
998 1972
1972 1271
1271 1107
1107 242
242 1572
1572 512
512 1233
1233 1919
1919 1501
1501 1842
1842 1792
1792 863
863 1156
1156 40
40 505
505 201
201 1491
1491 886
886 417
417 1719
1719 1458
1458 1926
1926 1868
1868 257
257 1759
1759 382
382 1219
1219 1236
1236 344
344 95
95 918
918 547
547 981
981 152
152 559
559 579
579 1920
1920 1523
1523 661
661 1913
1913 1183
1183 1665
1665 1947
1947 914
914 287
287 773
773 1675
1675 1046
1046 870
870 21
21 353
353 1133
1133 979
979 1188
1188 1751
1751 303
303 742
742 1194
1194 1204
1204 629
629 1526
1526 571
571 30
30 1050
1050 1175
1175 1287
1287 296
296 1269
1269 1940
1940 698
698 1591
1591 238
238 1229
1229 442
442 1745
1745 495
495 1011
1011 1930
1930 297
297 950
950 1277
1277 1770
1770 1112
1112 1728
1728 866
866 986
986 528
528 1435
1435 778
778 660
660 179
179 1688
1688 506
506 1863
1863 649
649 1859
1859 701
701 1470
1470 684
684 943
943 117
117 871
871 1339
1339 1672
1672 1187
1187 1096
1096 1465
1465 1825
1825 713
713 1378
1378 1148
1148 1415
1415 1342
1342 1477
1477 557
557 1814
1814 1067
1067 1473
1473 1144
1144 1425
1425 288
288 689
689 1557
1557 1845
1845 226
226 308
308 219
219 844
844 204
204 1560
1560 1185
1185 282
282 1794
1794 1124
1124 1877
1877 1267
1267 266
266 1679
1679 1080
1080 1004
1004 1507
1507 1291
1291 1574
1574 1961
1961 111
111 996
996 860
860 1506
1506 1305
1305 243
243 1921
1921 859
859 1048
1048 607
607 83
83 1851
1851 1755
1755 779
779 1061
1061 1853
1853 120
120 932
932 820
820 917
917 1902
1902 290
290 70
70 1952
1952 1563
1563 721
721 781
781 976
976 456
456 365
365 240
240 1732
1732 803
803 1808
1808 959
959 887
887 1925
1925 1414
1414 568
568 1801
1801 129
129 313
313 1939
1939 1205
1205 60
60 668
668 1503
1503 756
756 1649
1649 468
468 1237
1237 922
922 1147
1147 1370
1370 1924
1924 598
598 404
404 1234
1234 1844
1844 307
307 247
247 687
687 133
133 1579
1579 33
33 81
81 1870
1870 1055
1055 376
376 705
705 1122
1122 351
351 600
600 749
749 818
818 51
51 1984
1984 1569
1569 1818
1818 534
534 125
125 1987
1987 1809
1809 1840
1840 970
970 835
835 234
234 527
527 1577
1577 245
245 1297
1297 1866
1866 1434
1434 405
405 183
183 172
172 386
386 873
873 1970
1970 508
508 1238
1238 1396
1396 1309
1309 457
457 105
105 1975
1975 1632
1632 74
74 522
522 540
540 1224
1224 1383
1383 1646
1646 91
91 995
995 47
47 1645
1645 1302
1302 992
992 1533
1533 861
861 408
408 1687
1687 1
1 962
962 1138
1138 418
418 1517
1517 1587
1587 1343
1343 1069
1069 1116
1116 389
389 974
974 452
452 1659
1659 1666
1666 1717
1717 900
900 224
224 381
381 1040
1040 1201
1201 1090
1090 563
563 1857
1857 1179
1179 1334
1334 29
29 1605
1605 510
510 1059
1059 817
817 531
531 1839
1839 1300
1300 317
317 1209
1209 589
589 322
322 520
520 872
872 913
913 1570
1570 1911
1911 1241
1241 1468
1468 1948
1948 1614
1614 100
100 1512
1512 1331
1331 330
330 1993
1993 481
481 163
163 1551
1551 1315
1315 1785
1785 286
286 1761
1761 690
690 1799
1799 960
960 1460
1460 1677
1677 847
847 1622
1622 1150
1150 1978
1978 558
558 1034
1034 1916
1916 1348
1348 1117
1117 374
374 1779
1779 850
850 371
371 747
747 843
843 1130
1130 1127
1127 1445
1445 596
596 1790
1790 88
88 96
96 191
191 1139
1139 942
942 1578
1578 1888
1888 1609
1609 951
951 1177
1177 1145
1145 1439
1439 1797
1797 1900
1900 1550
1550 1711
1711 674
674 927
927 825
825 624
624 298
298 173
173 324
324 1418
1418 605
605 1697
1697 13
13 1713
1713 499
499 355
355 592
592 1286
1286 836
836 1525
1525 1942
1942 768
768 1321
1321 1874
1874 206
206 1950
1950 1095
1095 1344
1344 1119
1119 1815
1815 1000
1000 35
35 1791
1791 1731
1731 1301
1301 113
113 9
9 102
102 1654
1654 1123
1123 535
535 1475
1475 851
851 738
738 217
217 1757
1757 479
479 776
776 1979
1979 1459
1459 919
919 519
519 1338
1338 1225
1225 93
93 354
354 586
586 1945
1945 1820
1820 879
879 1071
1071 1885
1885 1019
1019 1889
1889 679
679 57
57 695
695 988
988 1142
1142 1861
1861 1058
1058 692
692 1545
1545 1157
1157 514
514 1189
1189 686
686 885
885 459
459 671
671 1101
1101 1114
1114 1359
1359 1118
1118 772
772 427
427 727
727 101
101 1881
1881 1976
1976 823
823 1054
1054 1012
1012 834
834 1778
1778 1733
1733 688
688 1915
1915 1626
1626 715
715 311
311 249
249 792
792 732
732 62
62 336
336 1800
1800 889
889 138
138 1387
1387 964
964 497
497 484
484 151
151 329
329 380
380 1126
1126 1855
1855 465
465 475
475 153
153 765
765 1158
1158 722
722 1547
1547 1592
1592 1170
1170 1917
1917 664
664 856
856 1505
1505 1008
1008 1443
1443 901
901 567
567 1093
1093 11
11 1159
1159 665
665 1644
1644 301
301 1955
1955 542
542 1251
1251 1910
1910 435
435 837
837 80
80 829
829 1949
1949 1867
1867 1253
1253 1678
1678 1178
1178 1707
1707 283
283 202
202 1862
1862 857
857 744
744 990
990 1172
1172 691
691 210
210 470
470 1729
1729 933
933 1385
1385 1479
1479 1129
1129 112
112 1304
1304 1783
1783 1258
1258 1938
1938 1702
1702 1903
1903 1946
1946 561
561 1486
1486 1524
1524 190
190 947
947 1494
1494 757
757 685
685 55
55 1120
1120 898
898 1002
1002 84
84 899
899 1247
1247 1278
1278 789
789 975
975 897
897 1406
1406 1299
1299 1991
1991 1768
1768 1776
1776 754
754 1248
1248 412
412 923
923 1332
1332 239
239 132
132 544
544 525
525 180
180 1530
1530 966
966 604
604 511
511 1307
1307 1429
1429 758
758 1558
1558 1674
1674 158
158 1250
1250 1256
1256 1763
1763 1784
1784 790
790 1365
1365 1419
1419 323
323 259
259 637
637 194
194 436
436 954
954 445
445 388
388 1075
1075 1239
1239 710
710 1388
1388 915
915 1438
1438 1384
1384 849
849 1041
1041 1721
1721 1353
1353 72
72 1716
1716 1518
1518 1489
1489 220
220 1121
1121 1542
1542 448
448 1742
1742 156
156 716
716 595
595 293
293 1901
1901 82
82 832
832 144
144 274
274 1954
1954 1772
1772 1667
1667 1673
1673 1565
1565 842
842 65
65 682
682 218
218 366
366 49
49 1360
1360 902
902 430
430 237
237 106
106 490
490 198
198 1748
1748 1174
1174 1481
1481 1257
1257 916
916 997
997 1026
1026 1966
1966 632
632 748
748 1804
1804 1087
1087 1933
1933 746
746 1756
1756 1433
1433 1244
1244 1823
1823 270
270 876
876 1355
1355 881
881 1442
1442 1292
1292 582
582 1599
1599 1330
1330 728
728 347
347 1018
1018 1553
1553 1927
1927 1896
1896 1401
1401 1358
1358 619
619 1661
1661 1835
1835 1020
1020 1641
1641 1534
1534 517
517 1771
1771 146
146 1057
1057 487
487 1828
1828 1856
1856 782
782 1747
1747 134
134 958
958 1210
1210 814
814 395
395 141
141 985
985 1457
1457 1215
1215 683
683 1720
1720 1212
1212 1149
1149 1894
1894 735
735 1971
1971 891
891 1562
1562 565
565 948
948 1163
1163 1810
1810 1662
1662 1005
1005 1428
1428 1905
1905 1395
1395 1091
1091 281
281 267
267 1576
1576 485
485 1536
1536 639
639 804
804 896
896 1710
1710 509
509 147
147 1261
1261 1968
1968 662
662 921
921 52
52 1608
1608 584
584 1371
1371 28
28 1994
1994 833
833 1195
1195 516
516 115
115 807
807 377
377 162
162 458
458 1349
1349 812
812 208
208 1306
1306 961
961 1068
1068 1361
1361 1426
1426 1490
1490 1053
1053 252
252 215
215 1660
1660 403
403 570
570 420
420 34
34 1168
1168 1313
1313 548
548 90
90 1279
1279 393
393 826
826 1039
1039 1538
1538 406
406 493
493 1766
1766 1816
1816 761
761 1740
1740 1981
1981 168
168 1876
1876 770
770 328
328 130
130 169
169 1693
1693 816
816 780
780 1478
1478 610
610 1782
1782 640
640 811
811 1535
1535 1601
1601 66
999
0
0
0
0
0
0
0
999
0
999
0
999
2
0
0
0
0
0
0
0
0
0
0
0
0
0
999
999
0
0
0
999
999
999
0
0
0
0
0
0
0
0
0
0
0
999
0
999
0
999
999
0
0
999
0
999
0
0
999
0
999
0
0
999
999
0
0
0
0
0
999
0
999
0
0
0
0
0
999
999
999
0
999
0
0
0
999
0
999
999
0
999
0
0
999
0
0
0
999
999
999
0
0
999
999
0
0
0
0
0
999
999
0
999
0
0
0
0
0
0
0
0
0
999
0
0
146
0
999
0
999
999
999
0
0
0
999
0
0
999
0
0
999
0
999
999
0
0
0
999
0
999
0
0
999
0
999
0
0
0
999
999
0
49
0
0
999
999
0
0
999
999
0
0
0
0
0
0
999
0
0
999
0
0
0
0
0
0
999
999
0
0
999
0
0
0
999
0
0
0
999
0
0
0
999
0
999
0
999
0
0
0
0
999
0
999
999
0
999
31
0
0
999
0
0
0
0
0
0
0
0
0
999
0
0
999
0
999
0
0
0
0
0
999
0
999
0
999
0
0
999
0
0
0
0
0
0
999
0
0
0
0
0
0
0
999
0
0
999
0
0
0
999
0
0
0
0
0
0
999
0
999
0
0
999
0
0
0
0
0
0
999
0
0
0
0
999
0
0
999
0
0
0
0
0
999
0
0
0
999
0
0
0
0
0
999
0
0
0
0
999
999
999
0
0
0
999
999
999
0
0
0
0
0
999
0
0
0
37
0
0
0
0
0
0
999
0
0
0
999
0
0
999
999
0
0
0
0
0
0
0
0
0
0
999
0
0
0
0
999
0
0
999
0
999
999
0
0
999
999
0
0
0
0
999
0
999
999
8
0
0
999
0
999
0
0
0
0
0
0
0
999
999
999
999
0
999
0
0
0
999
0
0
0
0
0
999
0
999
0
0
0
0
0
0
999
0
0
999
0
0
0
0
999
999
0
0
0
0
0
0
0
0
999
0
0
999
0
0
0
999
0
0
0
0
999
999
999
0
0
0
0
0
999
0
0
999
0
999
0
0
0
0
999
0
0
0
999
0
999
0
0
999
999
0
999
0
0
999
0
0
999
0
0
0
999
0
999
0
196
0
0
0
0
0
0
999
999
999
999
0
0
999
0
999
999
0
999
999
0
999
0
0
999
0
999
0
0
0
999
0
0
999
999
0
0
0
0
999
0
999
1
999
0
0
0
999
0
0
0
0
0
0
0
0
0
999
0
0
999
0
999
0
999
0
999
0
0
999
0
0
0
0
0
0
0
0
0
0
0
999
0
999
0
999
0
0
999
0
0
999
0
0
999
999
0
999
0
999
0
0
0
999
999
0
0
0
0
999
0
0
0
0
0
0
0
0
999
0
0
0
0
999
0
0
0
0
0
0
0
999
0
0
0
0
999
0
999
999
0
0
0
0
0
0
0
0
0
0
0
0
0
0
0
0
0
0
0
0
0
999
0
999
999
0
0
999
0
0
999
0
0
999
0
0
0
0
999
0
4
999
999
0
999
999
999
999
0
999
999
999
0
65
999
0
0
0
0
0
0
0
0
0
999
0
0
0
0
999
0
0
0
0
999
999
0
0
0
0
0
999
0
0
0
0
999
999
0
0
0
999
0
0
999
0
0
999
0
0
0
0
0
999
0
999
999
999
999
0
0
0
0
999
0
999
999
999
0
0
999
0
0
0
999
0
2
999
0
999
0
999
0
0
10
999
0
0
0
999
0
999
0
0
0
0
0
0
999
999
0
999
0
0
0
0
0
0
0
0
0
0
0
999
0
0
999
0
0
0
999
999
0
999
0
999
999
999
0
0
0
0
999
0
999
999
0
0
999
0
0
999
999
999
999
999
999
0
0
0
0
999
999
0
0
0
999
0
999
999
999
0
0
0
0
999
999
0
0
0
999
0
0
0
0
0
0
0
0
0
0
999
999
0
0
999
0
0
999
0
999
0
0
0
999
0
0
0
999
0
999
0
0
0
0
999
999
999
999
999
999
999
0
0
0
0
0
0
0
0
0
0
999
0
999
999
0
0
999
0
999
999
999
0
0
0
999
0
0
0
0
0
999
0
9
0
0
0
0
0
0
999
0
0
0
0
999
999
0
0
999
0
0
999
0
0
0
999
0
999
999
999
0
999
0
999
0
0
0
999
0
0
0
999
999
0
0
0
0
0
0
0
0
0
999
0
0
999
0
999
0
999
0
0
999
0
999
0
0
999
0
999
0
0
999
0
0
999
0
0
0
999
0
0
0
0
0
999
999
999
0
0
0
0
0
999
0
0
0
0
0
0
0
999
0
0
0
0
999
999
999
0
0
0
0
0
0
0
0
0
0
0
999
999
999
0
999
999
999
0
0
0
0
0
0
0
0
999
999
0
999
0
0
0
999
0
0
0
0
0
0
0
0
0
0
0
999
0
0
999
999
0
999
0
999
0
0
0
0
0
999
0
0
0
0
0
0
0
0
2
0
0
0
999
0
999
999
999
999
999
999
999
999
0
0
999
999
0
999
999
0
0
0
0
0
0
0
999
999
0
0
999
2
0
999
0
999
0
999
999
0
0
0
0
0
0
999
999
999
0
0
0
999
0
0
0
0
999
0
999
0
999
0
999
0
0
999
999
999
0
0
0
0
0
0
0
0
0
999
0
0
0
0
0
999
0
0
0
0
0
999
0
0
0
999
0
0
290
999
999
0
999
0
0
999
0
0
0
0
0
0
0
0
999
999
0
0
0
0
0
0
0
0
999
0
0
999
999
999
0
999
5
0
999
0
0
999
999
0
999
999
0
999
0
0
999
999
999
0
0
999
0
0
0
0
0
0
0
0
0
0
0
0
0
0
0
0
999
999
0
0
0
0
0
0
999
0
0
0
0
0
999
0
0
0
0
999
0
999
999
999
999
0
999
0
999
999
0
999
0
0
0
999
0
999
0
0
0
0
0
999
0
0
0
0
0
0
0
0
999
999
999
0
999
0
0
0
999
0
0
0
0
999
999
0
0
0
999
999
0
0
0
999
0
999
0
0
999
999
999
999
0
0
0
999
0
0
0
0
999
999
0
0
0
0
0
0
0
0
0
0
0
999
999
999
0
999
999
0
0
0
0
0
0
999
999
0
0
0
0
999
0
0
0
0
999
0
0
0
0
0
0
0
0
0
0
0
999
999
0
0
0
0
0
0
999
0
999
999
0
0
0
999
999
0
0
0
999
999
0
0
999
999
0
999
0
0
0
0
0
0
0
0
0
0
0
999
0
999
999
0
0
0
0
0
0
0
999
0
0
0
0
0
0
999
0
0
999
999
0
999
0
0
0
0
999
0
0
999
999
0
0
0
999
0
0
0
0
0
0
0
0
999
0
999
0
0
0
0
0
0
999
0
0
0
0
999
999
0
0
0
0
0
999
999
0
0
0
0
999
0
0
999
999
999
999
0
999
0
0
0
999
0
0
999
0
999
0
0
999
999
0
999
0
0
0
0
999
0
0
1
999
0
0
999
0
0
0
999
999
0
0
0
0
0
999
999
999
999
0
0
0
0
0
0
0
999
0
0
0
0
999
0
0
0
0
0
0
999
0
999
0
0
0
999
0
0
999
999
0
0
0
0
999
0
0
0
0
0
0
0
999
0
0
0
999
0
0
0
0
0
999
0
0
0
0
0
0
0
0
999
0
0
999
999
999
0
0
999
0
0
0
0
999
0
0
0
0
999
999
999
999
0
0
0
999
999
0
0
0
0
0
999
999
0
0
999
999
0
0
0
0
0
0
0
0
999
0
0
0
0
0
999
0
0
0
999
0
0
0
0
999
0
0
0
0
999
0
0
999
999
0
999
0
0
999
999
0
0
999
999
0
0
0
0
0
0
0
999
0
999
0
999
0
0
0
0
0
0
999
0
999
0
0
0
0
999
999
0
0
0
0
123
7
0
999
999
0
0
0
999
0
999
0
0
999
0
999
0
0
999
999
0
0
0
999
0
999
999
0
0
999
999
999
999
0
0
0
0
999
999
0
0
0
0
0
999
0
999
999
0
0
0
999
0
0
0
0
999
999
0
0
0
0
999
999
0
999
0
999
3
0
999
0
0
0
0
999
0
0
0
0
0
0
999
0
0
0
999
999
0
0
0
999
0
0
0
0
0
0
0
0
0
0
999
999
999
0
0
0
999
999
0
0
0
999
999
0
0
999
0
0
0
999
0
999
0
0
0
0
999
0
0
0
999
0
0
999
999
0
0
0
0
999
0
999
0
0
0
999
999
0
999
0
999
0
0
0
0
999
999
0
0
0
999
999
999
0
0
0
0
0
0
999
0
0
999
0
0
0
0
0
999
0
0
0
0
999
999
0
0
999
0
0
999
999
0
999
999
999
0
0
0
999
999
0
0
0
0
0
0
0
0
0
0
999
0
999
0
999
999
0
0
0
999
999
0
999
999
0
999
0
0
999
6
0
999
0
0
0
999
0
999
999
0
0
0
0
0
0
