2000 1999
1586 238
238 1376
1376 573
573 1399
1399 1001
1001 1837
1837 1284
1284 1922
1922 743
743 1565
1565 987
987 1032
1032 1127
1127 171
171 913
913 1727
1727 967
967 889
889 792
792 1744
1744 795
795 611
611 1125
1125 1290
1290 1096
1096 1858
1858 1725
1725 632
632 129
129 1411
1411 176
176 975
975 935
935 1642
1642 1010
1010 167
167 634
634 918
918 468
468 1983
1983 415
415 402
402 1680
1680 621
621 467
467 1512
1512 1014
1014 1528
1528 1948
1948 1701
1701 1581
1581 1873
1873 1000
1000 25
25 1409
1409 727
727 662
662 1609
1609 1423
1423 780
780 1503
1503 73
73 843
843 1944
1944 555
555 1427
1427 1424
1424 949
949 471
471 729
729 1699
1699 1695
1695 1486
1486 1860
1860 1890
1890 202
202 868
868 447
447 1310
1310 455
455 1662
1662 1342
1342 1077
1077 408
408 1713
1713 345
345 871
871 1607
1607 1880
1880 698
698 1895
1895 231
231 72
72 1331
1331 947
947 1216
1216 1850
1850 1495
1495 1691
1691 882
882 1415
1415 1990
1990 1142
1142 1945
1945 1175
1175 426
426 1041
1041 270
270 1387
1387 143
143 1907
1907 318
318 79
79 1443
1443 1313
1313 160
160 1389
1389 765
765 1441
1441 69
69 1048
1048 1842
1842 730
730 637
637 722
722 981
981 1949
1949 248
248 475
475 759
759 1198
1198 1069
1069 760
760 302
302 1509
1509 926
926 1688
1688 835
835 100
100 1975
1975 327
327 1367
1367 748
748 1789
1789 587
587 1311
1311 1794
1794 1527
1527 365
365 1862
1862 433
433 860
860 721
721 437
437 773
773 137
137 1859
1859 425
425 219
219 1981
1981 1243
1243 101
101 1882
1882 353
353 1211
1211 1323
1323 798
798 1163
1163 44
44 485
485 1587
1587 781
781 1807
1807 508
508 324
324 250
250 1592
1592 1856
1856 601
601 499
499 1410
1410 1083
1083 1953
1953 235
235 946
946 1968
1968 599
599 1897
1897 1146
1146 266
266 1215
1215 343
343 504
504 1120
1120 1206
1206 1171
1171 1570
1570 1330
1330 77
77 192
192 1641
1641 1615
1615 39
39 1101
1101 1470
1470 744
744 1121
1121 700
700 478
478 1207
1207 312
312 1544
1544 886
886 377
377 1222
1222 338
338 553
553 616
616 1733
1733 1085
1085 1817
1817 822
822 1836
1836 241
241 1703
1703 1942
1942 548
548 1537
1537 1833
1833 1672
1672 1549
1549 4
4 1881
1881 898
898 182
182 1645
1645 8
8 52
52 161
161 1353
1353 1362
1362 716
716 1796
1796 888
888 1283
1283 1307
1307 1007
1007 1237
1237 656
656 1042
1042 1964
1964 1154
1154 1059
1059 272
272 366
366 1140
1140 996
996 1939
1939 1830
1830 1136
1136 1249
1249 883
883 737
737 1916
1916 144
144 1008
1008 1480
1480 362
362 939
939 1248
1248 529
529 476
476 1687
1687 1872
1872 905
905 1227
1227 1481
1481 267
267 824
824 1665
1665 156
156 1377
1377 979
979 645
645 661
661 534
534 205
205 1378
1378 1275
1275 1521
1521 94
94 84
84 1400
1400 1937
1937 1707
1707 1225
1225 237
237 1924
1924 1847
1847 701
701 1053
1053 1217
1217 1063
1063 1599
1599 351
351 1522
1522 1223
1223 514
514 1173
1173 1031
1031 157
157 711
711 1670
1670 1057
1057 834
834 1685
1685 633
633 644
644 1892
1892 1258
1258 758
758 249
249 1816
1816 92
92 224
224 1054
1054 1661
1661 1176
1176 588
588 685
685 733
733 495
495 1490
1490 1147
1147 1888
1888 501
501 115
115 71
71 35
35 1718
1718 1135
1135 1316
1316 1597
1597 107
107 650
650 109
109 1583
1583 1538
1538 1637
1637 549
549 1591
1591 915
915 233
233 119
119 486
486 1088
1088 1379
1379 1406
1406 1421
1421 1826
1826 1368
1368 925
925 1247
1247 746
746 1449
1449 1384
1384 676
676 392
392 21
21 801
801 1463
1463 1496
1496 992
992 774
774 159
159 1218
1218 48
48 1854
1854 838
838 1333
1333 141
141 86
86 1320
1320 557
557 991
991 226
226 1185
1185 1640
1640 335
335 1869
1869 909
909 736
736 1373
1373 1036
1036 818
818 576
576 802
802 568
568 152
152 1292
1292 691
691 148
148 998
998 1075
1075 825
825 1635
1635 1205
1205 999
999 819
819 1886
1886 1126
1126 1157
1157 686
686 1985
1985 715
715 1919
1919 243
243 1611
1611 295
295 45
45 850
850 140
140 776
776 1724
1724 488
488 1138
1138 252
252 1282
1282 1105
1105 123
123 239
239 1684
1684 972
972 15
15 1705
1705 1426
1426 127
127 530
530 600
600 1417
1417 149
149 855
855 172
172 1758
1758 1568
1568 1324
1324 1646
1646 1760
1760 1045
1045 865
865 861
861 321
321 1477
1477 31
31 1113
1113 816
816 596
596 14
14 1579
1579 1846
1846 546
546 1478
1478 520
520 544
544 195
195 1782
1782 1776
1776 1002
1002 1497
1497 361
361 405
405 1769
1769 258
258 1731
1731 897
897 507
507 1485
1485 1385
1385 614
614 1682
1682 1498
1498 435
435 418
418 247
247 1669
1669 1621
1621 1762
1762 1898
1898 1516
1516 1564
1564 1050
1050 11
11 1371
1371 1150
1150 112
112 1164
1164 1714
1714 867
867 1114
1114 1756
1756 1471
1471 556
556 989
989 33
33 920
920 1535
1535 1296
1296 1643
1643 841
841 269
269 1287
1287 1288
1288 956
956 1201
1201 1143
1143 1305
1305 628
628 1458
1458 1891
1891 1021
1021 177
177 1831
1831 608
608 728
728 1736
1736 1624
1624 673
673 799
799 290
290 307
307 938
938 646
646 491
491 1491
1491 401
401 155
155 251
251 672
672 1197
1197 1767
1767 297
297 289
289 388
388 1877
1877 1519
1519 1058
1058 360
360 1325
1325 1030
1030 1074
1074 465
465 1165
1165 337
337 1006
1006 1262
1262 1659
1659 1885
1885 1082
1082 1359
1359 643
643 640
640 197
197 91
91 612
612 521
521 1183
1183 350
350 1834
1834 1668
1668 1921
1921 1929
1929 1192
1192 754
754 902
902 1244
1244 103
103 154
154 1321
1321 1281
1281 567
567 1710
1710 1303
1303 124
124 655
655 1118
1118 1233
1233 519
519 466
466 346
346 1442
1442 1786
1786 1257
1257 393
393 856
856 1791
1791 1115
1115 1076
1076 563
563 1130
1130 1715
1715 49
49 47
47 745
745 1551
1551 59
59 660
660 1864
1864 1395
1395 893
893 1571
1571 63
63 1246
1246 1999
1999 1022
1022 524
524 1901
1901 523
523 76
76 271
271 1717
1717 1634
1634 65
65 458
458 1141
1141 399
399 410
410 839
839 1312
1312 98
98 1933
1933 1543
1543 406
406 1194
1194 1747
1747 1800
1800 842
842 1023
1023 1133
1133 398
398 1056
1056 259
259 1965
1965 1539
1539 1824
1824 948
948 895
895 34
34 753
753 1186
1186 535
535 1946
1946 552
552 1620
1620 1704
1704 1530
1530 1009
1009 830
830 7
7 933
933 121
121 280
280 1334
1334 609
609 306
306 1444
1444 404
404 1350
1350 1402
1402 183
183 215
215 1144
1144 803
803 480
480 1614
1614 61
61 1111
1111 89
89 1079
1079 1674
1674 419
419 452
452 364
364 1663
1663 1909
1909 1524
1524 1598
1598 390
390 496
496 1119
1119 1514
1514 1698
1698 1600
1600 1419
1419 1067
1067 1523
1523 626
626 571
571 1187
1187 1087
1087 1465
1465 1871
1871 574
574 1319
1319 498
498 223
223 582
582 1618
1618 980
980 1405
1405 1386
1386 454
454 1759
1759 873
873 1653
1653 1297
1297 1515
1515 1750
1750 827
827 1422
1422 379
379 1903
1903 767
767 734
734 1728
1728 178
178 1268
1268 927
927 1966
1966 593
593 1851
1851 1391
1391 1827
1827 663
663 138
138 1108
1108 1479
1479 1518
1518 1752
1752 580
580 1991
1991 181
181 1550
1550 1628
1628 641
641 1722
1722 604
604 1394
1394 373
373 1569
1569 1128
1128 1795
1795 1629
1629 1035
1035 845
845 1234
1234 1917
1917 1806
1806 349
349 325
325 462
462 1912
1912 1027
1027 1650
1650 16
16 1349
1349 725
725 936
936 1828
1828 57
57 1407
1407 1149
1149 1226
1226 813
813 1977
1977 777
777 497
497 1043
1043 1084
1084 1849
1849 213
213 1259
1259 590
590 150
150 591
591 367
367 1231
1231 409
409 577
577 1432
1432 1511
1511 1803
1803 1072
1072 804
804 1210
1210 186
186 18
18 901
901 894
894 695
695 456
456 899
899 1208
1208 1513
1513 481
481 53
53 1820
1820 211
211 1174
1174 1743
1743 1348
1348 581
581 1625
1625 892
892 1811
1811 1261
1261 846
846 779
779 538
538 1562
1562 1214
1214 165
165 301
301 1390
1390 720
720 503
503 304
304 1604
1604 482
482 1954
1954 664
664 806
806 1358
1358 1845
1845 1976
1976 179
179 1823
1823 1808
1808 283
283 783
783 1958
1958 1943
1943 1450
1450 1420
1420 679
679 675
675 1802
1802 772
772 1060
1060 459
459 1757
1757 990
990 1819
1819 1461
1461 932
932 791
791 316
316 1094
1094 1987
1987 536
536 374
374 463
463 1541
1541 1580
1580 706
706 1382
1382 1203
1203 625
625 1955
1955 1351
1351 1232
1232 712
712 446
446 966
966 106
106 854
854 1540
1540 1309
1309 1179
1179 68
68 1073
1073 12
12 988
988 1738
1738 1720
1720 778
778 460
460 1418
1418 832
832 1336
1336 376
376 372
372 1315
1315 1726
1726 1132
1132 1545
1545 1963
1963 1046
1046 484
484 292
292 116
116 1627
1627 970
970 1997
1997 877
877 879
879 863
863 1926
1926 1590
1590 303
303 1639
1639 1061
1061 1741
1741 786
786 274
274 1520
1520 1656
1656 1679
1679 694
694 929
929 1033
1033 1658
1658 1989
1989 411
411 10
10 206
206 708
708 1414
1414 174
174 313
313 311
311 1633
1633 494
494 1692
1692 891
891 391
391 1340
1340 1256
1256 225
225 541
541 134
134 145
145 193
193 550
550 950
950 442
442 60
60 412
412 87
87 875
875 1019
1019 1533
1533 1193
1193 642
642 1655
1655 29
29 158
158 771
771 189
189 133
133 36
36 387
387 201
201 937
937 1236
1236 1337
1337 487
487 1754
1754 473
473 1883
1883 978
978 1676
1676 1428
1428 1219
1219 1972
1972 370
370 1484
1484 32
32 1293
1293 232
232 20
20 257
257 627
627 1865
1865 1189
1189 1781
1781 432
432 328
328 1306
1306 1506
1506 569
569 579
579 1162
1162 1473
1473 344
344 775
775 1024
1024 1250
1250 1788
1788 1575
1575 492
492 515
515 483
483 1734
1734 378
378 1191
1191 840
840 1012
1012 273
273 983
983 1253
1253 1936
1936 1706
1706 1874
1874 382
382 190
190 82
82 1472
1472 1055
1055 1416
1416 1065
1065 1686
1686 815
815 1499
1499 70
70 1970
1970 796
796 1857
1857 1044
1044 726
726 817
817 457
457 1086
1086 1867
1867 1199
1199 30
30 1464
1464 907
907 1838
1838 1003
1003 477
477 1623
1623 1429
1429 1893
1893 558
558 1787
1787 1093
1093 400
400 451
451 857
857 1532
1532 908
908 1918
1918 1273
1273 862
862 699
699 1081
1081 952
952 707
707 173
173 636
636 1152
1152 1091
1091 1681
1681 1289
1289 493
493 597
597 1071
1071 263
263 424
424 1269
1269 444
444 1104
1104 718
718 958
958 1915
1915 1263
1263 1098
1098 1841
1841 1879
1879 1011
1011 126
126 469
469 1276
1276 1647
1647 319
319 761
761 594
594 1184
1184 1220
1220 1998
1998 1790
1790 732
732 66
66 820
820 461
461 1381
1381 369
369 561
561 852
852 787
787 1940
1940 705
705 1779
1779 83
83 790
790 1988
1988 1582
1582 1488
1488 1735
1735 1455
1455 1383
1383 993
993 357
357 692
692 1396
1396 957
957 955
955 375
375 944
944 1474
1474 1335
1335 1809
1809 757
757 986
986 1906
1906 120
120 977
977 1388
1388 1015
1015 1636
1636 54
54 1413
1413 342
342 603
603 216
216 268
268 1967
1967 1729
1729 1923
1923 770
770 1986
1986 1447
1447 631
631 389
389 1482
1482 443
443 671
671 105
105 1774
1774 169
169 417
417 962
962 844
844 78
78 1013
1013 896
896 1534
1534 1801
1801 117
117 1298
1298 731
731 717
717 131
131 684
684 971
971 26
26 1260
1260 583
583 1638
1638 1245
1245 654
654 1908
1908 1355
1355 1829
1829 1304
1304 1230
1230 763
763 1861
1861 953
953 99
99 1270
1270 768
768 1619
1619 762
762 1914
1914 788
788 1525
1525 1352
1352 1608
1608 1344
1344 1971
1971 1927
1927 139
139 1181
1181 617
617 814
814 1567
1567 371
371 300
300 1090
1090 279
279 1764
1764 518
518 1080
1080 510
510 961
961 40
40 859
859 618
618 1815
1815 1911
1911 254
254 1466
1466 666
666 1766
1766 853
853 1651
1651 527
527 81
81 340
340 1723
1723 1959
1959 1459
1459 315
315 314
314 1301
1301 1797
1797 696
696 1780
1780 221
221 750
750 291
291 1555
1555 293
293 1070
1070 1066
1066 823
823 1536
1536 1159
1159 380
380 275
275 1107
1107 1557
1557 294
294 333
333 1435
1435 940
940 430
430 912
912 629
629 785
785 959
959 881
881 184
184 917
917 56
56 570
570 516
516 227
227 203
203 230
230 242
242 976
976 95
95 428
428 709
709 1552
1552 1037
1037 104
104 1425
1425 851
851 1034
1034 132
132 1137
1137 1683
1683 287
287 1712
1712 214
214 1932
1932 1038
1038 1018
1018 431
431 1739
1739 1848
1848 1504
1504 1763
1763 805
805 1436
1436 607
607 1852
1852 910
910 1095
1095 566
566 397
397 924
924 578
578 1242
1242 310
310 1047
1047 1020
1020 472
472 352
352 542
542 1799
1799 821
821 96
96 903
903 1622
1622 585
585 1361
1361 513
513 1899
1899 572
572 973
973 1343
1343 1489
1489 1574
1574 38
38 1957
1957 407
407 1476
1476 965
965 1992
1992 782
782 1742
1742 1677
1677 1617
1617 1221
1221 923
923 1508
1508 1930
1930 395
395 1666
1666 1814
1814 1300
1300 1585
1585 747
747 1397
1397 110
110 1195
1195 1017
1017 474
474 677
677 1327
1327 784
784 1969
1969 723
723 1493
1493 229
229 1052
1052 1547
1547 1124
1124 23
23 1040
1040 200
200 900
900 204
204 974
974 246
246 547
547 1238
1238 554
554 512
512 1928
1928 934
934 1719
1719 1483
1483 1974
1974 1326
1326 509
509 1177
1177 1062
1062 153
153 1596
1596 826
826 647
647 1097
1097 146
146 1202
1202 751
751 1129
1129 27
27 1667
1667 413
413 284
284 797
797 619
619 386
386 1770
1770 667
667 969
969 526
526 1996
1996 1271
1271 1456
1456 812
812 453
453 658
658 794
794 1028
1028 531
531 234
234 1700
1700 1364
1364 334
334 1401
1401 1451
1451 285
285 1994
1994 1240
1240 837
837 1822
1822 162
162 847
847 559
559 255
255 1934
1934 347
347 1825
1825 75
75 450
450 1029
1029 1392
1392 2000
2000 602
602 416
416 1278
1278 1673
1673 874
874 1905
1905 93
93 1151
1151 930
930 354
354 261
261 1505
1505 884
884 1746
1746 1369
1369 525
525 358
358 836
836 1840
1840 1393
1393 114
114 997
997 1778
1778 217
217 1475
1475 135
135 1941
1941 1740
1740 942
942 1664
1664 1148
1148 180
180 1168
1168 9
9 1092
1092 828
828 1602
1602 1866
1866 606
606 864
864 1267
1267 858
858 449
449 166
166 420
420 1204
1204 719
719 1235
1235 635
635 212
212 714
714 1122
1122 1345
1345 755
755 299
299 67
67 1439
1439 1913
1913 326
326 1755
1755 329
329 1431
1431 1896
1896 42
42 1973
1973 710
710 545
545 1561
1561 1588
1588 1721
1721 1671
1671 309
309 383
383 2
2 1453
1453 1660
1660 584
584 198
198 682
682 1462
1462 1887
1887 1380
1380 928
928 151
151 276
276 256
256 1170
1170 1765
1765 960
960 1180
1180 43
43 1169
1169 1408
1408 620
620 1112
1112 363
363 885
885 1616
1616 669
669 1277
1277 244
244 522
522 1843
1843 222
222 188
188 681
681 1595
1595 1188
1188 1280
1280 622
622 439
439 422
422 810
810 1950
1950 1772
1772 308
308 657
657 1363
1363 1810
1810 890
890 543
543 1438
1438 209
209 1855
1855 610
610 1239
1239 368
368 941
941 982
982 833
833 1026
1026 356
356 807
807 1696
1696 1016
1016 125
125 1613
1613 1875
1875 1291
1291 278
278 683
683 298
298 207
207 1251
1251 1078
1078 1792
1792 1329
1329 756
756 1978
1978 1804
1804 88
88 769
769 1266
1266 1745
1745 185
185 1494
1494 829
829 994
994 560
560 1644
1644 330
330 831
831 1904
1904 1793
1793 1675
1675 1492
1492 738
738 665
665 1374
1374 191
191 1302
1302 1025
1025 1773
1773 277
277 1605
1605 423
423 922
922 1813
1813 1265
1265 253
253 1366
1366 1412
1412 1134
1134 85
85 702
702 341
341 1229
1229 464
464 1630
1630 735
735 320
320 764
764 668
668 517
517 1876
1876 1832
1832 1005
1005 22
22 1870
1870 108
108 809
809 1209
1209 689
689 170
170 164
164 690
690 1709
1709 586
586 906
906 598
598 624
624 136
136 502
502 674
674 1548
1548 1863
1863 1711
1711 869
869 1404
1404 565
565 595
595 1775
1775 175
175 470
470 1649
1649 1654
1654 1166
1166 1594
1594 445
445 322
322 1328
1328 441
441 421
421 199
199 1131
1131 384
384 1584
1584 55
55 1196
1196 1761
1761 1556
1556 1172
1172 168
168 438
438 1708
1708 951
951 1457
1457 1980
1980 1952
1952 1606
1606 385
385 1272
1272 1749
1749 564
564 1437
1437 575
575 1102
1102 1960
1960 1979
1979 678
678 1161
1161 28
28 540
540 1212
1212 118
118 1835
1835 1294
1294 500
500 1089
1089 880
880 260
260 1610
1610 724
724 436
436 1468
1468 1346
1346 688
688 1961
1961 1601
1601 876
876 1332
1332 1689
1689 1612
1612 1403
1403 381
381 1694
1694 740
740 1356
1356 1753
1753 1274
1274 1657
1657 995
995 1158
1158 1452
1452 793
793 282
282 489
489 1878
1878 741
741 592
592 1631
1631 1553
1553 1365
1365 1884
1884 41
41 19
19 1737
1737 693
693 649
649 13
13 1951
1951 1798
1798 396
396 80
80 1145
1145 1372
1372 651
651 339
339 1697
1697 697
697 904
904 648
648 1868
1868 749
749 1531
1531 286
286 62
62 1546
1546 1454
1454 1632
1632 403
403 1155
1155 1224
1224 1784
1784 532
532 1182
1182 943
943 739
739 1100
1100 742
742 670
670 1430
1430 6
6 1805
1805 1051
1051 1445
1445 262
262 236
236 1178
1178 985
985 1004
1004 97
97 58
58 1935
1935 1603
1603 1529
1529 623
623 46
46 1370
1370 1049
1049 5
5 1925
1925 147
147 187
187 355
355 1593
1593 914
914 872
872 808
808 870
870 866
866 1339
1339 1341
1341 1558
1558 1889
1889 630
630 589
589 1440
1440 1354
1354 1563
1563 1526
1526 528
528 1984
1984 615
615 652
652 336
336 1589
1589 752
752 766
766 1693
1693 1167
1167 984
984 1931
1931 1446
1446 317
317 113
113 1716
1716 1652
1652 1995
1995 1751
1751 1254
1254 1347
1347 931
931 1116
1116 613
613 1771
1771 1853
1853 1200
1200 1299
1299 1777
1777 394
394 427
427 1
1 1285
1285 130
130 1507
1507 220
220 945
945 800
800 1554
1554 1748
1748 1228
1228 1894
1894 1626
1626 1982
1982 1501
1501 1910
1910 1106
1106 848
848 1360
1360 1213
1213 196
196 264
264 479
479 414
414 490
490 122
122 1156
1156 1286
1286 1500
1500 1572
1572 551
551 1678
1678 51
51 511
511 1818
1818 332
332 245
245 1648
1648 281
281 703
703 429
429 639
639 1566
1566 210
210 1160
1160 680
680 539
539 1732
1732 218
218 1487
1487 1938
1938 505
505 1962
1962 1338
1338 1317
1317 1690
1690 1812
1812 533
533 1902
1902 605
605 1264
1264 1502
1502 1398
1398 102
102 90
90 1993
1993 921
921 537
537 963
963 1295
1295 1839
1839 1576
1576 964
964 1467
1467 1434
1434 323
323 1947
1947 1844
1844 1314
1314 296
296 163
163 1573
1573 50
50 1064
1064 916
916 1153
1153 1702
1702 240
240 704
704 1375
1375 142
142 1542
1542 1785
1785 968
968 64
64 1109
1109 1510
1510 1460
1460 849
849 1730
1730 1099
1099 1123
1123 1821
1821 1900
1900 440
440 1068
1068 1039
1039 37
37 878
878 1433
1433 434
434 1241
1241 305
305 24
24 208
208 128
128 17
17 1139
1139 1517
1517 1252
1252 348
348 1559
1559 638
638 1783
1783 288
288 1956
1956 954
954 1255
1255 1469
1469 1448
1448 1190
1190 887
887 653
653 448
448 1308
1308 713
713 1768
1768 74
74 3
3 919
919 1577
1577 1920
1920 1279
1279 811
811 111
111 1103
1103 1322
1322 789
789 331
331 506
506 687
687 228
228 911
911 1110
1110 1318
1318 562
562 1117
1117 1578
1578 1560
1560 359
359 1357
1357 659
659 265
265 194
915
757
988
116
893
885
325
118
735
447
246
427
872
230
220
376
975
391
870
475
188
817
681
974
29
579
691
849
464
507
228
473
252
317
171
465
971
658
104
602
869
751
765
90
214
892
296
192
295
956
930
119
394
555
840
624
377
891
296
459
337
879
299
961
304
534
745
426
60
498
170
47
31
988
710
302
103
569
57
874
607
494
539
149
809
195
461
794
338
947
278
164
713
148
627
649
890
308
587
72
83
946
281
632
566
424
174
818
175
671
991
247
907
724
170
436
571
851
180
551
327
926
218
284
787
525
222
975
19
916
575
634
465
458
728
826
81
362
596
214
194
960
56
135
458
691
893
204
223
385
761
202
689
282
265
142
158
464
191
58
119
707
955
820
404
738
23
842
567
819
8
223
514
449
832
22
258
358
408
734
366
117
336
624
795
391
893
771
465
493
803
103
458
1000
233
923
277
758
837
682
466
40
625
682
146
448
790
974
780
936
395
740
384
637
336
558
727
938
81
917
613
771
352
165
457
196
624
994
680
626
46
474
180
701
96
888
151
0
219
959
112
626
212
770
932
683
243
65
163
91
266
216
807
604
709
764
475
240
315
851
715
886
517
923
999
98
141
559
253
55
303
126
490
444
619
761
805
789
600
327
933
865
410
694
704
879
635
981
267
262
614
436
615
621
213
954
267
790
744
597
404
68
440
405
973
331
262
775
756
645
451
106
450
610
610
418
905
57
530
814
228
837
952
91
371
746
73
480
747
799
992
932
621
703
197
901
273
109
876
607
810
557
98
484
44
288
709
979
370
279
155
647
86
715
894
785
543
721
998
270
238
137
769
340
77
126
387
783
537
472
597
431
368
419
545
431
107
487
358
617
860
492
756
839
844
695
466
267
562
343
454
188
290
915
665
873
644
313
307
512
263
25
881
334
239
309
658
44
388
307
446
460
692
926
25
710
569
242
339
738
837
775
805
518
81
54
915
630
934
622
638
480
78
972
242
853
80
842
775
965
837
459
565
519
837
424
42
986
738
710
512
340
699
355
42
393
504
306
415
429
536
372
419
811
273
288
26
24
526
833
35
647
468
674
65
139
509
106
925
336
394
406
486
434
90
181
468
215
865
926
263
485
516
451
167
343
382
352
94
851
169
826
405
101
941
993
240
91
687
601
931
684
653
156
486
624
815
600
287
233
278
770
302
301
720
697
606
899
138
223
701
881
943
145
320
419
947
401
937
850
457
647
778
233
753
231
684
115
177
459
930
321
109
684
33
251
195
510
708
798
537
997
294
844
831
644
283
201
482
624
346
654
1
351
845
200
388
645
483
364
397
353
580
758
652
823
75
166
896
385
386
867
359
531
832
230
517
825
97
223
93
710
558
368
944
736
642
259
330
780
15
278
911
240
899
109
597
604
695
767
26
774
892
825
421
346
475
256
622
896
562
18
161
23
739
515
62
979
935
277
367
463
277
161
145
263
690
876
871
175
875
900
986
581
285
124
776
699
999
296
145
29
362
406
803
605
696
814
769
884
565
266
260
827
414
188
674
847
413
936
772
758
790
578
167
210
993
858
819
822
202
543
871
445
392
613
876
45
514
106
152
810
933
959
538
420
514
448
631
752
159
423
987
740
211
121
573
520
738
404
79
63
678
853
377
500
29
260
36
62
573
534
167
358
812
199
133
802
882
860
865
883
5
105
296
187
667
75
878
614
691
902
318
281
742
793
549
162
66
67
531
590
586
814
60
903
358
588
794
560
464
415
80
191
484
215
380
428
401
30
90
663
411
676
623
443
538
591
991
539
418
14
865
700
15
498
695
88
261
918
190
201
336
390
642
406
785
894
818
775
990
699
380
597
497
229
502
200
209
535
649
111
617
142
205
690
357
735
798
325
799
430
783
160
71
722
706
194
307
487
253
311
31
569
369
401
707
922
963
214
633
537
605
425
223
290
513
737
603
79
228
514
439
736
227
895
249
42
829
895
45
894
356
712
461
859
437
971
438
851
623
51
133
716
769
107
986
122
13
777
452
398
298
392
316
571
240
116
393
682
391
281
649
876
140
824
508
514
198
642
994
622
9
894
179
956
624
24
988
252
947
806
664
644
186
68
359
760
445
714
911
418
326
686
22
377
467
262
137
622
783
731
882
545
918
97
47
316
35
459
842
514
586
982
545
255
543
521
623
765
601
569
947
949
659
424
12
961
697
436
578
220
655
683
22
626
551
469
144
354
63
783
490
904
889
550
7
427
251
417
195
191
542
798
863
127
725
204
208
29
2
236
509
890
816
273
123
135
324
23
524
488
570
26
552
786
673
637
462
646
258
300
312
484
804
784
374
700
710
271
157
8
446
633
369
200
632
637
969
681
54
125
383
500
227
434
645
61
892
246
886
680
153
165
495
315
160
270
126
415
443
689
154
956
497
616
346
966
66
616
517
389
426
272
204
291
44
791
339
600
514
276
95
383
110
504
347
182
851
598
515
735
511
419
644
16
691
523
964
882
105
845
991
520
218
922
620
362
961
995
338
768
228
250
291
911
997
286
344
101
106
741
964
681
16
209
8
368
691
294
838
432
313
808
172
130
635
215
976
127
307
53
255
336
874
98
168
734
378
247
713
515
956
126
881
929
210
863
617
936
848
483
89
248
273
835
904
734
766
764
102
841
156
395
53
166
688
888
426
765
597
882
278
532
196
320
347
774
478
985
487
281
463
309
673
840
266
66
505
912
255
691
420
738
206
102
106
393
819
390
87
850
922
402
98
48
154
192
471
532
664
108
156
881
150
378
140
920
810
584
388
422
287
370
739
467
123
684
782
706
972
645
82
281
581
300
187
138
130
484
791
978
491
911
984
456
288
162
384
580
401
274
522
945
806
795
737
359
518
588
698
844
514
862
147
527
770
711
990
774
282
216
122
3
915
929
254
254
516
16
788
202
473
851
948
252
356
572
913
666
611
804
283
584
255
482
123
986
426
42
75
307
58
952
431
173
942
996
351
195
282
991
87
226
271
687
676
837
792
103
47
859
194
328
547
431
467
942
895
454
896
44
655
594
741
856
911
396
376
334
421
592
121
897
584
861
999
407
276
922
653
121
776
701
868
807
73
185
718
892
246
874
199
803
960
1
143
147
182
760
537
420
542
188
240
355
56
552
59
404
360
710
724
368
297
543
668
946
2
150
703
334
860
830
355
182
377
766
29
94
20
807
556
449
51
495
223
429
346
413
184
358
30
35
632
222
34
470
510
884
748
389
971
951
621
642
845
778
746
897
60
288
58
334
886
905
561
985
187
413
704
863
758
880
542
699
843
257
609
962
417
758
190
508
349
604
951
853
984
105
250
495
483
547
727
659
228
233
363
135
140
562
687
473
240
37
938
541
656
167
263
801
679
796
49
190
237
242
497
929
921
946
31
640
715
482
916
664
68
961
389
26
393
344
357
246
977
363
270
444
148
155
346
342
592
898
76
27
892
324
878
513
462
571
252
617
115
177
315
425
420
960
308
107
432
879
680
827
115
366
296
631
868
918
614
840
621
896
979
998
754
402
898
246
7
935
597
224
368
102
299
929
956
656
485
949
989
998
231
420
28
541
177
839
667
0
90
754
901
440
178
92
894
837
773
689
174
342
154
345
858
735
891
405
805
843
45
593
30
852
212
859
787
337
104
769
664
354
589
322
243
651
510
260
397
920
436
366
369
812
867
880
451
304
205
554
177
581
441
197
104
23
253
799
118
226
528
933
833
375
606
910
356
833
463
444
863
446
274
758
166
43
340
732
142
666
691
279
243
159
755
115
712
339
801
469
663
930
445
26
515
241
635
219
161
497
139
70
859
943
50
452
904
860
37
786
876
344
36
701
27
958
114
323
221
492
150
842
822
283
828
635
44
248
295
908
303
171
686
428
755
367
607
215
17
431
10
358
560
963
240
937
109
487
541
260
871
428
639
730
443
663
396
15
795
717
310
919
844
357
911
364
861
468
746
250
416
224
356
226
840
243
640
600
765
605
267
987
240
696
911
775
805
566
832
235
914
726
539
613
480
234
980
881
960
288
510
485
75
533
290
791
800
75
368
122
612
872
649
310
571
414
389
794
886
370
90
409
547
776
399
943
806
666
604
163
111
932
417
395
964
706
409
316
710
184
362
377
584
130
258
816
115
279
851
112
3
509
949
722
524
61
770
952
407
231
152
639
384
48
360
642
911
193
780
92
499
17
81
38
586
78
827
297
476
735
505
877
197
818
350
140
29
492
788
815
268
865
524
45
116
85
468
869
275
209
759
169
896
38
258
162
510
920
45
749
98
245
654
965
302
943
358
800
713
551
56
582
341
921
604
373
746
591
521
134
370
514
211
990
279
4
560
151
893
439
596
685
280
665
904
637
308
709
891
491
150
941
127
538
730
114
412
33
53
321
952
27
64
775
872
843
95
406
421
982
658
412
608
846
858
942
432
126
315
359
559
97
677
498
595
471
752
687
72
408
380
793
846
843
82
921
25
899
211
560
419
540
446
53
366
660
947
705
910
697
436
533
300
710
