2000 1999
1166 1581
659 1166
1903 1581
1782 659
1053 1782
361 659
1809 659
1811 1809
1159 659
1497 1809
847 361
1440 361
931 1166
696 1809
1986 1903
1136 1782
894 361
1490 1581
811 1581
1551 1440
949 1551
529 1053
1156 1490
588 1986
326 588
1726 1490
1794 1986
645 847
1161 1986
505 696
349 326
375 1053
539 1903
1667 1903
1034 811
100 1490
599 361
468 1986
1843 645
259 1159
1138 468
1122 588
1320 696
1346 1551
1040 1122
123 1490
1842 1156
1758 949
1491 1782
1054 123
1743 1166
1966 949
1453 894
424 123
1219 811
657 1040
859 375
1742 1490
1314 645
764 645
616 1742
1061 361
1798 1054
844 931
1022 1986
1415 1122
1373 1136
866 375
1835 1040
778 1161
1666 424
1273 1490
1540 1440
509 1373
682 645
1220 539
1888 1136
37 259
1377 616
901 1273
38 1415
1481 1161
985 1061
265 859
1701 949
1222 1782
1046 505
995 844
1458 1758
671 1156
631 995
1032 123
286 631
170 1415
181 1415
1487 123
1821 265
496 38
840 631
647 375
1109 1986
379 931
1018 1743
1976 349
285 1842
789 1551
1369 1440
869 509
374 1061
1331 1540
572 1166
1368 509
1121 1726
1586 1061
1532 1109
626 1586
1590 1758
896 1032
1186 1161
602 424
484 1551
1545 1888
1592 1320
990 896
1676 38
546 1481
1151 1986
351 424
653 468
946 599
1577 1346
827 1377
1471 1046
1968 1809
1242 894
1064 1159
307 588
257 326
1355 379
1779 1355
332 653
639 1481
280 696
384 1220
1157 1471
308 1743
13 1551
621 1161
1335 1545
249 529
908 1976
786 1809
470 1590
240 1903
1036 384
796 1458
1058 1109
1801 1666
22 361
1935 572
710 572
493 901
1952 1545
1267 1034
1770 1040
1489 1220
1732 249
856 1952
1851 351
84 285
823 257
755 1151
1936 1355
1764 1545
1537 1373
872 859
1908 280
1763 1908
147 1415
928 1121
892 1811
729 496
1583 859
1709 682
1826 847
1228 1166
1890 682
1724 1122
1144 645
1930 1724
229 599
1418 827
932 1763
388 626
925 872
222 764
411 645
30 696
1828 1415
598 1828
109 1335
205 285
81 493
227 1228
1875 1701
63 764
1607 639
6 1770
478 529
191 257
1410 1355
1163 181
1434 1851
1466 1109
83 1908
1038 946
223 901
1530 1487
232 1109
207 222
1628 1157
1424 509
380 478
261 1466
1016 1377
127 100
752 1811
1638 539
1478 789
177 1903
404 249
1270 1743
841 1491
737 752
1925 1489
1194 1843
1777 1109
167 1491
1953 229
1250 424
1846 1242
80 1545
875 1758
1524 729
575 1220
1265 1136
1280 1471
1357 1779
150 602
781 653
451 1273
1174 1763
1086 985
51 1222
868 509
427 13
1063 1777
360 470
656 1801
973 1809
1420 1194
1950 1377
1129 493
1813 946
149 1842
897 529
224 149
1861 1368
607 671
813 755
295 1038
1691 1782
1612 866
1409 896
317 1314
1575 295
573 1046
1531 856
391 1034
1448 427
1898 326
201 764
1978 388
1905 1265
1522 985
799 1144
966 1018
1499 946
92 1440
1974 1531
1723 167
1752 1320
1047 147
739 949
1319 894
782 1974
934 227
775 866
61 645
1180 81
1158 1022
1549 1314
262 682
416 1064
1916 391
1329 1794
623 1458
994 896
192 946
1552 1109
848 869
1187 207
900 656
1358 1491
1582 1144
751 1122
923 1242
1918 13
1494 1335
1502 1666
1214 626
1012 1222
933 1552
703 823
1807 1537
1332 1481
1072 317
1755 1724
1740 1016
1100 496
832 931
1029 739
610 616
1207 1782
453 1530
1470 1667
566 934
400 1064
297 1470
1394 1930
1703 1151
1168 933
1451 1161
266 1314
1293 1916
614 610
1283 778
1599 1532
1312 1054
638 1214
1673 575
352 1458
528 1038
964 92
183 1129
497 1357
660 1047
1235 191
219 1537
370 1835
1834 351
1111 1144
1776 1537
1785 660
1637 384
1602 1709
537 219
1985 261
1483 1409
1051 262
1687 1267
104 1916
36 932
708 1522
1816 1602
712 908
474 528
305 712
1999 1908
1088 1481
1310 966
1907 639
824 1540
714 1676
989 1163
1661 1758
1462 92
646 1976
410 813
235 326
1600 147
935 84
988 1779
720 1935
679 1673
1205 896
1901 1691
1294 824
1324 638
1810 764
386 1235
283 923
1831 307
1454 1494
107 283
143 1064
562 1053
553 1918
766 813
956 1373
822 1952
1652 1709
1565 1809
1135 1968
972 856
1285 1666
1990 1763
691 1228
1442 1676
1496 892
1077 631
450 1843
784 712
1305 1329
174 638
1480 1918
727 259
1447 1051
1123 375
1965 575
1858 451
1671 671
1301 1357
1457 1811
50 205
958 1151
45 714
1647 896
745 1575
1327 1320
274 1612
1287 1285
188 1807
1411 539
1689 994
642 923
1041 875
746 1480
689 1314
1330 866
1190 727
1435 1088
1467 1451
331 1599
299 1451
1955 1478
1475 1051
1363 1329
1781 388
236 928
464 1357
1213 1763
118 1552
1284 1499
1585 823
1236 710
281 416
1338 1676
1824 1671
155 1779
1389 183
346 1851
1632 712
1152 1901
1372 317
1714 824
1432 1974
981 123
851 1205
538 1432
1946 375
43 981
814 1273
576 1435
1750 1312
1727 932
4 404
467 346
1255 1088
1388 1363
1020 464
556 1442
1967 599
420 1491
1309 1111
683 1582
788 384
1202 556
541 1324
1337 92
1132 1202
1511 814
700 1540
578 1652
915 1041
1771 1222
300 539
413 1687
1715 305
563 232
530 1072
1070 566
1690 1491
1249 1811
922 1329
1626 1612
879 1156
1107 1489
440 696
160 1335
1845 280
777 1329
1218 1637
255 167
1716 1785
140 1858
767 1794
1847 1301
1681 1424
35 530
1964 6
1460 1946
1814 1032
1238 1667
1017 868
852 307
554 1368
412 386
1679 859
1184 1809
1754 1637
1366 261
1538 1875
779 671
574 708
586 1070
585 1494
1339 868
1465 464
1665 1029
1792 1320
1598 326
567 1810
1728 602
1645 149
260 468
1008 691
1350 1487
1924 1835
1200 1540
1147 538
1571 37
1786 1953
836 235
1069 1986
1969 869
246 1671
801 478
613 51
1145 1496
812 840
1896 1287
371 30
1622 467
1789 1607
302 1312
279 22
1395 1466
803 1168
1113 779
1604 801
76 1200
594 1908
975 1205
798 43
1593 546
674 1442
1049 1905
311 1411
1112 1029
1775 1875
1616 1758
1957 1861
55 1754
1091 109
1605 739
72 567
510 1622
245 1755
1396 1064
880 1310
476 1607
44 788
624 1626
1606 1265
393 1490
1736 361
1347 1017
134 1267
772 528
47 671
1662 285
1932 1612
67 1435
758 22
364 261
650 1925
609 752
276 623
1856 1265
1393 279
1608 646
1179 811
1797 1008
748 1366
363 712
1204 1549
1404 1916
1037 576
340 1267
914 1267
584 784
459 1487
187 751
768 1732
1933 796
215 1801
120 1532
860 424
1106 650
99 567
702 1152
943 1716
208 1652
204 958
1804 99
339 981
1873 1012
855 1575
889 1715
522 1460
1841 1410
1694 1782
715 1432
91 1355
1361 1267
212 140
66 1138
1154 1100
69 393
1172 1955
481 1200
1353 772
1527 118
62 908
309 262
93 1690
323 1676
741 856
1633 922
685 727
735 1377
1961 1283
244 1312
828 92
1909 38
1649 1249
9 1111
1271 80
284 1205
1971 235
1668 1467
49 848
1624 685
1217 1320
1437 626
132 949
1883 1460
1162 1434
1334 896
910 1633
1515 1750
178 1624
1392 1637
1995 1411
78 1652
1749 1121
248 302
89 566
469 1447
886 1194
1894 1649
1484 1388
1513 775
172 1875
1050 1736
936 755
1078 1842
601 219
270 1577
1684 1758
916 1565
1778 1106
955 1337
344 1826
136 1363
1640 1585
337 1494
290 700
1188 1918
1125 36
1371 1786
810 777
1658 715
903 556
1635 1078
1115 1821
347 1462
449 317
765 63
1412 777
377 69
1403 349
676 62
1879 671
665 824
951 1890
846 1100
1849 1394
325 1187
603 1586
444 347
1646 1590
1833 908
198 1847
867 393
1871 1481
526 257
503 900
725 181
1289 118
853 1312
1518 642
805 104
797 1458
1712 621
1146 1527
1288 1968
568 299
24 1331
1224 1489
1791 855
1783 1418
1066 1162
1803 1335
490 1453
359 380
1359 556
289 1586
254 1649
1413 280
1731 1842
1127 779
1344 782
1278 799
263 1334
1815 729
1263 1235
252 779
1578 1490
211 852
1865 38
1300 855
724 814
1560 1804
918 886
1215 1217
1529 81
2 1359
354 1447
1921 796
251 674
677 1371
1576 300
7 840
1735 653
419 1831
1441 737
1641 656
220 1607
1137 1545
1464 1236
180 1285
482 714
579 855
1336 988
986 1489
1625 1843
996 1691
1793 1532
173 1602
1375 1890
540 1412
1660 1410
60 725
1848 556
804 50
838 1527
1317 674
142 1961
1002 370
536 149
1739 610
1543 1646
1887 379
106 682
1539 160
350 1703
1984 1585
1177 150
1928 80
202 289
1248 1355
1525 172
1900 308
221 933
1675 1460
883 799
1299 1242
141 1146
367 1925
1444 576
1160 811
834 1447
401 1135
1557 1202
195 928
365 410
1920 1441
1195 1289
1433 1814
1643 1168
1024 879
552 1163
1170 866
980 1162
969 118
527 505
301 202
56 419
247 1831
1416 886
1536 232
278 1984
911 645
1680 985
749 1924
802 1668
200 1712
1251 1652
154 104
1866 1487
372 120
1911 1168
1874 1849
1401 1801
1247 247
1488 84
1076 1488
20 1454
194 1684
1477 1543
488 1413
1189 1215
1005 297
1013 503
1110 1377
783 1529
87 610
1438 37
1627 1255
1959 1525
1882 1395
1093 1242
1542 1743
1808 1543
759 1319
1226 1488
489 1789
1430 1032
688 1404
137 192
1340 1424
953 1582
500 556
175 1918
570 725
1495 1301
771 768
334 1357
1829 935
88 470
343 1393
402 844
1102 1999
887 1359
993 529
304 1224
816 966
397 943
930 1647
1295 1842
1979 981
663 1487
462 207
705 1531
1838 38
105 493
1745 752
596 1716
1854 1714
600 1581
417 650
90 603
1860 1017
661 1363
463 1327
1693 1346
1872 459
1713 943
1043 467
1153 265
277 1363
1563 337
1584 173
1456 1749
1697 575
806 671
461 1883
1526 1278
395 1726
612 1953
1256 410
825 700
357 748
906 221
443 1157
962 552
864 220
569 44
1074 43
1165 1905
830 346
1573 1256
1521 1691
1812 84
1738 1160
1108 1217
673 1366
833 594
1208 614
1636 529
1892 1389
329 147
743 1366
611 552
1751 956
1615 1936
1130 527
1292 985
634 401
654 1829
770 1694
1009 266
1765 443
632 440
1766 1892
560 1151
156 782
1253 155
253 975
1304 1751
633 1113
1244 1480
74 1807
1983 1856
138 864
885 1005
1674 613
1003 951
1917 1969
571 1220
1080 329
873 295
409 1530
1711 510
1275 1679
826 88
233 1047
226 254
158 1860
1486 138
58 413
1316 1029
1819 1049
396 1925
625 1801
1806 804
1685 1984
430 934
315 1957
1139 1127
157 737
595 1058
477 1043
296 150
1191 1643
1240 1309
1068 1324
508 123
26 1300
57 194
902 810
1651 427
1818 1602
101 1600
592 1848
1844 752
1960 45
1535 453
511 1213
1867 1034
1469 1577
583 1530
322 1540
957 1371
133 869
1087 260
1620 1491
1862 1066
693 1894
1737 295
1997 22
1580 270
1482 1174
1570 1645
535 1732
415 1668
485 1207
982 459
1963 729
1323 469
1981 596
94 155
1710 1047
1133 758
1505 828
1761 584
692 1812
1509 657
458 1844
504 1518
1427 632
959 1139
895 35
515 1715
1197 1087
1225 1032
1926 1690
1000 22
1014 270
1354 451
345 1777
210 1953
1241 1680
273 824
1863 63
95 13
1868 720
1677 504
96 1238
944 1188
1623 685
499 1847
909 1310
1654 404
1748 1716
1569 232
706 1369
16 1170
701 1751
1260 1462
736 253
1533 768
1613 283
294 1964
1479 1213
46 1532
961 656
1303 1037
1463 1583
1719 56
77 1918
564 1879
763 1002
432 347
1859 347
514 1470
678 1145
1870 1310
1261 167
1468 444
1721 274
1601 1710
1991 409
1422 1677
228 371
39 1844
272 1200
1391 530
1232 325
1707 840
1351 1480
1286 219
42 848
628 1649
630 1054
1774 578
1276 1776
547 784
1547 1430
250 78
1033 1046
561 1654
924 1100
617 710
1567 1420
1025 1422
406 485
1555 766
984 386
1365 317
1664 1319
1769 419
457 1552
1175 1014
1378 374
1492 1607
733 801
907 1170
306 77
1699 671
581 302
425 1874
1589 955
1931 1107
882 682
550 284
465 1577
383 211
1642 1270
1211 222
898 1964
1379 1664
1150 1955
98 1628
1510 1205
1956 1112
780 894
837 873
1523 232
732 7
1114 1521
1099 1633
442 600
1206 556
649 915
726 247
577 1521
111 202
557 935
1784 674
145 187
545 834
1 780
1062 1100
1534 623
1853 323
1167 1366
399 1916
114 1732
597 623
1090 39
1201 1667
269 72
1408 1921
1839 317
1015 996
1519 1662
1082 1812
629 1481
1919 1839
865 1547
1079 458
1128 592
1380 1267
1315 1494
1246 1539
829 1995
466 411
619 825
800 1249
1949 1128
151 493
1895 873
1356 984
1630 1851
753 284
338 1770
1450 180
1556 746
1913 1887
787 1099
1212 1415
1084 337
324 499
1639 1256
1653 1758
1266 737
1973 875
905 1464
1059 653
287 1542
942 1651
523 1675
1507 567
1947 958
122 1626
1501 1357
164 973
1897 98
303 1645
238 955
144 1879
1514 417
218 245
471 1903
821 1265
1611 420
1802 98
1943 1470
1306 1719
861 869
1302 1261
1341 1487
1878 903
1057 134
312 1152
1944 1375
502 1749
1094 1843
870 301
237 1108
643 284
790 1813
979 1401
992 1677
1143 1232
843 1409
1092 312
1744 451
884 1251
716 643
842 1168
976 266
33 832
1428 1681
176 1154
877 1973
506 424
1922 1158
760 474
794 1781
525 1944
298 716
472 1497
1669 1582
1198 1299
1406 995
534 1542
854 419
25 1145
890 83
102 87
921 1341
1929 741
15 720
1688 1865
831 1344
1360 1839
168 1491
407 696
1307 1645
115 770
3 631
651 1481
687 1526
524 1814
439 916
1558 459
362 118
627 859
501 1389
1210 164
817 276
456 1542
1067 1351
1387 1658
387 1623
1891 852
1134 1920
1259 339
124 150
1493 1204
32 1674
68 384
1553 1926
937 1062
1075 1271
65 1288
403 537
997 1750
512 749
1472 568
871 1671
408 1478
1503 1526
217 976
1579 1502
282 997
59 1689
1857 1521
850 462
1119 625
1192 1451
125 232
213 215
1987 631
1229 1491
549 1238
532 880
1485 861
1609 1133
369 603
1705 1583
1199 961
1698 1450
436 144
378 1721
1603 1687
1124 676
288 1781
1352 265
1588 683
1546 779
209 677
460 720
1436 1457
1767 813
1426 497
1400 550
876 630
128 1076
1030 549
707 1859
1562 1100
34 419
675 851
1474 1351
1899 1464
1822 1136
1914 1000
835 482
785 1165
1700 1783
1209 1000
1096 928
27 1598
1452 1112
148 501
1169 843
1989 1187
445 1284
433 705
1407 24
1939 910
1227 1460
1007 975
1591 157
711 1187
394 763
941 359
405 1069
658 1668
1951 691
1614 1034
1595 338
1512 363
12 1224
1095 1199
1799 1092
498 99
431 1215
699 985
1934 1156
1455 1673
635 92
977 1639
491 821
891 66
904 419
1885 1713
264 1932
952 47
1089 1029
1081 1643
480 47
429 1495
1760 1003
1746 1969
849 1585
342 955
1117 172
1610 88
70 493
1672 988
669 1235
438 1428
1795 118
1508 1276
487 812
580 1628
1942 1763
948 301
373 1703
1768 711
718 133
1164 1675
358 943
1376 895
862 474
130 120
544 1109
874 549
1517 118
318 1699
1706 380
1695 1588
1500 1794
1659 1735
717 1952
1796 324
1390 816
1852 443
1060 1859
1296 1210
1272 1283
1704 512
1837 1651
2000 487
1729 1063
1011 134
414 1373
1234 37
857 570
587 1278
1655 1809
1141 1124
214 931
327 579
1439 710
690 575
1398 477
919 1822
1644 1709
1021 586
1587 1919
1385 1768
521 727
899 1180
1291 1870
447 1327
695 528
929 715
1506 1775
392 471
773 460
1243 1587
1994 478
86 1084
664 854
1185 767
152 1090
452 1612
8 1494
1544 297
1840 1841
1504 1247
719 1020
1313 1174
1938 1460
328 1551
41 386
165 1521
1446 879
543 307
793 80
1722 1359
792 1369
11 260
734 905
116 860
1634 972
1800 383
1173 345
963 91
1881 1301
1126 1526
1830 953
1429 1289
1568 287
1940 1442
310 1197
199 773
795 1634
698 1722
593 1936
1629 1360
335 1991
723 1669
1345 87
185 580
1231 877
1268 45
917 1025
29 758
1692 1802
1998 1492
1445 592
1443 1378
1663 1675
1027 1971
1880 1588
1026 922
1176 538
1773 444
991 586
640 315
256 1810
1118 659
694 1404
336 1569
418 1738
555 860
54 247
1321 822
970 696
1996 896
1039 522
950 1227
1988 1742
82 373
1975 592
1155 1213
381 624
1233 1932
912 1392
1702 1735
1279 1538
1648 401
231 643
1650 1569
668 1552
913 303
1548 403
119 547
243 1983
742 1106
517 535
1383 1858
475 1983
1230 370
1140 1256
1384 43
313 1521
258 640
1142 1545
1223 917
1031 576
1948 365
939 792
267 1602
1906 1839
454 324
1886 1271
1399 47
1596 1344
1326 1933
139 1443
1381 1157
103 1881
947 1224
1962 1671
1954 865
1101 931
48 1773
1120 1387
1196 908
945 528
333 267
382 1219
1254 765
1362 1394
1805 1851
1364 1079
108 981
426 1944
293 1555
1182 287
319 256
1423 570
888 38
1044 1309
878 1957
1561 802
774 1018
1877 1101
666 1822
604 821
126 843
1836 1936
366 1422
216 194
1405 1628
960 1868
179 612
483 1932
441 1190
636 48
435 883
163 664
1370 546
756 1556
1910 1265
1073 828
728 844
1023 1592
1116 1582
1520 560
1397 1434
40 673
1923 901
1741 1857
166 34
1541 1021
1683 192
1747 574
422 1230
542 1127
1343 1822
558 1197
1239 1858
1262 566
644 1961
1004 1227
968 1008
1696 699
1431 1162
321 90
197 944
927 1076
1927 1213
1010 1464
268 729
271 1355
131 1341
1277 214
1290 58
971 325
1257 675
618 1053
518 155
1618 617
203 1504
186 1599
1083 143
591 500
606 796
1028 1917
348 1973
815 1751
159 1852
809 192
1006 226
551 982
637 1378
434 961
455 1683
1311 1023
1282 1431
1459 1426
1181 1655
492 272
1417 1917
1528 6
1308 426
1670 1022
938 890
1516 1676
110 387
398 396
1097 160
355 1556
1221 1376
622 653
1183 1426
486 1751
954 856
1382 1142
1937 20
121 1140
1982 1312
389 578
1682 521
1686 32
1980 440
1734 990
608 283
1992 383
761 622
662 278
1281 302
1756 1025
1103 1607
1621 1450
731 1661
1678 459
291 649
818 1166
1328 1622
1461 976
1823 47
1884 1428
1554 877
1827 1913
667 323
863 63
533 1141
920 639
1148 373
926 1328
839 1897
983 540
652 416
1193 60
648 538
1318 901
605 518
1019 523
1071 1234
1449 971
1104 1062
1264 1946
791 461
1325 1391
565 711
559 198
1349 1618
1322 449
1759 1032
697 1844
1597 1211
1252 296
171 1016
1869 554
1717 860
23 1887
494 1027
153 1765
1171 406
1473 322
1893 667
680 1751
97 1361
807 351
686 1251
520 1666
18 1678
1889 1580
189 862
1566 735
762 1215
1498 419
169 918
1042 485
376 1074
1333 1529
1105 530
987 252
1820 902
1298 707
421 1326
1425 1410
704 606
28 1641
5 1385
75 1096
146 1086
10 660
368 1280
1855 1032
206 822
1149 1429
1348 1083
820 1202
129 777
446 1109
341 1682
423 1835
1972 1779
14 1581
64 11
1657 1358
516 488
1656 452
709 512
17 1453
967 1505
1902 1813
1216 706
845 634
1045 1100
808 120
135 144
1876 1671
819 678
1912 857
1733 566
1574 387
507 821
239 1308
242 1578
1269 1272
330 828
1564 1107
448 807
1274 1868
519 771
1772 1518
161 1801
670 703
292 1427
112 1356
1904 1989
1048 1281
1757 1797
85 1694
1941 1571
356 405
582 880
513 408
1085 1106
1753 614
1720 1132
479 457
1945 189
998 1283
184 1008
1825 1458
473 534
1258 1432
1915 419
684 1441
1993 260
225 1783
974 1024
965 1658
681 1856
1790 729
1419 1656
1718 1344
1421 1602
314 1072
744 186
1631 62
1594 283
1476 1768
196 875
1367 1918
999 848
1056 114
428 127
740 253
230 1324
589 450
1065 211
1977 630
881 296
713 142
1619 366
31 1878
234 1579
1055 1390
776 236
495 952
1850 187
1035 1969
1780 1419
548 1014
52 1746
320 1673
754 319
275 1865
241 651
1708 1750
1414 1488
858 419
893 1476
1178 1236
1342 1793
1245 724
1550 1952
1001 1760
19 1904
1131 1774
750 636
1730 231
655 78
1237 862
1374 286
162 521
1788 205
940 1716
1762 98
73 599
1052 1997
1386 313
1402 1071
1572 1445
1832 1314
79 103
1958 1697
21 1193
1617 1028
730 1508
193 635
1817 197
747 1642
1297 910
721 726
672 408
316 627
1787 1251
71 1799
590 423
531 1968
615 480
978 37
390 487
641 1451
769 1556
53 562
1559 614
1203 253
738 1731
722 1731
182 1451
437 153
190 982
1098 531
1864 840
113 1782
385 695
757 269
620 433
1970 646
1725 1603
117 1821
353 816
593
385
648
235
910
104
388
748
332
912
759
695
75
918
645
545
924
901
971
429
980
83
896
372
642
513
686
909
771
99
960
657
637
681
258
184
36
39
560
830
753
562
233
293
214
550
296
803
339
214
121
963
988
777
289
421
514
502
663
398
147
325
102
918
658
323
298
657
324
709
984
290
975
493
912
284
553
344
979
117
102
783
108
87
941
744
433
446
347
459
321
143
326
525
540
542
900
583
314
16
516
645
800
184
455
406
202
809
100
862
592
935
993
597
648
760
998
227
789
312
868
618
22
656
666
818
111
679
915
720
842
342
519
295
925
355
442
494
800
256
413
402
202
620
592
912
92
688
126
119
608
745
897
425
229
489
510
500
852
252
934
974
825
619
756
831
114
647
903
47
895
351
397
210
443
637
112
344
821
394
48
991
175
946
769
845
310
220
902
992
105
151
982
429
416
956
839
366
766
424
139
409
845
317
101
913
108
317
675
536
379
322
666
734
312
820
662
622
179
393
412
97
108
129
949
500
102
560
95
958
788
108
500
961
196
226
628
620
928
79
966
929
789
330
291
276
421
347
77
566
387
379
491
376
255
776
67
795
18
269
110
149
378
701
40
171
798
841
598
353
841
560
537
219
964
301
464
422
282
72
228
663
201
335
53
46
616
673
376
356
875
935
810
548
132
510
170
640
225
246
421
282
620
449
188
577
67
74
326
766
287
625
794
954
508
984
136
722
810
963
839
518
329
614
364
10
734
753
482
930
225
69
803
445
768
777
355
611
318
307
915
707
447
354
536
229
358
851
13
407
63
173
1000
385
864
943
473
718
375
123
3
653
304
300
416
819
414
912
669
179
279
426
717
53
13
904
361
673
50
109
785
804
580
72
993
200
654
97
869
986
138
742
293
691
471
504
450
862
596
170
414
448
658
112
691
568
647
660
498
195
98
261
247
730
523
150
458
777
391
239
907
834
916
25
578
809
122
958
705
507
696
555
688
854
824
672
991
711
651
251
822
589
474
365
688
915
740
931
360
209
120
747
169
798
854
654
570
529
309
675
467
454
460
226
580
606
236
16
348
78
622
640
946
187
793
293
510
104
945
705
325
395
821
59
523
865
713
429
441
374
697
857
86
896
961
48
175
696
543
443
653
626
367
529
13
638
928
513
36
290
517
659
943
556
530
921
790
844
932
901
739
320
616
651
640
367
421
174
9
248
985
668
880
642
523
403
182
232
15
397
241
836
756
721
593
62
566
963
667
580
854
418
203
261
777
237
592
837
888
489
567
203
247
555
888
169
266
371
476
444
496
53
138
265
118
233
592
244
395
715
577
943
518
308
265
265
730
10
958
984
847
516
767
284
510
456
597
100
16
457
353
59
365
818
884
848
130
870
300
167
483
471
277
171
985
29
568
844
606
995
75
864
151
293
505
59
653
563
602
563
43
488
492
486
697
824
854
172
70
776
987
221
628
838
12
195
48
884
590
300
649
883
63
486
972
123
27
691
0
176
460
872
453
745
362
817
880
789
710
934
43
983
479
285
681
362
388
556
198
900
952
36
240
949
330
901
651
441
223
734
208
528
521
777
740
5
892
767
696
242
546
315
163
909
454
544
680
185
923
84
690
187
960
192
320
633
725
717
750
197
983
991
769
382
367
590
211
828
92
980
874
587
577
760
330
547
113
990
146
958
329
789
483
955
216
222
983
304
423
972
156
111
611
964
89
827
994
298
440
639
872
902
555
29
360
203
256
312
987
486
444
296
742
815
147
961
252
34
265
585
119
146
432
209
683
77
612
240
53
628
887
759
757
639
766
80
370
285
140
607
277
424
283
400
370
467
901
925
852
356
8
277
130
233
851
450
653
875
925
914
622
205
87
192
473
499
64
331
605
478
646
167
480
414
683
276
586
401
882
48
112
636
631
30
924
362
4
153
707
663
232
261
369
642
319
87
730
967
28
313
624
719
880
475
602
32
366
121
53
627
660
90
498
721
117
679
638
813
251
292
960
579
413
632
494
349
448
811
320
643
698
92
968
7
530
59
127
582
739
154
38
514
357
700
615
474
577
77
543
343
422
785
789
308
244
354
771
383
735
881
645
250
157
567
97
882
840
92
740
451
5
97
162
146
196
353
658
860
796
975
691
616
315
542
803
63
801
715
9
782
362
703
443
866
354
204
518
214
530
821
550
474
761
175
951
141
924
838
420
778
843
207
123
951
285
637
697
986
631
419
232
524
883
569
39
396
905
196
195
60
775
631
449
151
42
396
659
946
956
533
971
402
495
838
431
854
689
269
487
841
729
162
432
534
600
110
260
51
885
237
735
30
828
418
568
773
772
850
167
680
795
46
566
16
962
80
307
108
779
21
222
903
461
812
925
41
145
936
285
351
183
976
3
24
961
956
625
81
615
726
29
594
123
65
959
373
654
512
276
248
886
164
827
477
658
429
209
353
604
497
704
601
846
613
944
120
519
191
703
598
289
631
435
627
695
686
863
992
588
166
803
448
873
886
905
314
251
479
49
432
179
287
283
587
358
828
708
776
665
803
54
19
212
673
356
763
377
604
125
484
972
241
526
655
207
6
394
18
510
794
732
795
631
94
277
371
271
882
913
582
63
230
463
324
785
10
74
149
4
414
12
343
106
717
477
0
595
171
688
419
898
324
761
120
571
773
408
968
303
148
856
810
865
262
745
59
154
356
431
223
512
665
883
114
416
803
531
641
670
271
598
241
990
304
198
590
168
481
684
653
582
612
227
161
383
924
340
254
27
36
864
41
795
372
532
441
689
93
667
793
770
561
785
730
176
228
973
260
837
512
537
65
743
493
970
605
428
409
249
116
424
895
489
804
236
472
844
947
656
546
557
837
379
886
118
615
86
770
929
112
334
727
35
931
499
566
842
377
787
118
872
856
171
227
207
562
219
371
368
843
739
485
171
199
452
727
983
906
413
381
213
624
551
491
210
623
648
859
240
191
855
172
750
29
605
502
402
884
146
20
778
891
525
200
887
800
217
875
151
223
53
164
904
343
75
396
241
228
265
442
624
970
837
377
769
20
294
913
891
269
561
674
325
535
67
611
118
155
375
647
322
806
226
807
569
264
956
53
53
827
356
230
31
973
397
719
37
572
582
604
800
867
790
794
738
977
654
237
229
725
561
344
302
170
283
292
829
735
798
677
427
978
361
306
820
642
688
599
135
106
220
361
377
967
30
422
858
96
953
124
954
560
810
109
907
677
529
637
764
441
838
231
416
107
224
676
342
433
734
4
392
208
772
414
772
756
211
138
886
611
171
686
25
201
697
466
213
42
856
259
877
195
551
394
265
107
225
557
518
169
64
659
898
682
226
955
429
112
550
210
39
523
183
350
669
501
48
428
86
7
24
576
657
158
444
208
4
902
143
723
618
159
662
750
526
741
617
712
529
584
242
695
350
621
343
861
721
370
600
829
478
140
587
117
412
468
325
858
384
108
138
58
547
594
517
422
90
264
406
35
832
439
403
749
60
674
566
789
149
971
9
152
658
879
569
611
416
652
989
382
814
681
464
931
206
902
568
764
544
523
274
979
478
927
136
388
64
379
662
523
0
155
92
465
227
56
735
674
578
59
689
60
285
955
694
799
894
266
172
196
559
180
673
283
290
293
104
302
669
708
622
133
548
693
484
288
980
845
960
520
874
280
543
339
396
251
433
109
767
611
955
230
329
760
358
481
180
111
614
355
392
580
417
735
267
365
215
788
332
789
514
205
614
543
731
921
920
356
724
397
195
296
772
570
266
34
16
337
641
860
213
710
172
494
412
61
542
874
262
423
258
869
834
354
507
869
183
646
220
249
132
771
460
320
723
838
467
670
577
684
41
786
170
727
669
722
561
967
92
525
498
371
461
231
247
255
895
953
552
945
557
757
143
94
998
11
234
266
728
972
377
87
927
870
388
293
521
479
403
166
831
28
24
631
456
706
834
543
344
234
484
145
944
264
165
872
937
24
891
706
526
975
91
90
488
488
676
717
570
86
245
933
775
565
288
179
114
354
69
963
226
2
373
592
180
275
984
974
281
952
373
266
396
12
711
725
304
29
696
760
81
623
374
318
806
505
164
440
3
200
3
479
125
259
378
186
982
515
502
905
48
682
877
228
946
93
880
99
446
764
201
979
366
179
32
819
727
454
600
750
320
23
17
517
252
116
258
400
363
962
87
726
594
457
913
302
663
212
556
459
130
520
538
992
379
426
518
541
895
556
367
460
318
427
102
925
817
624
362
773
762
434
342
878
700
798
404
36
901
93
655
482
899
350
611
279
619
139
682
412
198
924
2
936
139
798
191
91
332
827
426
927
612
683
947
150
495
158
602
416
386
639
831
270
114
532
840
408
645
94
578
297
312
696
83
90
868
752
689
765
941
715
623
626
945
233
617
796
608
124
692
86
114
802
225
584
289
980
433
517
330
802
524
258
212
24
238
65
276
996
336
917
615
143
784
52
959
139
452
870
525
868
494
407
182
5
666
783
688
207
559
871
949
743
344
779
522
772
189
728
