2000 1999
17 286
17 1204
17 1648
17 1879
17 350
17 1828
17 1238
17 793
17 1807
17 464
17 433
17 1114
17 14
17 56
17 1131
17 1593
17 917
17 1453
17 1370
17 1291
17 1640
17 109
17 453
17 1058
17 1410
17 1290
17 1177
17 1543
17 669
17 1386
17 1751
17 1702
17 751
17 1234
17 116
17 41
17 1778
17 1713
17 1627
17 594
17 1849
17 1324
17 326
17 1591
17 1706
17 1950
17 1652
17 301
17 561
17 1600
17 907
17 1038
17 1145
17 372
17 1707
17 1797
17 870
17 1031
17 1660
17 994
17 1522
17 364
17 975
17 1565
17 1488
17 211
17 340
17 1208
17 1962
17 279
17 549
17 1739
17 394
17 1508
17 201
17 952
17 1646
17 30
17 978
17 946
17 1162
17 1478
17 210
17 1892
17 686
17 1836
17 1007
17 966
17 835
17 1431
17 120
17 1758
17 872
17 901
17 229
17 221
17 495
17 1481
17 1903
17 1082
17 1155
17 1124
17 547
17 1326
17 205
17 1928
17 43
17 186
17 223
17 701
17 71
17 1712
17 520
17 1056
17 1939
17 1906
17 1120
17 217
17 1338
17 734
17 1344
17 1654
17 652
17 665
17 565
17 38
17 805
17 614
17 314
17 783
17 1576
17 1932
17 529
17 809
17 427
17 1787
17 74
17 1551
17 259
17 1063
17 879
17 603
17 308
17 82
17 470
17 1354
17 224
17 1785
17 107
17 719
17 883
17 612
17 2
17 1076
17 1694
17 1675
17 158
17 498
17 683
17 1352
17 1517
17 1121
17 1191
17 323
17 1421
17 1745
17 1152
17 1477
17 265
17 1779
17 1626
17 1040
17 576
17 216
17 1529
17 331
17 126
17 1740
17 750
17 1032
17 400
17 1193
17 1279
17 1185
17 1548
17 789
17 1158
17 1747
17 1297
17 1353
17 31
17 1369
17 784
17 1856
17 1075
17 69
17 114
17 605
17 1722
17 1294
17 846
17 484
17 335
17 1744
17 187
17 1380
17 1235
17 1381
17 1010
17 1624
17 1566
17 144
17 1663
17 1182
17 1281
17 523
17 881
17 1549
17 1064
17 634
17 548
17 52
17 716
17 730
17 1835
17 714
17 491
17 1093
17 489
17 1398
17 242
17 1577
17 282
17 972
17 1814
17 1958
17 1450
17 1776
17 1917
17 1173
17 1914
17 567
17 138
17 15
17 185
17 248
17 647
17 23
17 1301
17 929
17 1503
17 532
17 1047
17 328
17 1178
17 1367
17 1037
17 1805
17 1691
17 1963
17 368
17 1742
17 525
17 277
17 885
17 1050
17 506
17 347
17 1214
17 1688
17 134
17 973
17 1406
17 1299
17 1647
17 1741
17 1133
17 348
17 1823
17 741
17 239
17 1061
17 1990
17 429
17 912
17 1956
17 1485
17 1578
17 948
17 1218
17 73
17 712
17 417
17 155
17 521
17 1594
17 1434
17 240
17 1568
17 12
17 503
17 1703
17 451
17 1506
17 1696
17 226
17 1969
17 1417
17 1678
17 1536
17 949
17 1359
17 129
17 1896
17 1586
17 222
17 1242
17 1251
17 1321
17 36
17 103
17 416
17 654
17 384
17 1217
17 284
17 61
17 1711
17 295
17 1915
17 1357
17 432
17 152
17 486
17 1656
17 1538
17 1350
17 1323
17 397
17 1941
17 765
17 1107
17 1533
17 868
17 479
17 79
17 620
17 322
17 618
17 285
17 542
17 662
17 1304
17 709
17 836
17 230
17 1614
17 876
17 1295
17 1264
17 892
17 732
17 819
17 386
17 399
17 355
17 1580
17 728
17 1349
17 781
17 1961
17 1885
17 761
17 861
17 586
17 1425
17 1308
17 903
17 309
17 562
17 729
17 1059
17 53
17 310
17 313
17 1314
17 1968
17 452
17 925
17 297
17 706
17 947
17 1081
17 380
17 1757
17 1561
17 1523
17 164
17 1821
17 639
17 1925
17 54
17 247
17 1904
17 1609
17 465
17 950
17 782
17 606
17 439
17 1550
17 897
17 1905
17 1126
17 770
17 356
17 577
17 570
17 609
17 1474
17 1598
17 1974
17 1727
17 764
17 1207
17 1030
17 192
17 1021
17 635
17 1940
17 1975
17 1313
17 1332
17 176
17 1231
17 880
17 84
17 244
17 722
17 510
17 1781
17 1819
17 1483
17 921
17 1053
17 434
17 493
17 1699
17 988
17 1371
17 1988
17 888
17 1209
17 1008
17 365
17 1589
17 1692
17 1364
17 1377
17 1618
17 3
17 1275
17 960
17 1019
17 1620
17 1250
17 633
17 1863
17 1846
17 21
17 371
17 482
17 25
17 1695
17 737
17 1562
17 141
17 900
17 1622
17 1791
17 591
17 786
17 234
17 779
17 1267
17 679
17 1933
17 1203
17 1090
17 1876
17 862
17 834
17 379
17 1664
17 610
17 1365
17 672
17 1891
17 1164
17 1500
17 184
17 442
17 49
17 1135
17 275
17 1405
17 1635
17 1769
17 1812
17 1852
17 1889
17 858
17 1461
17 161
17 48
17 1368
17 251
17 316
17 104
17 982
17 459
17 130
17 214
17 1471
17 825
17 1804
17 66
17 418
17 303
17 987
17 20
17 135
17 1547
17 1555
17 1786
17 527
17 849
17 117
17 13
17 1672
17 649
17 92
17 867
17 1224
17 1169
17 446
17 1341
17 1782
17 1571
17 1419
17 1001
17 959
17 619
17 1880
17 1307
17 264
17 763
17 830
17 1725
17 1530
17 1262
17 844
17 1700
17 51
17 1186
17 1755
17 1048
17 321
17 508
17 388
17 1122
17 494
17 1788
17 167
17 720
17 58
17 1340
17 154
17 1829
17 613
17 1862
17 235
17 329
17 617
17 1651
17 1269
17 1964
17 76
17 1768
17 650
17 85
17 1563
17 1661
17 291
17 655
17 1222
17 1069
17 172
17 389
17 1088
17 1604
17 865
17 110
17 1827
17 1532
17 1382
17 236
17 1738
17 1057
17 646
17 136
17 1521
17 70
17 1509
17 651
17 1116
17 81
17 420
17 358
17 660
17 869
17 1813
17 349
17 1298
17 1342
17 616
17 509
17 253
17 515
17 250
17 1761
17 1130
17 421
17 1127
17 918
17 1389
17 1055
17 1106
17 391
17 1491
17 1527
17 1002
17 163
17 555
17 640
17 1558
17 518
17 1316
17 1086
17 1570
17 656
17 1083
17 1629
17 1489
17 115
17 804
17 1923
17 1099
17 463
17 707
17 360
17 80
17 1159
17 1894
17 843
17 327
17 238
17 895
17 1240
17 1215
17 1955
17 1881
17 1202
17 278
17 6
17 1439
17 1456
17 926
17 1236
17 1599
17 1356
17 1784
17 174
17 35
17 945
17 1987
17 1249
17 194
17 842
17 288
17 847
17 1733
17 1433
17 1953
17 699
17 1018
17 1718
17 111
17 1967
17 1467
17 1606
17 170
17 539
17 1861
17 403
17 1886
17 428
17 273
17 1181
17 1936
17 499
17 1924
17 1146
17 1634
17 1916
17 490
17 962
17 1493
17 1168
17 1977
17 1951
17 1072
17 1875
17 108
17 1393
17 1540
17 537
17 1772
17 511
17 936
17 472
17 294
17 1480
17 717
17 1921
17 1729
17 913
17 1796
17 1429
17 1639
17 1062
17 787
17 94
17 2000
17 193
17 823
17 1446
17 1098
17 337
17 1360
17 266
17 1623
17 1486
17 1734
17 798
17 1669
17 608
17 1280
17 627
17 1226
17 1045
17 1934
17 589
17 341
17 996
17 1278
17 1362
17 1851
17 853
17 1270
17 1811
17 848
17 1459
17 1937
17 502
17 1735
17 237
17 357
17 1581
17 292
17 624
17 1841
17 702
17 1546
17 1346
17 1601
17 19
17 269
17 691
17 827
17 1336
17 1378
17 1020
17 602
17 1149
17 88
17 1679
17 354
17 1470
17 1206
17 1505
17 1390
17 99
17 374
17 1752
17 46
17 817
17 1943
17 175
17 928
17 528
17 1317
17 1109
17 1762
17 306
17 1625
17 622
17 461
17 1773
17 690
17 678
17 298
17 1668
17 1908
17 1051
17 1918
17 642
17 78
17 296
17 1066
17 1986
17 826
17 1535
17 1632
17 1610
17 638
17 377
17 755
17 1584
17 1156
17 1394
17 462
17 220
17 540
17 556
17 748
17 1309
17 824
17 522
17 1136
17 795
17 1330
17 24
17 1400
17 182
17 905
17 1900
17 401
17 1358
17 776
17 1587
17 559
17 1293
17 1233
17 1810
17 122
17 1832
17 752
17 1973
17 815
17 1334
17 931
17 953
17 39
17 1102
17 1705
17 1818
17 203
17 1854
17 958
17 1268
17 413
17 1737
17 1197
17 1910
17 1499
17 718
17 1825
17 1945
17 90
17 1681
17 863
17 797
17 261
17 1630
17 785
17 1516
17 1567
17 916
17 531
17 1631
17 1318
17 375
17 535
17 405
17 75
17 744
17 1101
17 999
17 753
17 703
17 1273
17 1372
17 289
17 1427
17 1465
17 631
17 1960
17 280
17 258
17 698
17 969
17 693
17 1176
17 1192
17 1498
17 590
17 1011
17 1617
17 1650
17 212
17 893
17 807
17 378
17 1665
17 1998
17 1659
17 60
17 1826
17 1833
17 1017
17 160
17 1117
17 524
17 566
17 257
17 956
17 1379
17 772
17 44
17 118
17 1134
17 1091
17 1125
17 359
17 800
17 1802
17 981
17 851
17 1534
17 1137
17 661
17 334
17 68
17 1472
17 813
17 476
17 1743
17 1865
17 361
17 1514
17 822
17 1556
17 875
17 909
17 504
17 915
17 689
17 1041
17 550
17 34
17 1407
17 859
17 1822
17 1310
17 1282
17 687
17 124
17 1603
17 828
17 325
17 22
17 91
17 1641
17 370
17 151
17 598
17 1167
17 83
17 1391
17 922
17 10
17 165
17 1657
17 1621
17 1392
17 1867
17 1426
17 1230
17 882
17 366
17 447
17 45
17 1830
17 1111
17 801
17 1221
17 1385
17 1645
17 1643
17 676
17 762
17 534
17 1976
17 645
17 1689
17 1907
17 414
17 1205
17 1036
17 1649
17 1859
17 1736
17 1237
17 799
17 1039
17 1840
17 1104
17 1911
17 1034
17 910
17 1005
17 976
17 1225
17 1519
17 890
17 666
17 1690
17 1396
17 1452
17 315
17 1046
17 1123
17 1948
17 157
17 40
17 1418
17 1376
17 28
17 1539
17 1466
17 769
17 757
17 125
17 1806
17 775
17 475
17 1750
17 281
17 1677
17 1666
17 552
17 1139
17 1157
17 778
17 1403
17 1399
17 889
17 1119
17 1783
17 739
17 1190
17 1765
17 519
17 146
17 1682
17 756
17 1673
17 1524
17 1129
17 1454
17 1658
17 1989
17 1
17 1003
17 1401
17 771
17 1759
17 1276
17 1935
17 255
17 1697
17 1537
17 788
17 667
17 181
17 1171
17 1277
17 200
17 369
17 32
17 1325
17 580
17 1438
17 670
17 604
17 1993
17 150
17 202
17 930
17 1023
17 1845
17 963
17 62
17 1520
17 1320
17 1686
17 1482
17 1638
17 311
17 1085
17 422
17 935
17 9
17 87
17 1067
17 1423
17 694
17 497
17 444
17 1289
17 351
17 1952
17 1455
17 382
17 727
17 919
17 343
17 302
17 409
17 1118
17 1926
17 735
17 1174
17 841
17 471
17 514
17 974
17 1965
17 810
17 1897
17 1026
17 153
17 1831
17 760
17 1542
17 1094
17 1220
17 648
17 1331
17 77
17 579
17 415
17 208
17 1890
17 1160
17 601
17 199
17 1286
17 773
17 137
17 1775
17 713
17 839
17 726
17 1777
17 1248
17 560
17 1311
17 1579
17 198
17 680
17 1196
17 272
17 1015
17 1469
17 1462
17 50
17 696
17 204
17 1709
17 1300
17 920
17 477
17 402
17 1720
17 923
17 18
17 1440
17 450
17 209
17 1409
17 1844
17 173
17 572
17 1847
17 1402
17 1024
17 381
17 304
17 582
17 749
17 1869
17 1065
17 1991
17 398
17 742
17 541
17 803
17 159
17 1999
17 488
17 147
17 731
17 1704
17 319
17 1387
17 1138
17 1027
17 705
17 1151
17 1877
17 481
17 1012
17 715
17 1628
17 1153
17 93
17 293
17 100
17 396
17 4
17 733
17 143
17 1612
17 818
17 1687
17 1228
17 1473
17 743
17 1408
17 1210
17 1767
17 998
17 1884
17 362
17 448
17 437
17 1715
17 1860
17 1490
17 940
17 1930
17 933
17 626
17 1997
17 1497
17 1809
17 1605
17 1384
17 1161
17 441
17 1866
17 1820
17 1864
17 968
17 1327
17 218
17 271
17 1223
17 1272
17 320
17 1913
17 139
17 1728
17 440
17 1995
17 811
17 986
17 169
17 1795
17 1022
17 1512
17 906
17 746
17 112
17 1954
17 26
17 866
17 27
17 1615
17 1710
17 599
17 1366
17 538
17 934
17 1815
17 267
17 225
17 1992
17 1430
17 571
17 1128
17 1049
17 105
17 1898
17 740
17 884
17 592
17 1507
17 1794
17 979
17 249
17 1424
17 1938
17 759
17 37
17 1873
17 1716
17 330
17 1985
17 312
17 430
17 1901
17 344
17 1247
17 767
17 1653
17 1839
17 1442
17 180
17 1929
17 346
17 1479
17 1633
17 86
17 246
17 207
17 1942
17 213
17 1684
17 1931
17 802
17 1361
17 1179
17 1770
17 1717
17 1097
17 1457
17 671
17 458
17 1636
17 1572
17 1014
17 1966
17 628
17 383
17 914
17 967
17 232
17 1000
17 1771
17 1068
17 98
17 1092
17 1183
17 1588
17 1676
17 1674
17 1080
17 574
17 1060
17 339
17 1726
17 1501
17 1719
17 1683
17 674
17 833
17 1175
17 307
17 780
17 1602
17 1315
17 121
17 607
17 149
17 1263
17 894
17 1573
17 1496
17 64
17 1143
17 643
17 585
17 283
17 1526
17 299
17 1564
17 445
17 992
17 460
17 575
17 1188
17 474
17 546
17 55
17 63
17 324
17 1492
17 808
17 871
17 1637
17 196
17 710
17 1199
17 178
17 554
17 1855
17 171
17 924
17 1445
17 318
17 1504
17 1216
17 97
17 1444
17 390
17 387
17 256
17 766
17 1245
17 791
17 480
17 72
17 438
17 1148
17 838
17 1871
17 1982
17 856
17 711
17 1984
17 1816
17 1347
17 932
17 1723
17 1266
17 1422
17 1412
17 1029
17 1147
17 410
17 1211
17 317
17 345
17 233
17 270
17 738
17 821
17 42
17 704
17 352
17 1052
17 197
17 1028
17 473
17 1685
17 902
17 373
17 653
17 1443
17 1858
17 558
17 774
17 977
17 1874
17 411
17 1843
17 1435
17 287
17 957
17 588
17 1528
17 162
17 792
17 67
17 1322
17 1035
17 983
17 1799
17 584
17 1073
17 507
17 406
17 1608
17 393
17 1084
17 1054
17 1484
17 993
17 59
17 128
17 961
17 8
17 1721
17 227
17 832
17 300
17 1351
17 1763
17 219
17 1319
17 1292
17 113
17 1541
17 241
17 553
17 887
17 1335
17 425
17 407
17 1447
17 338
17 1899
17 1494
17 873
17 1978
17 1383
17 860
17 1994
17 333
17 927
17 1642
17 611
17 1732
17 725
17 1842
17 7
17 274
17 1515
17 1808
17 1848
17 794
17 816
17 513
17 1195
17 697
17 754
17 423
17 11
17 1912
17 644
17 408
17 1800
17 1575
17 1957
17 1583
17 1105
17 1333
17 985
17 1947
17 492
17 1616
17 1451
17 533
17 637
17 177
17 353
17 96
17 1790
17 1597
17 747
17 675
17 1258
17 262
17 593
17 65
17 543
17 1803
17 990
17 1374
17 1979
17 796
17 148
17 629
17 941
17 1259
17 1730
17 1557
17 1887
17 857
17 1793
17 944
17 1246
17 1404
17 1801
17 1172
17 596
17 1108
17 1201
17 1774
17 1339
17 189
17 142
17 1449
17 1232
17 395
17 1212
17 1554
17 1255
17 630
17 1025
17 1502
17 1170
17 1724
17 5
17 1328
17 1789
17 551
17 336
17 1510
17 168
17 1132
17 426
17 1552
17 1265
17 1305
17 1531
17 898
17 456
17 1241
17 1798
17 1837
17 1983
17 1595
17 597
17 412
17 1893
17 1701
17 1883
17 512
17 1413
17 392
17 545
17 127
17 1441
17 1693
17 1180
17 954
17 1144
17 1850
17 1613
17 657
17 1428
17 708
17 1895
17 363
17 1655
17 166
17 864
17 1256
17 1753
17 1115
17 587
17 814
17 1004
17 190
17 1198
17 131
17 700
17 496
17 1448
17 1110
17 1227
17 721
17 658
17 1888
17 1760
17 1284
17 260
17 937
17 1670
17 980
17 536
17 1922
17 106
17 641
17 600
17 179
17 1756
17 16
17 431
17 1414
17 1312
17 1187
17 449
17 688
17 745
17 1373
17 845
17 1817
17 854
17 1252
17 831
17 569
17 852
17 435
17 668
17 1355
17 1343
17 911
17 191
17 1142
17 989
17 1043
17 385
17 1468
17 1972
17 568
17 254
17 1590
17 469
17 951
17 1872
17 1296
17 1644
17 724
17 1714
17 1077
17 1213
17 500
17 228
17 145
17 777
17 891
17 1415
17 563
17 1189
17 1487
17 1667
17 252
17 1337
17 1792
17 290
17 1194
17 1754
17 1087
17 1766
17 1397
17 419
17 1902
17 1306
17 1946
17 1345
17 47
17 632
17 1949
17 595
17 1853
17 1150
17 692
17 1283
17 1513
17 526
17 1140
17 1329
17 457
17 483
17 102
17 183
17 1868
17 156
17 1166
17 1100
17 583
17 736
17 1219
17 517
17 33
17 1749
17 1436
17 485
17 1764
17 623
17 1596
17 1475
17 305
17 663
17 140
17 501
17 1464
17 1254
17 1708
17 1544
17 1748
17 573
17 1165
17 1662
17 367
17 1919
17 1545
17 530
17 468
17 1260
17 971
17 1882
17 877
17 1460
17 1574
17 1971
17 1870
17 1363
17 664
17 1731
17 1288
17 578
17 621
17 1274
17 119
17 1013
17 424
17 1560
17 133
17 95
17 195
17 581
17 1981
17 263
17 1878
17 955
17 682
17 677
17 1239
17 1033
17 268
17 132
17 615
17 1432
17 1261
17 544
17 1244
17 855
17 342
17 908
17 790
17 1154
17 1511
17 1746
17 478
17 684
17 376
17 443
17 1395
17 467
17 685
17 231
17 874
17 1103
17 1780
17 1112
17 1009
17 1302
17 1071
17 1909
17 723
17 1996
17 1698
17 1096
17 673
17 1585
17 1184
17 659
17 904
17 206
17 1411
17 1476
17 332
17 1044
17 1095
17 942
17 1070
17 1271
17 404
17 812
17 837
17 768
17 516
17 1006
17 1927
17 1525
17 1671
17 1200
17 1074
17 215
17 123
17 1582
17 1287
17 758
17 1838
17 965
17 1559
17 899
17 1920
17 1680
17 455
17 970
17 984
17 557
17 1348
17 1285
17 636
17 1079
17 1243
17 89
17 625
17 1607
17 964
17 1257
17 943
17 1375
17 1970
17 454
17 1420
17 1437
17 938
17 1042
17 1553
17 466
17 505
17 57
17 1959
17 1980
17 1089
17 276
17 939
17 1458
17 101
17 564
17 1016
17 1388
17 436
17 886
17 896
17 1611
17 1078
17 1303
17 245
17 850
17 1569
17 681
17 1463
17 1495
17 1857
17 695
17 1113
17 840
17 1834
17 1592
17 829
17 243
17 820
17 1141
17 188
17 487
17 1619
17 1163
17 991
17 806
17 1416
17 1944
17 995
17 1518
17 997
17 1824
17 878
17 29
17 1253
17 1229
436
913
764
361
171
650
215
232
415
479
208
846
724
995
867
135
1000
379
592
727
760
484
864
555
759
334
333
450
2
956
893
426
89
491
642
838
315
926
539
450
982
254
938
504
474
582
103
736
743
384
715
877
804
795
273
993
26
710
233
506
834
420
273
282
190
729
239
497
889
684
936
262
848
921
526
698
397
569
824
656
680
918
481
776
696
308
415
589
33
533
484
722
364
614
71
198
266
300
584
362
23
94
837
734
322
139
915
623
989
689
637
334
224
888
661
983
724
503
74
949
285
546
39
487
448
902
160
232
841
732
147
66
72
857
727
685
393
867
341
85
757
176
360
881
112
440
368
185
284
421
483
829
402
710
847
93
451
911
370
505
737
239
668
796
479
152
712
168
339
634
268
693
376
643
580
777
199
270
138
311
430
552
94
743
865
938
885
9
176
149
123
781
612
641
71
271
252
390
395
427
957
421
538
383
939
49
308
396
377
953
965
511
307
732
40
905
929
342
226
559
944
839
937
916
327
842
231
113
945
820
57
301
255
752
703
688
599
654
851
846
224
874
10
775
16
308
794
865
317
675
735
109
676
119
433
264
504
515
920
142
531
192
70
718
908
611
328
67
591
254
342
387
632
214
742
24
860
650
961
516
444
871
281
835
823
999
240
640
518
108
695
596
362
618
832
568
801
572
279
229
976
409
729
374
85
577
288
919
806
804
417
314
804
924
452
734
256
267
367
342
713
824
909
273
485
978
654
863
702
314
903
48
218
497
886
168
612
222
292
965
604
63
409
312
255
310
858
852
679
998
413
253
198
588
814
787
598
680
501
657
494
355
153
969
768
474
82
861
426
483
760
973
248
582
526
60
562
508
749
799
374
411
301
837
120
815
264
712
692
264
671
160
234
959
175
362
827
371
815
899
551
381
633
46
526
234
223
205
409
256
243
161
536
463
396
837
848
729
105
680
674
417
209
74
224
166
922
632
850
313
135
830
996
771
124
22
353
262
792
341
345
743
59
414
277
721
474
354
132
377
843
802
989
30
36
163
96
303
732
275
574
560
659
996
793
28
58
80
117
917
406
619
251
274
445
495
382
60
825
262
366
760
95
887
87
829
9
370
875
627
876
200
771
712
944
147
414
911
631
113
85
599
846
493
26
859
234
713
677
774
619
160
211
405
675
43
90
667
440
934
847
555
880
505
860
97
725
579
923
81
528
863
199
466
526
140
621
332
633
559
371
822
189
65
160
273
940
878
959
491
168
444
224
270
668
558
35
245
550
390
975
806
110
23
926
505
868
119
125
786
325
376
83
292
275
906
786
76
397
424
70
373
91
235
281
809
150
239
605
513
752
321
191
979
101
179
162
481
332
138
395
589
919
423
888
792
285
608
785
749
216
914
709
925
66
677
701
824
719
824
76
575
86
596
33
350
607
302
185
173
517
103
761
879
779
35
199
563
795
668
139
569
282
206
466
686
864
398
722
696
682
927
248
837
694
664
154
144
50
680
498
822
85
77
926
455
430
124
986
423
304
746
51
290
194
468
68
572
751
388
16
68
911
60
58
953
488
132
492
572
591
98
514
415
14
384
209
515
638
147
936
594
521
253
366
800
659
153
822
271
260
848
392
876
365
877
618
535
915
711
145
775
52
115
216
391
410
813
805
877
368
815
360
928
407
91
757
254
441
322
851
371
358
525
132
336
195
558
373
900
984
543
523
209
561
439
448
38
315
401
811
467
718
783
827
264
312
45
449
789
434
504
393
245
446
551
111
443
752
288
813
792
924
892
530
752
614
430
895
62
263
239
997
213
555
186
532
609
461
500
471
306
371
661
925
7
509
272
923
404
339
46
495
149
542
211
581
359
815
10
254
494
612
556
731
565
591
486
11
717
126
229
289
749
950
821
46
261
392
12
407
641
654
715
129
887
640
601
724
16
499
125
602
128
64
260
181
737
489
219
810
749
532
152
689
333
721
825
679
971
271
947
222
56
493
820
79
4
919
776
879
475
914
321
860
21
224
769
442
455
110
816
510
284
654
21
791
164
37
756
945
248
808
49
552
337
974
62
493
458
123
849
617
301
492
530
992
673
409
382
772
480
379
268
801
648
218
580
864
421
540
258
350
331
416
619
141
29
24
351
185
47
31
180
642
955
800
848
841
793
117
957
540
158
69
504
240
537
719
763
232
627
420
33
38
951
301
344
515
35
79
871
857
404
967
457
244
956
318
140
499
734
236
35
201
339
728
770
121
188
7
277
233
969
6
603
5
356
523
301
719
669
436
149
457
43
951
769
53
884
513
365
74
302
386
23
505
638
763
590
781
339
421
375
173
403
367
251
257
783
971
900
67
460
237
463
861
974
461
906
492
29
121
48
605
452
863
713
323
860
570
253
772
234
672
931
686
987
804
292
850
614
920
879
372
567
415
300
693
47
53
625
235
40
889
912
114
18
34
294
799
942
664
234
417
666
106
691
25
750
501
300
876
399
47
51
304
612
660
93
524
539
55
461
201
671
826
178
577
146
471
53
13
995
150
681
505
408
441
929
910
712
451
941
501
789
673
324
438
674
992
166
853
502
743
555
498
367
444
96
10
122
282
157
973
630
256
262
589
99
366
909
364
61
941
560
444
894
656
395
345
954
8
744
83
93
481
626
721
171
429
179
870
407
289
514
987
862
305
159
632
881
299
50
897
714
132
275
110
440
909
514
898
107
210
388
535
149
270
40
178
650
750
999
463
587
783
962
769
357
256
174
114
858
652
267
835
848
90
398
471
693
342
721
457
606
145
358
1
476
776
176
549
983
884
647
462
997
68
652
163
839
34
65
263
179
312
390
641
761
839
126
1
84
174
152
32
193
183
79
66
716
284
818
165
258
751
537
700
602
46
342
521
76
764
434
429
602
897
608
881
488
98
143
35
394
38
76
413
987
991
225
549
887
818
116
894
678
854
383
864
53
17
822
164
104
718
808
557
489
390
134
777
803
287
666
579
526
226
419
839
238
827
978
425
939
343
170
96
555
398
777
201
541
224
591
109
928
178
710
720
678
124
927
103
593
259
35
813
828
228
911
894
916
124
646
830
551
841
612
306
602
77
767
746
332
862
736
892
991
769
519
129
187
31
450
766
590
504
884
884
688
221
347
470
985
367
22
672
584
480
478
622
560
58
454
105
874
442
555
435
375
443
179
741
857
490
357
377
987
48
257
160
135
110
7
841
450
719
29
909
258
415
316
809
476
517
154
616
326
949
66
639
846
240
88
29
424
649
378
159
311
247
266
268
612
222
147
176
871
199
454
992
438
412
648
304
23
599
79
737
384
15
85
517
449
635
120
385
587
732
496
358
785
86
48
908
953
309
618
944
418
773
234
849
610
109
966
663
352
670
272
626
222
15
283
349
513
535
744
292
173
864
267
586
843
321
957
682
168
61
338
98
494
214
530
910
5
457
419
684
969
796
438
42
279
669
239
903
716
164
688
826
499
565
841
432
829
449
622
224
400
986
83
82
593
726
896
879
792
920
165
29
174
725
493
182
667
38
73
797
757
695
279
967
882
530
846
16
665
719
303
283
78
205
924
873
849
390
814
598
38
202
561
51
840
551
298
768
118
978
12
992
847
163
86
197
785
646
975
592
287
486
691
347
634
33
234
794
563
19
360
156
820
333
199
512
766
9
763
478
755
611
884
575
906
979
364
663
531
528
564
309
630
740
303
271
418
614
990
483
217
469
116
470
956
854
999
462
512
700
976
311
927
152
829
479
438
507
971
695
83
881
749
508
444
109
571
609
140
42
723
438
297
911
298
444
841
588
36
532
439
290
306
248
418
359
857
464
455
861
768
159
912
758
843
432
52
771
715
161
984
845
368
539
978
973
84
383
333
833
934
981
114
352
314
305
637
291
379
231
888
258
171
717
292
783
341
617
183
76
216
639
610
599
462
536
687
959
901
854
860
495
885
909
60
894
83
88
445
985
582
151
107
713
136
799
948
434
143
675
577
226
87
440
105
356
697
740
305
301
621
574
178
392
870
390
981
907
55
773
719
441
644
915
725
922
712
169
197
754
109
180
320
339
617
973
163
235
205
179
500
188
731
861
447
996
214
349
547
601
738
679
871
329
260
128
538
773
345
796
489
852
5
534
506
689
997
709
473
401
544
506
12
877
952
163
38
311
461
595
215
241
377
420
760
376
213
979
156
602
737
101
538
268
889
14
247
462
352
633
706
761
344
494
345
477
94
372
78
261
116
315
244
624
749
366
70
998
718
650
79
161
356
811
632
182
144
737
396
745
953
161
655
153
840
404
322
222
551
312
104
943
794
790
930
463
571
52
535
460
207
341
869
831
628
870
570
82
36
617
140
661
631
795
408
43
938
311
350
306
923
751
605
433
632
599
316
930
778
827
307
580
6
533
103
201
451
102
976
626
413
639
334
651
849
203
871
25
516
813
961
861
699
404
302
636
803
841
31
78
120
543
785
778
466
626
221
187
25
70
261
163
260
314
567
641
769
437
850
371
326
422
219
340
52
350
508
370
613
