2000 1999
1695 1774
1092 1695
1823 1774
1435 1092
1847 1435
1600 1092
383 1092
1223 383
1103 1092
1104 383
1222 1600
1458 1600
1032 1695
1110 383
20 1823
1542 1435
1177 1600
424 1774
1037 1774
391 1458
179 391
677 1847
1252 424
269 20
867 269
622 424
25 20
1618 1222
732 20
197 1110
1900 867
1786 1847
1364 1823
1546 1823
664 1037
1806 424
405 1600
1732 20
1429 1618
655 1103
1210 1732
1855 269
1620 1110
751 391
948 1855
199 424
27 1252
965 179
1207 1435
1136 199
518 1695
559 179
995 1177
745 199
1825 1037
1599 948
963 1786
863 424
1906 1618
1230 1618
1433 863
1194 1600
1629 1136
1416 1032
688 20
1311 1855
59 1542
986 1786
79 948
71 732
219 745
181 424
999 1458
1577 59
1216 1618
537 1364
178 1542
1224 655
400 1433
1861 181
601 1311
1831 732
1455 1194
1211 963
1571 179
1597 1435
1155 197
1193 1416
1241 965
87 1252
1439 1193
1926 199
246 1439
1109 1311
621 1311
1492 199
432 1211
230 601
1510 1439
616 1786
696 20
1343 1032
988 518
1992 1900
247 27
1909 391
228 1458
109 1577
577 1194
844 999
1547 1695
648 1577
288 622
1651 1194
1419 696
878 1651
1019 965
1059 1926
1830 732
1072 745
702 391
399 178
1026 1620
134 1059
933 601
1500 1831
930 20
3 745
217 1732
1753 405
579 751
1919 400
1780 1155
760 383
244 1177
1501 1103
710 269
324 867
1065 1343
638 1065
1191 217
1449 1831
1173 1110
1944 537
1585 1780
1938 518
1086 391
1025 732
1846 399
1498 677
471 1992
1795 383
1645 1019
1871 1823
901 1944
457 1241
1477 696
256 219
533 1600
1376 1547
1312 1547
344 1861
272 399
1813 664
605 948
1448 537
1250 1498
1566 272
1712 3
278 247
823 324
535 930
17 1065
434 399
766 59
686 963
663 1173
607 663
1924 1311
1981 288
58 1223
85 230
1159 963
742 1216
1519 1222
855 1695
208 1216
1725 1855
1667 1618
1497 1725
1290 405
1268 1919
958 607
43 878
669 686
992 1230
1988 1618
430 1110
1128 1311
1950 1128
1249 1846
123 247
922 344
584 855
1979 1571
598 1230
980 1449
1573 605
744 677
562 324
1215 1065
1987 621
1152 1712
463 696
682 663
362 1753
39 1861
1309 1492
680 696
126 992
54 1585
395 1577
949 744
397 463
503 400
495 1806
632 1223
547 1364
957 1909
1326 1823
1267 1498
1003 518
1189 1207
251 632
1927 1448
142 1429
1154 696
459 1207
1437 1290
436 745
91 244
656 399
331 965
942 85
1089 537
712 1542
545 1780
1041 638
1699 1072
629 217
61 181
1198 607
600 1455
1260 1597
211 1577
203 1086
257 1154
1834 1645
1470 256
1126 383
1733 142
479 400
1112 344
1105 1753
1610 27
1973 677
34 1610
661 648
1277 87
1192 535
953 362
1810 1435
1386 986
1322 1059
253 1906
981 953
1863 1155
204 1566
311 664
223 203
1420 867
918 1230
599 43
974 712
591 1455
209 1667
359 988
558 1753
1121 1458
1980 204
819 459
1367 1620
501 1924
1606 179
421 1177
328 1980
519 584
455 986
1706 1618
273 922
838 688
871 1906
1814 1216
877 1501
634 311
1298 25
262 1241
1055 1059
1314 1753
1758 696
153 109
1676 126
398 1470
1320 1207
407 1667
41 1855
895 244
1905 1086
1995 1846
741 219
1233 878
1799 1597
122 1758
469 823
1971 766
175 1831
327 253
275 1725
628 503
834 230
1423 1032
1196 1606
412 1433
1940 1435
1865 1309
1782 1546
697 519
733 1501
891 1782
189 1497
785 930
239 122
1134 732
1526 1906
886 634
1550 412
306 71
620 1419
350 1136
731 1233
1634 1089
1892 1241
1147 362
190 1121
1852 1112
582 1041
1698 501
212 562
252 766
1272 79
1890 3
928 1667
1383 766
380 1698
316 1944
781 742
1494 252
1718 397
1952 1322
1841 1814
1336 1813
594 634
935 958
1635 591
1221 781
1141 471
1294 1147
14 1141
908 663
1206 1831
163 359
42 1449
358 999
454 933
1135 1987
711 965
1877 1121
1943 1992
643 1192
1238 867
229 1924
56 278
1464 638
215 1376
1797 1634
1067 1059
675 1810
1363 358
1390 731
268 1230
1081 212
409 895
1119 710
1738 1995
1999 409
468 1501
149 1847
750 1905
1675 1192
1931 59
99 272
1174 742
1263 383
1317 760
609 1566
1576 219
1683 607
906 855
385 933
96 58
505 1439
1203 1429
1932 1141
466 1298
717 731
868 1905
13 655
1284 1841
1307 1786
234 1089
72 61
572 87
49 1041
1274 1223
384 123
1659 930
1540 454
1796 1059
1319 981
916 1620
1292 1386
1505 1576
271 1971
969 1364
581 1055
971 895
1346 331
77 868
1744 1906
1560 986
1643 13
1856 1206
1568 1134
1342 620
861 1134
1880 957
1888 1841
672 1298
1588 43
1827 1981
885 1041
227 607
1244 1758
19 558
1124 823
919 1312
1528 877
1014 933
116 572
1428 638
1748 1852
1214 1712
1564 1141
1939 675
374 253
1824 358
1771 1980
990 199
1324 1067
1050 1771
690 1786
369 990
1077 181
1130 1856
1789 350
1270 958
1090 1267
235 1214
1175 1206
348 672
854 885
1902 385
1440 405
174 1207
902 928
1693 407
749 1944
923 1902
876 1390
833 1121
130 923
1445 1077
1377 999
1666 1174
818 1346
1385 1597
449 1364
1334 1336
1028 14
647 680
312 327
770 697
1338 1207
1146 1223
870 1298
1479 1386
1467 1252
90 1448
1717 1110
1716 1846
1820 1173
1190 1298
1348 316
255 459
132 380
759 72
1472 25
45 49
1410 395
360 312
1178 1573
517 690
146 1926
705 1546
1857 211
1461 710
1817 648
1285 1081
1235 963
1935 383
1719 316
1590 397
1986 1979
534 87
1398 1635
593 770
1596 1995
329 211
26 885
1204 1196
354 1620
1101 867
915 268
55 1072
1985 1610
1947 1732
718 906
1345 1492
556 79
1444 999
1713 1050
50 1224
1746 1437
1407 1238
446 20
1843 109
630 572
1957 744
1772 1260
69 96
943 1510
74 1505
404 430
490 235
779 980
752 350
730 533
929 463
512 239
86 534
487 1957
8 1444
157 663
984 1067
606 369
658 1500
998 385
431 974
506 969
691 1196
1131 1979
1075 965
159 661
1760 1719
1702 1249
60 1606
1657 915
1731 490
365 275
1678 1501
1443 163
285 980
932 749
1379 1479
499 712
284 424
30 1600
1624 1857
673 1813
1516 1147
976 87
453 247
1601 1386
1883 1856
892 533
527 397
1885 1927
64 632
1327 262
37 712
417 730
757 1943
326 1037
783 718
1605 1590
904 1141
1184 871
1053 634
1012 1130
795 1813
65 1813
668 1932
1426 1492
321 41
900 1250
768 457
1770 256
1868 1419
1581 745
917 1885
293 915
408 1939
1674 132
700 1174
662 1659
1708 293
6 990
1751 1799
514 981
835 1028
1800 517
959 1215
314 1435
441 1771
1613 1065
1838 1813
509 759
1798 1210
1006 834
1068 284
68 1880
1413 1444
298 1516
1749 1244
587 471
1812 1814
1951 1338
336 933
423 1566
1395 870
1533 13
1949 400
1514 306
1044 350
172 1121
706 601
180 1146
765 928
1545 656
654 1067
335 1238
1071 1568
554 153
1362 1533
1779 1620
133 878
737 179
1531 517
889 1152
1038 1059
23 1395
1259 1789
267 1362
1482 316
1217 969
497 1174
1963 288
1094 752
444 697
821 1284
302 142
280 180
1768 348
1199 455
1679 1979
1961 30
1977 535
1582 27
5 252
124 579
1160 965
1163 1263
1982 917
611 833
53 1519
137 672
520 1124
1521 1995
1266 1377
78 1905
524 935
170 1746
445 1190
447 441
704 1902
221 1582
388 432
651 1877
1776 253
29 598
482 1190
1005 1068
954 1900
101 587
1622 87
843 358
1918 208
1172 834
1908 189
1964 1676
1039 1651
1684 651
743 1019
415 471
755 45
1591 284
1476 1831
1483 324
361 398
1073 621
1473 1244
103 350
1064 971
955 594
652 1241
1323 1025
1937 1749
82 760
375 861
310 844
674 1448
1278 514
1567 1268
687 889
438 1846
1496 995
574 949
796 1902
44 1651
187 180
511 1173
1899 27
4 534
960 328
970 209
552 1038
1553 85
435 212
1703 534
865 424
1368 1461
1446 601
232 514
1365 1077
1329 1708
1737 302
531 1779
169 922
1811 796
1281 1284
857 457
1911 998
817 170
216 449
368 1510
837 217
371 1119
1478 251
7 1470
977 980
403 399
1016 919
1752 1576
763 454
450 514
825 1464
1647 1448
182 1429
1352 1810
1556 1419
1078 781
1691 208
828 482
1503 1215
1415 1073
1747 1902
1018 384
313 1749
1873 998
1562 1514
758 1272
756 1610
473 412
210 743
1452 1343
476 1216
1349 1716
300 785
1380 1124
972 1699
1107 656
113 44
1958 1065
1091 1679
815 1938
967 122
1262 517
1465 209
771 244
1456 1937
1269 1927
1347 1130
975 1037
66 1284
406 1317
259 923
238 1981
1303 643
89 1478
1106 1473
1450 146
416 239
1808 1467
1543 1987
343 986
1201 889
799 1244
334 197
1803 113
645 371
1157 1119
1994 302
62 680
1956 1380
1010 1618
1388 1455
772 556
332 1071
787 1323
1586 1174
425 594
140 1492
588 1868
776 239
1541 1908
851 256
1181 1157
1099 278
1354 1099
1020 1738
1998 1160
792 210
840 511
266 531
1551 891
536 361
1646 400
1853 169
1054 412
188 1224
1844 1175
1955 1091
494 929
812 244
1743 518
1592 210
610 421
496 1099
507 779
576 1926
1036 1053
684 1314
1481 395
1682 407
1306 1902
480 1905
1056 1073
508 49
1565 900
339 1041
243 56
322 1645
1527 417
489 1416
1936 908
921 796
364 677
1946 674
1920 359
1374 1674
685 1796
483 27
1240 990
1563 1492
474 126
1993 204
716 601
1434 344
703 632
318 132
1396 1824
903 1774
1057 1885
637 1039
564 1857
148 672
725 916
1344 751
36 1426
151 1674
748 235
1153 1211
143 672
1139 1521
1491 1078
10 1963
1225 1089
206 87
183 1531
709 970
95 622
1869 1437
1116 643
1953 1377
814 1605
225 967
338 1585
1034 1543
931 977
671 932
1867 369
636 974
131 1214
602 1116
1122 1810
1711 278
1432 975
1486 1779
1062 1590
1305 157
176 1550
1552 677
966 1748
1137 1924
1954 1590
1066 1543
926 1931
1125 17
1245 334
1625 1455
1001 406
526 243
1535 314
477 1526
413 338
1767 1717
387 966
831 930
991 328
1787 1428
1282 984
452 926
226 86
1816 868
1355 1971
679 37
1741 931
642 1551
1628 1772
1783 1918
1257 1843
1616 537
1851 1137
165 953
1360 1309
1854 1731
1641 1235
996 322
1140 501
575 187
1507 564
491 1741
824 1334
1660 1196
951 431
1561 1927
1082 256
1115 1018
881 1380
1714 519
393 159
1229 4
291 251
618 1477
1378 748
462 1699
1710 416
1603 902
644 1390
1451 199
1677 232
248 1998
1584 445
1232 203
1408 781
1822 229
596 1747
894 632
118 1540
1569 1865
1406 227
1335 664
1833 579
1381 1309
1897 999
1848 170
1662 109
274 1947
319 1207
1466 687
461 280
791 953
22 533
660 124
987 1198
1237 1985
1794 1250
797 1071
1756 1940
1247 1426
1736 85
249 821
1417 318
1463 1428
16 501
1187 892
945 172
370 668
301 1711
1895 1599
83 894
1158 1064
1790 1767
846 1229
263 360
615 1028
667 274
1593 1926
1359 1338
1 533
1208 124
356 61
1469 1154
1778 1437
665 1388
869 358
353 598
1350 1086
1227 215
829 1158
1726 705
1102 78
1929 1533
1615 45
1002 163
1144 1267
683 132
1648 680
1759 228
349 343
540 926
1901 1877
1983 1282
566 900
1384 409
1246 1178
1328 227
245 1419
67 1470
1933 1012
1457 1159
836 645
1013 1905
1023 1622
1966 758
1872 651
728 651
567 1782
1027 69
1893 163
1289 459
1004 1684
1033 1292
1889 16
850 1360
296 829
1453 404
1228 894
946 1444
925 312
1447 1964
261 1510
1575 868
650 252
1914 153
1265 180
1862 1136
1836 1666
1372 1383
1878 1932
277 576
410 497
1436 1155
1921 1144
1351 834
1387 1312
94 1733
738 296
1242 1756
1680 1675
440 1081
729 253
1438 421
155 371
1692 1758
1145 1208
1333 577
1047 980
911 1957
1513 343
1197 1013
1231 87
695 752
997 1541
488 611
309 90
1030 1216
1781 654
1835 579
207 1368
670 1003
367 992
1412 1178
443 1438
1402 1880
119 54
802 1067
1849 691
1962 1177
653 165
1400 680
1607 368
1195 1122
287 1395
465 903
125 1902
1397 818
376 1157
1255 1122
1234 113
1671 56
510 998
1283 321
1544 66
694 1962
1523 834
48 262
550 336
357 1590
1310 634
1668 1250
1686 262
753 1228
1015 1546
196 1657
888 857
1167 253
657 1352
467 453
595 1711
1046 1831
294 1167
392 277
1169 83
1179 596
1409 1813
1775 1995
205 1349
1623 1217
381 1988
47 1953
1182 1146
270 1179
1256 344
571 165
98 440
1132 1712
1361 654
780 605
1097 1752
736 77
1011 1452
589 287
1162 1311
1653 1521
722 1615
803 1116
739 965
1845 251
1061 331
1721 1016
161 217
168 1743
1755 1232
801 1262
1860 915
1723 1659
1074 1479
1728 1041
428 1126
808 119
472 1985
1040 611
1930 1622
12 1057
18 365
194 1823
515 712
1218 174
51 119
1688 1782
1644 836
1788 109
1554 1289
1325 1492
860 704
213 673
337 1939
1511 1691
1661 1963
1393 1429
373 1803
426 1486
1321 654
1724 1105
807 851
1859 829
158 1447
961 1322
529 337
939 61
568 1586
794 1321
1502 239
366 1526
678 1423
1291 1410
105 1006
500 1061
1358 745
1821 838
1656 1294
1766 1588
305 1511
1696 794
1769 1104
1945 407
1170 771
822 1193
538 1743
1069 371
964 69
1401 682
1508 1054
464 1325
1840 423
1917 215
1085 1446
1850 960
325 1167
317 1207
806 1110
839 1985
1076 1535
874 1439
633 1831
139 709
1870 146
1941 1163
569 1426
1639 1244
1650 963
764 1748
46 428
1928 1327
1499 1743
1665 1575
1148 447
1765 1929
1720 1461
1612 89
106 6
396 1699
32 1184
1685 1628
250 1944
893 1359
619 1523
1403 1545
1555 82
1524 1494
1382 1789
1630 772
853 375
973 572
1975 957
202 709
1088 366
624 741
1275 1382
692 581
1471 1122
1045 474
1704 1082
1060 1134
1220 680
1574 1770
1357 1439
355 1207
1965 705
746 1443
1111 1788
724 1187
1874 1039
544 1159
1168 67
666 1097
1506 1930
1468 1033
1024 1336
289 101
549 1588
1876 1211
1619 1693
1166 534
830 817
150 215
1143 1274
862 1192
848 582
934 1781
442 1862
777 1354
1474 1965
333 728
542 834
1587 371
1837 1324
484 1575
720 1016
35 1542
347 1
1287 763
475 636
33 1567
1793 1
1689 1981
1739 1101
1392 691
320 764
1996 961
1826 1676
532 19
1254 1993
896 310
872 23
1462 517
1488 984
363 291
1422 1676
1809 1966
108 574
1894 446
1839 1071
1537 906
128 664
144 780
81 904
1332 674
485 1168
492 529
24 293
879 531
1258 1455
224 1252
1690 1634
782 1121
1896 803
1100 515
523 1798
522 371
875 151
1631 1601
754 976
1008 1196
1701 416
897 976
1609 508
940 1783
1984 1843
1907 1124
345 611
1330 1679
800 322
1286 344
583 1464
458 212
513 1291
84 1244
938 1372
1080 943
978 54
778 607
111 1803
297 785
597 1422
1127 1662
1910 1262
240 1674
1638 263
880 1294
1404 1868
1735 696
924 1965
1594 1244
1271 1231
1969 949
734 1619
1762 25
1549 837
1974 272
1120 722
346 1920
1636 338
1517 728
899 46
585 306
1200 1630
849 1232
1021 1080
1948 257
154 673
1557 59
107 1224
114 1056
1117 970
1886 383
1773 289
1672 1032
1525 450
1515 1312
1150 1089
1664 1378
1990 35
1051 742
548 593
1978 294
102 597
1968 13
1915 273
1960 1893
135 916
80 1147
707 441
1375 1131
956 194
944 150
979 1978
627 744
543 1653
1512 1069
414 1472
1031 753
1785 1386
580 1995
420 891
1156 959
805 1181
570 854
1035 1198
1273 517
1583 391
1313 1081
195 1122
856 1467
852 710
1084 656
1460 796
1171 228
1063 1947
573 1721
167 1581
1887 609
2 207
1418 1469
1991 1613
97 49
200 709
798 1682
1142 1473
1373 168
127 385
1805 667
1442 944
283 1887
1801 1460
1757 17
162 325
842 850
762 1945
138 1054
1297 978
1976 500
9 1540
323 738
1729 892
898 51
1522 1047
816 596
1875 1333
394 1262
561 335
1058 1619
1043 870
1925 1050
740 1684
747 593
553 393
676 268
625 1092
813 1053
909 1648
1296 1432
498 1581
418 1157
639 99
70 1110
292 1059
63 1800
437 1462
1740 863
1164 297
1734 596
112 227
57 1379
1017 1601
1209 1482
470 837
950 1986
859 406
1559 1321
303 1648
193 1758
708 472
701 1524
1818 1878
145 679
1087 917
1475 1794
927 72
402 679
1761 1272
735 1116
1882 369
1529 1122
983 553
858 399
166 323
1389 1130
1649 1303
1742 1171
1663 781
1371 1167
1431 722
1399 1545
265 976
1253 960
1369 768
1239 1875
1832 1585
887 97
586 674
28 572
1864 392
304 1032
40 740
884 1148
1504 471
241 1147
1029 1663
826 1825
1185 29
1536 189
681 1712
1626 1169
481 990
1070 1511
516 1680
1608 168
1318 676
1288 1056
276 601
1637 902
941 159
952 332
1791 988
1580 304
1188 35
382 515
1828 961
641 17
905 296
242 1998
786 54
603 1227
307 1869
21 1601
1048 1643
1611 40
631 1465
1186 1512
1754 1500
1898 736
1881 712
164 172
994 1416
1279 1026
1669 407
1083 831
1300 1152
1655 1062
1425 1861
1454 1471
1213 1587
1829 548
873 1314
1904 1398
1441 1761
832 4
1315 35
15 667
1079 72
120 697
1226 1514
1520 1462
1405 718
1652 1258
1484 889
1236 637
761 1102
982 1354
810 227
1709 1016
1632 85
1970 1065
1750 1325
769 1672
626 824
1884 1964
1972 1837
920 1847
1118 1428
1589 1387
714 805
341 620
1595 468
1129 1306
1316 457
177 1257
1123 1061
1558 926
1518 1636
299 1314
1681 575
727 1247
389 1333
1000 67
693 873
1366 1279
1176 1484
1093 848
1922 1886
1923 946
220 1257
186 1573
1114 1070
774 688
1485 1401
1530 933
578 1765
1694 1561
340 1716
1394 736
1539 1638
811 217
236 848
254 926
528 1566
1687 858
171 1020
555 735
530 350
1370 1666
1745 1968
1480 1685
100 1717
1903 134
1997 409
1280 207
1205 811
1707 1956
1308 752
1421 738
809 980
590 1097
788 711
659 1426
451 1397
623 1695
767 490
1353 366
352 976
968 1291
698 500
784 1011
1784 336
456 598
604 1773
790 1449
1621 297
1604 767
419 808
1180 828
1534 877
1427 1415
110 1050
646 1861
1108 1118
827 801
198 107
1098 1884
1548 1523
689 690
1891 183
184 925
1658 1422
433 755
214 1589
1411 1776
1302 1926
315 894
1617 367
1424 462
539 503
907 1817
486 1581
1509 1452
156 561
715 413
1959 1242
1339 1897
864 1784
882 926
52 1838
1654 3
2000 1586
563 219
258 659
1989 660
1572 880
386 1949
1007 531
1276 371
947 1737
560 1756
913 1867
1049 169
640 312
1578 1703
1301 1584
1777 333
115 1369
1579 1215
557 1316
1495 7
1673 102
1715 1689
719 600
73 1698
1331 545
1459 1926
890 99
218 1142
914 1595
1340 923
460 1190
1261 696
1807 1745
92 79
726 638
185 1774
1602 1063
11 1320
1299 840
1722 1785
1202 1630
1532 995
192 945
521 1105
985 1759
1866 1001
789 834
1705 1868
1913 1930
379 572
264 1027
222 114
1490 697
541 1765
1802 515
1598 1114
1391 865
613 585
1493 172
1264 90
804 1654
1248 1227
1819 1565
1942 1064
1934 256
237 469
1149 1790
233 98
1614 1826
1183 1308
231 783
1792 314
76 50
1804 1894
117 1443
546 1975
1633 917
1337 1550
793 130
31 1692
937 1572
377 306
883 718
1356 1241
401 538
912 1771
1570 371
1295 1478
493 1947
372 1567
721 1808
88 447
75 37
1219 85
635 1722
1212 960
1764 781
390 327
136 341
1052 587
1487 409
411 597
608 331
427 1905
1243 153
1627 1668
279 495
525 1282
478 1390
342 1203
504 1368
1042 1862
1161 462
1879 1562
1304 905
282 860
448 624
1670 346
1009 1827
201 754
351 321
649 1843
308 635
614 1208
160 1984
841 1634
1815 1318
260 1446
1022 633
1489 1789
699 1099
281 371
617 411
820 919
121 1556
1640 1365
502 272
989 940
330 1614
93 1836
936 1611
104 1559
1113 497
147 880
1151 246
1538 1968
286 123
1858 132
993 119
422 405
129 22
1697 1529
1341 198
1642 816
1763 1906
773 887
173 1225
713 1427
1414 177
962 938
1095 782
1293 761
910 670
775 23
551 376
141 1975
1096 1650
439 1586
1967 492
1912 92
1251 760
592 897
723 1224
191 1080
1842 1134
290 736
612 149
1165 1550
565 1282
1133 1899
152 1899
38 1134
1916 715
1138 1247
429 1251
847 1510
866 1435
1730 80
1727 196
295 1254
1430 1943
378 1024
1700 432
845 1920
0
999
0
0
0
0
0
0
999
0
999
999
0
0
999
0
0
999
0
18
999
0
0
999
0
0
0
999
0
0
999
999
999
0
999
0
0
999
0
999
0
0
0
0
0
999
999
999
0
0
999
999
0
0
0
0
999
0
0
0
0
0
999
0
0
0
0
0
0
999
0
0
999
0
999
999
0
0
0
999
999
0
0
999
0
0
0
999
0
0
0
999
999
999
0
0
999
999
0
999
0
999
0
999
999
999
999
999
0
999
999
999
0
999
999
0
999
0
999
999
999
0
0
0
999
0
999
999
999
0
0
0
0
0
999
999
0
999
999
0
999
0
0
999
999
0
999
0
0
999
0
999
0
999
999
999
0
999
0
999
999
999
0
999
0
999
999
999
0
0
999
0
999
0
0
0
999
0
401
0
0
0
0
999
999
999
0
0
0
0
999
999
999
999
999
999
0
999
0
999
999
999
0
0
999
0
999
0
0
0
0
0
999
999
0
0
0
999
0
999
0
999
0
999
0
0
0
0
0
0
999
0
999
0
0
999
999
0
0
999
999
999
0
0
0
0
0
0
0
999
0
0
0
999
0
0
0
999
0
999
999
0
0
999
999
0
0
0
15
999
0
0
0
0
0
999
999
0
999
0
999
999
999
0
0
999
999
0
999
999
0
999
0
999
999
999
999
0
999
0
0
0
999
999
999
0
999
999
999
0
0
0
0
0
999
0
999
0
0
999
0
0
999
0
999
0
0
0
0
999
0
0
999
0
0
0
999
0
0
999
999
999
0
0
999
999
999
0
0
0
999
999
0
0
999
0
999
0
0
0
0
0
999
0
0
999
999
0
0
0
0
999
999
0
0
999
999
999
999
0
999
999
1
0
0
999
0
0
999
999
12
999
0
999
0
999
0
0
0
0
999
999
0
0
0
0
0
0
0
999
999
0
0
999
0
0
0
999
999
999
0
999
0
92
0
999
999
999
999
0
0
0
999
0
0
0
999
0
999
999
0
999
999
0
0
0
0
999
0
0
999
0
0
0
0
999
0
999
0
999
0
0
0
999
999
0
999
0
0
999
0
999
0
0
999
0
0
999
0
0
999
0
0
999
999
999
0
999
0
0
0
999
999
0
0
0
0
999
0
999
0
999
0
999
0
0
0
0
0
999
0
0
999
0
999
999
0
0
0
0
999
999
999
0
999
0
0
999
999
999
0
999
0
0
0
0
0
999
999
0
999
999
999
999
0
999
0
999
999
999
999
0
999
0
999
0
999
0
0
999
999
0
999
0
999
0
999
999
999
999
999
0
999
0
0
0
0
999
0
999
0
0
999
0
999
999
0
0
999
999
0
999
0
0
999
0
999
0
0
0
0
0
999
999
0
0
0
999
0
0
0
999
999
999
0
0
999
0
999
0
0
0
999
999
999
999
999
0
0
0
999
0
999
0
999
0
0
0
999
999
999
0
0
0
0
999
0
0
999
999
0
0
999
0
0
0
999
0
999
0
0
0
0
0
0
999
0
0
0
999
0
0
0
0
0
999
166
999
0
0
999
0
0
0
0
0
0
0
999
0
0
999
999
999
999
0
0
999
999
0
999
0
0
0
0
0
999
999
0
0
0
0
999
999
999
0
0
0
999
999
999
999
999
999
0
999
999
999
999
0
0
0
0
999
999
999
0
999
999
999
0
0
0
0
0
999
999
0
0
0
0
0
999
999
0
0
0
0
0
0
999
999
0
999
0
0
999
0
999
0
0
0
999
999
999
0
999
999
0
999
0
999
0
999
0
999
0
999
999
999
0
0
999
999
0
0
0
999
0
999
999
999
999
999
999
999
999
999
999
999
999
0
999
0
0
999
0
0
0
999
0
999
0
0
0
999
999
0
0
999
0
999
0
0
0
999
0
0
999
0
999
999
0
0
999
0
999
999
999
999
0
999
999
0
0
999
0
999
999
999
0
999
0
999
0
999
0
0
0
0
0
999
999
999
999
0
0
0
999
999
0
999
999
999
0
0
999
999
0
999
0
0
999
0
0
999
999
999
999
0
0
0
0
0
999
0
999
0
999
999
999
999
999
999
0
0
0
0
0
999
0
0
0
999
999
0
999
0
0
0
0
0
0
999
0
999
999
999
999
999
999
0
0
999
0
999
999
0
0
999
0
999
0
0
0
999
0
0
0
0
999
999
0
999
0
0
0
999
0
0
0
0
999
0
0
0
0
999
999
0
0
999
999
0
999
0
0
0
999
0
0
0
999
999
0
0
999
0
0
999
0
0
0
999
0
0
999
999
999
0
999
0
999
0
999
0
999
0
0
0
999
999
999
999
0
0
999
0
999
999
999
9
999
0
999
0
138
0
0
999
0
999
999
0
999
999
999
999
999
0
999
999
0
0
0
0
0
999
0
999
999
0
999
0
0
0
0
0
999
999
0
0
0
999
0
999
0
0
999
999
0
0
999
999
999
0
999
999
0
0
0
0
999
0
999
999
999
999
0
999
0
0
4
2
0
0
0
999
0
7
999
0
999
999
0
0
999
999
0
999
0
0
999
0
0
0
999
0
999
0
0
999
999
0
0
0
0
999
0
0
0
999
999
0
999
0
0
999
999
999
999
0
0
0
0
999
0
0
0
0
999
999
0
999
999
999
999
999
999
999
999
0
0
0
0
999
59
0
999
999
0
999
999
0
999
999
0
999
0
0
0
0
0
0
999
0
999
0
0
999
0
999
0
0
999
0
0
0
999
0
0
999
999
0
0
0
0
999
999
999
0
9
2
0
0
999
0
999
0
0
999
0
0
999
0
999
0
0
999
0
0
999
999
0
0
0
0
999
0
0
999
2
999
999
999
999
0
999
0
0
999
0
0
999
999
0
0
0
0
0
999
0
999
0
999
999
0
0
999
999
0
0
999
0
0
999
999
999
999
0
999
0
999
0
999
999
999
0
999
999
999
999
0
999
0
0
0
999
0
999
0
0
999
0
999
999
0
999
0
0
999
0
0
0
999
0
0
0
0
999
999
999
999
0
0
0
999
0
999
999
999
0
0
0
0
0
0
0
0
0
999
0
999
0
0
999
999
999
0
0
999
0
0
0
0
999
0
0
999
999
999
999
999
0
999
0
0
0
0
0
0
999
0
0
0
0
999
0
999
0
999
999
999
999
0
0
999
0
999
999
999
999
999
999
999
0
0
0
999
0
999
999
0
999
0
0
0
999
0
0
999
999
0
999
999
0
999
0
0
999
999
0
0
0
0
999
0
999
0
0
999
999
0
0
0
0
999
0
0
0
0
0
999
999
0
0
999
9
999
999
0
999
0
0
0
0
0
999
0
0
999
0
0
999
999
0
0
0
0
999
0
0
0
999
999
0
999
999
999
999
0
0
999
0
999
0
0
0
999
0
0
999
0
999
0
999
0
999
999
0
999
999
999
0
999
0
999
999
0
999
0
999
999
999
999
0
0
0
999
999
0
999
0
999
0
999
999
999
999
0
0
51
0
999
0
0
0
999
999
0
0
0
0
999
999
0
999
999
999
0
0
0
0
0
0
0
0
0
0
999
0
999
0
999
999
0
0
999
999
999
0
0
999
0
0
0
999
0
999
0
0
0
0
999
999
0
0
999
0
0
0
999
0
999
0
0
999
999
999
0
999
999
0
999
0
0
999
0
999
0
999
0
999
0
0
999
999
0
0
999
999
999
999
0
0
999
999
999
999
999
0
999
0
999
0
0
0
0
999
999
0
999
999
999
999
999
0
999
0
0
999
0
999
999
999
0
0
999
999
999
999
999
999
0
0
0
0
0
0
999
999
0
0
0
999
999
999
999
999
999
0
999
0
999
0
999
999
0
0
999
999
0
0
999
999
0
999
0
999
0
0
0
0
0
999
0
0
0
0
999
999
999
999
999
0
0
999
999
999
999
0
0
0
999
999
0
0
0
999
999
0
999
0
0
999
0
0
0
0
999
0
0
0
999
999
0
999
0
0
0
999
999
999
999
999
999
0
0
999
0
0
0
999
2
999
0
999
0
0
0
999
0
0
999
999
0
0
999
0
0
999
999
999
0
0
0
0
0
0
0
999
999
0
999
999
0
999
0
999
0
0
0
0
0
999
0
0
999
999
0
999
0
0
0
0
999
0
999
999
0
0
999
0
0
999
999
999
0
999
999
0
999
0
0
999
0
0
0
999
999
0
0
0
0
0
0
0
999
999
999
0
999
0
999
0
999
0
0
0
999
0
999
0
999
999
999
0
999
999
0
999
999
0
999
0
999
999
0
999
0
999
0
999
999
0
999
0
999
0
0
0
0
999
999
0
0
999
0
0
999
0
999
999
999
999
999
999
0
0
0
999
999
999
0
999
0
0
999
0
999
0
0
999
999
0
0
0
0
0
0
999
999
0
0
999
0
0
999
0
0
0
0
0
0
0
0
0
0
999
999
0
999
0
0
999
999
999
999
999
999
0
999
0
999
999
999
0
999
0
0
0
0
0
999
0
0
0
0
999
999
999
0
0
0
0
999
999
0
0
999
