2000 1999
748 745
411 748
1426 745
1475 411
972 1475
1791 411
1137 411
1928 1137
297 411
156 1137
1947 1791
1481 1791
1350 748
944 1137
783 1426
1333 1475
1515 1791
553 745
533 745
1065 1481
1468 1065
1917 972
379 553
1539 783
1212 1539
586 553
1514 783
996 1947
547 783
1159 944
507 1212
847 972
1285 1426
1816 1426
1335 533
787 553
182 1791
1249 783
1924 996
1997 297
534 1249
268 1539
1156 944
343 1065
389 268
1363 553
171 379
1010 1468
1342 1475
400 1363
1778 748
655 1468
949 1515
1181 1363
1729 533
1387 389
1379 847
284 553
1268 996
1482 996
1378 284
1472 1791
298 400
216 1350
267 783
780 268
700 1333
1954 847
1548 389
969 547
1171 1181
206 553
1306 1481
1216 700
1195 996
1934 1285
1740 1333
1103 1997
764 1378
659 206
1000 780
751 547
510 1472
592 1379
425 1468
283 1475
1799 1159
1970 216
1321 1010
853 379
911 1970
1689 1363
1484 911
134 780
1830 780
1608 1363
1226 592
912 1000
1901 911
1015 847
883 783
1287 1350
1078 1778
1032 507
1796 171
1232 1065
945 1481
1255 1216
1692 1472
1454 1306
498 748
508 1216
1724 586
1803 1472
1028 883
1828 1803
1149 1010
17 1689
1497 547
355 1181
1405 1065
985 1740
646 1156
815 17
702 1000
1599 751
1849 783
1936 1181
1343 1249
1782 182
940 343
1521 764
303 1799
468 1137
1610 1515
1763 297
217 1539
1999 1212
856 1287
1191 856
1645 1343
1443 751
1941 944
391 1934
1989 303
370 1778
269 1065
29 547
540 985
491 1917
610 1032
742 1137
683 1149
649 1426
557 391
204 1321
1551 883
1788 1171
1965 1791
167 498
523 498
1723 659
272 985
1326 1335
310 389
1402 1934
222 491
793 272
773 1936
1572 1796
350 1999
1827 1849
435 856
1040 985
1873 700
865 1379
177 1941
1705 177
1453 780
712 1724
1465 1928
1372 912
139 1379
811 1195
1241 1947
593 748
16 1195
619 268
1282 996
1540 619
994 182
141 1521
1027 1705
112 1828
882 865
376 1482
1923 996
1038 944
1124 780
959 1124
1071 540
1090 1796
1967 1723
1664 593
15 425
1267 1482
1720 1443
1461 310
1467 1917
1225 1999
1421 856
1029 1830
1262 773
175 883
976 177
1233 1782
568 659
286 1608
1436 883
1908 376
1073 1989
437 1216
449 1467
1640 175
946 764
1746 787
1586 1928
1535 1285
273 1232
1926 1426
548 491
1188 1778
1175 1342
1554 1586
837 1402
1189 1924
1097 883
1565 1342
515 994
116 1181
451 1610
463 985
528 1010
190 1372
62 1934
3 1333
1049 303
118 1191
1524 355
1863 1343
1813 206
1070 1705
999 510
1341 283
1850 1216
242 269
1556 1097
755 683
1286 1788
1059 1137
271 1189
1786 764
1855 1723
1871 1782
1700 171
159 1917
1632 1700
1052 508
467 853
1759 1827
1898 1233
68 1475
1583 1954
1302 17
1217 1268
796 1898
1469 1799
228 793
426 1335
255 242
993 1212
1846 1482
1022 112
1542 3
447 510
596 1282
1441 1078
722 1782
539 1481
331 228
612 1565
686 1156
1715 1453
1364 1468
1597 1515
542 331
1617 1664
1714 1954
325 996
1621 1967
324 267
264 1268
1339 1195
1254 1763
189 426
1834 1514
1950 1321
1605 17
535 1782
89 883
1766 1255
1104 1908
448 1286
1431 1342
661 1282
162 268
1696 1610
1218 269
576 540
789 1171
1544 1828
1573 283
1615 89
260 350
930 1873
9 751
1812 1217
1033 619
1590 946
1114 912
1550 1350
349 1364
822 1378
14 1475
313 286
785 1816
1397 1617
529 1763
1592 785
51 1540
1851 1849
1847 1615
1683 547
364 1268
851 189
4 822
237 969
1713 1028
473 400
227 1544
332 62
879 1321
397 1233
893 539
1370 1855
1900 118
1874 1715
599 1225
1862 1873
1534 1548
555 1936
472 1282
1213 1873
1842 1874
137 391
1526 811
257 1862
1045 1640
1784 1302
1998 1339
1291 1326
734 189
1132 1027
1743 447
1123 1526
554 610
844 397
931 554
155 177
130 751
1948 1441
239 1443
127 1306
1771 702
1748 1029
735 1010
1360 539
101 1032
1155 1759
1751 1212
623 1453
1389 1572
981 1191
176 167
251 332
19 17
848 68
1425 127
477 227
1371 1482
769 599
1053 1696
117 217
1243 576
1221 1053
669 1763
1080 972
1530 1218
1025 1759
581 700
321 272
1395 811
1913 1137
1480 468
1501 793
347 1171
1315 1705
1667 593
1564 702
962 1465
25 911
1110 1924
1938 554
1613 1834
977 227
195 1218
647 1997
1537 1998
1930 847
825 62
713 1813
1868 853
1611 118
1476 1928
1536 1090
417 1849
1708 1771
438 17
1385 796
737 1156
1094 1583
966 347
1822 930
517 1285
1376 1605
328 1696
569 528
550 195
113 1268
1253 1954
1237 647
919 130
1391 1683
572 1713
1504 1683
682 273
301 1998
287 1834
1325 112
564 712
245 118
200 1705
720 89
727 722
1047 350
1187 523
1489 1254
232 702
406 1868
1176 1191
615 1370
1509 773
1915 554
1292 848
1244 1217
1881 127
730 331
196 1363
1767 19
114 730
1422 847
1824 196
1373 206
238 919
1787 473
85 1027
63 548
1655 1509
1879 130
1304 287
1142 245
1322 1564
77 182
521 1342
1649 472
1598 661
1448 391
635 1322
1069 477
305 539
1675 635
685 1373
636 1306
574 1395
460 569
444 283
561 1285
830 1291
656 931
578 1436
704 1812
1399 1397
1250 1342
1265 1928
1623 1834
1347 1583
128 379
1186 1402
28 944
936 540
1105 1941
878 1834
1738 137
1549 1565
1959 1842
1895 713
1890 1514
469 1611
18 437
345 704
858 1461
1711 1422
440 1689
462 1816
20 1850
1809 217
551 508
179 769
480 1379
836 1137
738 137
461 1640
824 15
1182 853
374 1743
749 1399
1781 576
1001 1850
185 245
1907 349
585 1156
1030 1212
296 1371
291 355
728 1700
1219 1249
786 1667
1493 1608
1957 1548
384 1306
38 114
774 1103
1969 515
485 1751
513 783
1848 1255
1106 1868
932 1467
443 1341
1145 962
1560 1901
1982 966
80 1038
1963 1655
131 1720
754 473
637 1965
1596 175
348 1847
1063 1182
1672 932
921 384
312 177
1099 19
1921 1824
718 1599
1386 1564
197 1542
1327 517
957 349
1148 15
1323 1010
496 1052
1153 738
1163 1071
1571 1364
1138 296
1455 1963
951 1033
1180 1763
680 1948
1627 1720
1795 1448
601 1347
1432 3
1826 553
616 1791
1227 20
923 1326
1384 397
1619 853
1779 1796
991 1583
1658 919
658 1965
1820 1640
629 837
1702 1586
423 1950
1295 3
361 637
110 101
1680 533
925 786
464 461
843 554
1074 264
248 189
265 238
86 1326
1676 1326
1012 1938
986 1608
794 162
1263 222
861 204
351 1788
1955 1028
813 1181
906 629
1329 296
33 1292
657 1959
989 1395
151 417
428 1329
1442 196
512 1573
1541 796
1810 656
466 1711
638 1421
621 1475
1473 730
762 856
41 1326
714 1895
231 534
537 1114
1144 1826
1036 682
1962 384
1330 1384
1896 720
588 610
363 1339
630 1250
605 702
829 793
695 1623
1603 647
244 764
288 237
833 473
1449 539
91 1000
1100 1265
1172 472
1113 463
1433 19
926 1751
733 1391
613 1766
1688 1603
1946 1156
543 1828
1643 1468
1081 1711
65 1262
505 17
368 695
1076 1787
1294 1688
1108 137
494 517
488 1395
1060 1724
689 754
1319 1397
471 1537
1338 1189
1861 1100
122 1304
1877 1714
899 15
795 616
94 1827
567 171
886 1862
820 940
1807 1010
254 1913
538 906
1685 305
1719 1241
671 287
1912 1047
1135 576
418 636
1061 1218
1390 1132
1056 1969
710 878
580 1473
6 1322
1008 567
395 1226
342 1360
1130 1217
1844 1267
873 878
149 1144
27 507
918 588
954 853
1686 127
1407 16
1240 1114
1994 51
274 1104
681 1803
604 342
1470 1149
1939 610
1006 469
1899 1826
311 751
784 1999
776 448
1161 1830
1366 720
152 473
1988 328
1272 734
230 1321
984 29
566 1896
660 468
100 1504
701 1454
609 1402
1670 1541
37 141
378 65
937 540
1699 949
1595 449
403 1322
1459 1803
1013 1100
1290 1941
334 171
1462 1182
1011 542
611 596
163 505
1204 1372
1741 599
808 1182
1278 553
1037 1809
1392 1000
827 1541
142 1373
453 428
859 1338
1727 1946
1904 1967
1806 403
98 1537
1055 204
148 1386
404 1056
968 561
1301 1901
1758 1343
1660 117
688 1554
225 1286
1525 1720
1665 985
1245 1187
490 347
322 1771
1410 1541
1458 981
308 1402
22 1924
626 68
387 1028
157 1526
1520 16
1891 873
1430 1421
121 1161
54 1322
132 1536
1202 1896
489 1386
1579 288
1464 1534
1651 1700
1677 822
901 1470
319 1287
781 1195
1474 936
1034 1851
11 1047
744 1524
1832 463
401 1459
1575 856
1496 899
1119 370
1886 1615
1507 1711
1437 596
353 1610
724 566
1522 837
1157 238
1014 533
641 1537
174 1480
1639 635
519 712
1634 1155
1630 688
1797 1366
1669 440
293 1847
326 128
1985 1029
1160 1954
706 65
1869 720
536 1159
1412 401
1273 1660
1911 117
455 1338
1251 1436
788 11
756 996
1353 510
1538 1957
1706 733
224 984
1427 1395
1483 734
1687 1608
1492 1955
1887 1847
1510 1994
144 1788
1562 1911
1401 1572
1178 1401
955 1243
816 1807
556 901
1776 1290
1558 1727
1747 1592
60 776
492 764
168 1904
1625 822
960 1103
42 1879
1609 1496
1543 1596
1749 1610
1062 1778
852 901
1303 1597
1775 1401
330 131
855 1689
1973 248
109 535
888 437
416 661
997 1322
292 1218
1933 1161
1361 1611
323 1263
1498 118
1256 1389
587 683
1358 361
1633 216
188 155
1576 403
1694 1917
1150 609
803 1441
782 657
1197 438
369 171
2000 196
920 1608
405 1908
1602 228
1772 1000
1308 1723
1612 1586
104 1959
676 1881
1990 745
1193 629
1519 681
1093 20
1644 287
726 737
1944 343
427 986
69 657
1274 1655
598 592
1652 287
394 1135
1889 157
1798 1060
870 62
103 853
1691 1081
1641 611
1318 586
1179 515
1805 1155
654 636
481 464
1413 1886
32 1989
1860 1985
1075 1525
705 1795
336 1824
1 1542
881 1509
281 1805
1023 68
226 1572
1838 1014
821 1946
594 461
275 312
721 4
672 1917
1882 615
211 1453
40 461
282 1985
452 581
826 435
115 536
602 510
1277 174
1716 1256
606 621
1821 364
1835 32
31 28
1429 1882
1584 1849
648 542
500 1176
1951 1099
1878 452
1852 1063
457 195
890 930
765 1295
1460 1075
763 1747
1902 443
1151 1407
1773 1848
818 1934
199 211
1072 1898
1183 286
229 1455
743 480
1173 587
1935 1715
1435 1013
927 1093
1064 1460
1607 830
527 349
577 197
1814 837
1856 1788
1604 132
1892 11
93 1617
1815 496
1311 1462
1585 1554
757 1551
1344 1274
1903 1524
1523 293
809 1649
1996 477
135 1363
79 827
665 816
1528 710
1910 242
693 1526
1340 623
1553 54
124 1586
864 1708
414 313
344 200
106 1335
632 940
1375 286
1673 1306
1228 1056
600 1255
1317 1219
1606 1342
1762 378
1158 1861
1577 1898
87 1965
1765 820
1918 1070
1589 728
415 222
1125 733
772 14
1932 986
1420 1372
679 471
1092 104
487 1176
980 1715
1133 658
1068 1449
95 1012
956 226
166 1387
992 124
625 1988
439 31
618 1311
1126 345
180 656
947 1317
386 1689
150 1250
1867 1965
446 820
716 1813
35 1097
709 515
1666 1353
154 127
1557 1267
1457 269
1247 176
1789 625
663 462
516 1061
1979 1603
13 469
1016 1948
1943 548
1035 1959
402 1436
868 945
241 1160
979 452
129 1360
1440 1951
1757 1263
367 1053
1238 858
1663 200
845 1028
1631 1286
910 265
1095 139
1117 1273
913 1218
1456 954
356 1464
219 342
105 342
1661 785
1646 1145
929 1948
354 1565
1837 604
58 1094
524 980
1486 1183
1293 1789
1823 80
173 124
1039 384
703 704
666 274
413 1901
903 195
1415 1862
802 1766
1305 1100
365 400
823 574
1637 1213
1591 1938
731 855
1084 488
1451 1799
1083 1943
1279 1114
869 523
1275 271
88 1293
1215 772
582 1025
798 769
253 1217
1722 1597
1929 1660
777 89
1811 446
277 1692
1002 1720
432 932
565 1160
458 913
514 853
1971 754
1960 1510
1940 1685
1945 1186
1300 1195
723 1433
243 940
352 1037
81 1188
974 376
1393 858
201 1722
846 682
393 1073
1438 19
266 957
1968 1515
1423 1072
520 1436
390 1301
973 1023
420 695
889 1990
1246 1322
1949 460
914 1911
603 1023
84 401
1760 1389
938 1386
1091 794
5 641
158 1968
684 1114
341 1950
383 605
1922 461
476 189
983 222
1252 1950
1143 173
495 1816
64 1138
145 1055
1334 1217
1199 626
628 1779
884 226
1380 751
970 1334
1146 731
409 992
2 1553
1594 1326
1211 576
950 1474
203 494
1854 1923
1730 654
916 1265
1194 2
21 1723
1224 1072
1231 798
698 773
908 1433
589 310
1164 490
894 550
1905 319
559 420
36 780
1614 1135
1408 13
987 1805
1206 1010
412 1554
73 528
804 1245
1679 1343
1369 1062
1166 1910
1162 1507
1120 296
1296 417
1703 1347
1517 118
511 1059
1916 393
221 728
90 1685
1112 954
740 1193
664 951
746 1426
1506 3
1184 521
465 393
1310 785
1096 1117
1313 1255
1739 354
967 1608
1568 6
998 923
668 1292
1196 1520
1101 1060
1697 1924
874 1412
1690 821
1349 1433
126 1871
49 144
1616 1789
340 666
560 1302
193 668
436 1813
1121 1427
1269 1349
791 1847
56 364
380 1550
583 18
1336 537
934 73
1580 1181
952 324
1017 844
99 1325
246 1196
971 1269
1906 156
975 661
1020 353
584 1970
102 1062
1307 1660
1987 1145
1978 976
1909 1625
385 967
692 829
186 176
1866 1392
289 1011
839 1334
571 1342
573 944
1260 728
800 606
719 911
304 751
840 1641
1732 440
1919 254
753 986
82 720
1192 1379
591 615
675 511
563 423
1638 1062
1485 903
456 580
677 1979
479 1809
650 1630
1555 1442
66 1524
691 1074
838 1902
1077 391
850 150
1783 684
1693 1113
74 660
872 257
904 1787
1925 1538
208 100
1674 1868
1141 273
482 1641
1271 56
1477 789
759 904
624 1376
1116 1023
828 405
1352 1856
235 1683
1726 1436
70 351
1024 911
1792 1342
1742 462
408 680
1396 1313
766 1133
1662 681
209 139
1839 1631
1731 1164
1578 1112
715 58
922 1291
1209 918
1283 1325
640 592
1388 1598
1725 1182
834 404
1087 176
76 1476
1345 1759
192 1900
544 723
233 365
892 1178
1545 1742
263 105
362 1114
819 1660
1656 1767
614 903
1761 1245
1463 1333
617 1867
760 322
30 1
346 37
1230 1867
1007 712
1956 1030
234 957
1885 591
1203 560
1937 1104
662 727
1701 1602
223 701
375 368
895 1711
170 1099
1546 1585
419 1104
1513 356
377 1595
1258 513
256 733
1229 1667
372 1335
1512 589
690 843
1864 609
1511 1839
1400 193
169 1329
1769 1727
1503 510
642 379
849 332
1975 539
639 987
1648 1506
1865 231
857 1660
1239 69
1419 991
47 1619
39 349
1721 293
92 1619
1299 1361
1003 1151
1131 1848
1411 1047
55 1685
942 899
202 587
300 1723
1316 981
607 599
807 583
905 720
424 1637
779 1560
1532 1073
165 1705
1802 1412
887 1851
140 419
1102 600
1635 1507
897 657
502 1126
504 844
1314 1955
1499 883
1198 1742
1488 720
1618 514
1394 449
12 1388
1236 1514
359 1758
1870 272
835 1408
1046 803
958 32
1362 105
1234 675
799 237
814 1925
1079 1910
1654 779
990 1556
729 923
673 700
53 1103
867 1933
876 611
474 1137
1050 1209
651 1350
939 1410
1984 523
522 62
900 1344
771 1463
213 811
429 749
1089 970
1147 140
597 647
44 1621
1581 929
1728 737
259 397
360 1473
240 1148
1518 746
261 1087
810 1089
388 1467
1139 1614
194 1307
948 1890
778 1143
1111 1583
309 576
915 1592
1753 638
1983 1562
1629 1142
1066 1070
478 1711
302 1065
1876 769
1622 1023
1678 128
896 217
902 463
252 403
120 945
181 1219
860 804
1777 813
1829 1501
518 352
421 35
1964 762
978 1611
812 1641
1770 416
1993 1366
178 1369
1588 1564
1434 947
1367 261
696 1829
1897 252
431 435
1836 839
1129 1486
1593 975
1858 1625
7 1532
1098 934
532 1708
470 88
1264 658
315 465
270 1002
1374 1553
285 277
790 1507
366 926
1403 1388
1768 1623
1417 114
1986 604
530 749
1636 1815
711 1371
541 411
333 248
1466 402
1086 1838
1684 813
509 1911
1479 321
1733 944
909 17
1487 466
1508 895
111 284
670 887
10 1553
1309 200
335 601
136 991
1574 1108
320 1758
214 824
1067 174
1626 1349
1051 402
965 89
422 221
525 872
1208 1591
1331 765
1031 906
1404 415
907 713
964 765
866 1534
1054 1805
1559 1824
250 1023
108 1636
545 985
1041 470
1044 238
1261 1634
1122 120
1833 1526
501 1334
306 1408
549 1113
595 1619
1845 1011
1712 861
644 285
249 1989
767 978
459 609
218 1868
153 1146
1563 1350
1547 1986
1222 456
768 610
1167 397
1005 1833
1357 1729
1424 1844
441 51
775 773
434 409
1808 196
96 1196
645 582
1223 1369
236 711
694 1933
1707 1000
707 1649
407 496
123 1706
1859 1078
817 1563
1107 1463
294 1506
1952 560
898 435
963 1293
1529 816
317 1073
1737 1247
1058 1179
381 991
752 1237
1681 1547
1587 1437
928 194
396 1599
280 894
198 3
160 1449
792 216
953 646
24 661
1780 1584
1893 1262
1242 594
1953 659
1026 1116
875 819
1447 429
1446 535
1505 374
125 866
329 1462
1085 1463
1190 947
699 713
863 1397
1582 288
1235 895
1428 786
43 1503
212 65
736 1519
506 516
653 1178
398 200
1735 1245
338 1372
290 856
442 967
1785 651
483 1607
1817 274
48 1656
1819 972
877 1176
1351 869
841 1983
880 1713
1624 669
143 997
1324 204
924 1773
133 73
207 452
832 958
933 535
262 1435
1561 1932
1774 277
1642 1631
1471 1446
531 953
1502 212
1914 192
172 474
373 1039
1659 1773
1972 1461
1981 96
71 267
1531 1978
1533 702
1312 677
1406 1814
1853 936
1356 894
1445 502
1019 1343
1359 192
687 452
1527 793
1383 545
164 955
45 1054
1752 473
1818 574
1977 597
107 838
191 28
633 815
83 1053
1018 352
1709 1019
258 788
382 754
941 88
220 1720
1875 1164
1628 735
57 986
454 1949
392 748
1270 1963
885 56
988 1619
678 583
1718 934
61 1905
1398 605
1368 1267
552 1050
1704 1443
1942 887
8 1270
1185 1916
503 1891
318 1254
770 121
46 114
75 659
1995 877
1671 1162
1884 53
1152 1817
1992 684
161 1422
1620 1691
316 703
631 419
1804 1006
1004 1351
1354 1130
1259 1689
725 124
1418 974
1601 1903
1207 946
299 551
486 813
546 319
1048 366
210 1835
575 1215
1220 1673
1409 1398
119 452
493 41
1734 1936
1276 1427
1365 1171
1754 57
278 1765
1840 504
1165 244
147 1727
1348 1660
643 859
1566 772
627 336
1552 1904
1491 704
1082 808
747 1528
183 263
445 1712
1668 1421
475 1324
1382 225
1650 1147
622 1007
59 999
72 1874
1450 1049
1745 1689
831 321
1177 1993
430 1624
358 635
667 878
1974 883
758 1977
995 1548
1857 1191
982 745
1647 181
1439 1431
1205 1776
484 1111
1800 1925
1843 949
570 1068
138 1871
1495 868
50 1277
1790 1114
1128 1955
52 1112
1337 1868
1478 1646
1444 867
732 1397
750 677
247 1506
801 1981
187 1278
1494 799
1653 1449
1764 1186
1750 1734
1570 1247
1841 323
739 1988
1736 1788
1297 260
314 439
23 1231
307 1937
371 382
854 925
708 621
1958 774
1346 1258
339 680
1200 1141
1825 906
1320 4
1170 1675
450 777
1414 1840
1710 237
1210 786
327 1321
1755 102
1355 730
1567 1660
1872 688
1831 1219
1883 37
674 326
276 580
1991 1295
1057 1372
499 484
871 1011
1136 1526
1569 1812
652 880
608 588
1416 1053
1888 140
1298 528
1248 1218
1115 1766
1980 983
1966 1746
1009 1951
34 477
1657 1110
1976 1037
761 365
741 1903
78 1579
1288 963
1140 1568
1794 1477
433 1046
295 564
1118 47
805 794
590 1848
842 499
1927 446
1134 1131
558 332
579 236
1266 1392
26 304
1328 1787
634 1401
1931 1660
1280 1888
697 1187
1695 387
1214 142
1920 272
337 1003
806 307
1698 823
891 1681
1717 1626
1154 488
215 504
1088 1484
1168 597
1284 1090
1682 1959
1801 393
1516 182
1500 87
1880 250
357 1884
1109 1374
1169 1268
1600 767
1289 870
797 770
1381 924
399 424
526 1975
1452 506
1332 81
1744 368
620 914
935 1141
1021 1192
497 1427
1043 1400
1756 995
1257 468
943 92
961 1103
97 779
279 1683
184 894
1377 1080
717 4
1894 1951
205 334
1127 334
862 1683
410 210
67 1932
1793 1257
1281 1901
917 1475
1201 259
1961 64
1042 1701
1490 101
562 922
146 1226
1174 803
0
0
0
0
0
0
999
999
0
999
0
0
0
0
0
0
0
0
0
0
0
0
999
999
0
999
0
0
0
0
0
0
0
999
0
0
0
0
0
0
0
0
999
999
999
999
0
999
0
999
0
999
0
0
0
0
999
0
999
0
999
0
0
0
0
0
999
0
0
0
999
999
0
0
999
0
0
999
0
0
0
0
999
0
0
0
0
0
0
0
0
0
0
0
0
999
999
0
0
0
0
0
0
0
0
0
999
999
0
0
999
0
0
0
0
0
0
0
999
999
0
0
999
0
999
0
0
0
0
0
0
0
999
0
0
999
0
999
0
0
0
0
999
0
0
999
999
0
0
0
0
0
999
0
0
12
0
0
0
999
999
0
0
999
0
0
0
0
0
0
0
999
0
0
0
0
0
999
0
0
999
0
999
999
0
0
999
0
0
0
999
0
0
999
0
0
0
999
0
0
0
0
0
0
999
0
999
0
0
999
0
999
999
999
999
0
0
999
0
999
0
0
0
0
0
0
0
0
0
0
0
0
0
0
0
999
0
0
0
999
0
0
0
0
0
0
999
0
999
999
0
999
0
0
0
0
0
999
999
0
999
999
0
0
0
0
0
0
0
999
0
0
0
0
0
999
0
999
999
999
0
0
0
0
999
0
0
0
0
999
0
0
0
999
999
0
2
0
999
0
0
999
0
0
0
999
999
0
999
0
0
0
0
999
999
999
999
999
0
999
0
0
0
0
0
0
999
0
999
0
0
0
999
0
999
0
999
999
999
0
0
0
0
0
0
0
0
0
0
0
0
0
0
0
0
0
999
999
0
999
0
0
0
0
0
999
0
0
0
0
999
0
999
0
0
0
0
0
1
0
999
999
0
0
0
0
0
999
0
0
0
999
0
0
0
999
0
999
999
0
0
0
0
0
0
0
999
0
0
999
1
0
0
0
0
0
0
0
0
0
999
999
0
0
0
0
0
0
999
999
999
0
999
999
0
0
0
0
0
0
999
999
0
0
999
0
0
0
0
999
0
0
0
999
0
0
0
0
999
0
0
0
0
0
0
0
0
0
0
999
0
0
0
0
999
0
0
999
0
0
0
0
999
999
0
999
0
0
0
0
0
0
999
0
0
0
999
0
999
0
999
0
999
0
0
999
0
0
999
0
0
0
0
0
0
0
0
999
0
0
0
999
0
0
999
999
0
0
0
999
999
999
27
0
0
0
0
0
0
0
999
0
0
0
999
999
0
0
999
0
0
999
350
0
0
0
0
999
0
0
0
999
0
0
0
0
0
0
0
999
0
0
0
0
999
0
0
0
999
0
0
0
0
0
0
0
0
0
0
999
0
0
0
0
999
0
999
0
0
0
0
0
0
0
0
0
0
999
0
0
0
0
0
0
0
0
0
0
0
999
0
999
0
0
0
0
999
0
0
0
999
0
999
999
0
0
0
0
0
0
0
0
999
999
999
0
0
0
0
0
999
999
999
0
0
0
0
0
0
0
0
0
0
0
0
0
999
0
0
999
0
0
0
999
0
0
0
999
0
0
0
0
0
0
0
0
999
0
0
0
0
0
0
999
0
999
999
0
999
0
0
0
0
0
0
0
999
999
0
0
999
0
0
0
0
0
999
0
0
0
0
0
0
0
999
0
0
0
0
0
0
999
0
0
0
999
0
0
999
0
999
0
0
0
2
0
999
0
0
999
0
999
0
0
0
0
0
999
0
0
999
0
0
0
0
0
999
999
0
999
999
0
0
0
999
0
0
999
0
0
0
0
99
0
0
0
0
0
0
999
0
999
0
0
0
0
999
0
0
0
999
0
0
0
999
999
0
0
0
999
0
999
0
0
0
0
999
0
0
0
0
0
0
0
0
0
0
0
0
0
999
999
0
0
0
0
0
0
0
0
999
999
0
0
0
0
0
0
0
0
0
0
0
999
0
0
0
0
0
999
0
999
999
0
0
999
0
0
0
0
999
0
0
0
999
0
999
0
0
999
0
0
0
0
999
0
0
0
0
0
999
0
0
0
0
999
0
999
0
999
0
999
0
0
0
0
999
0
999
0
0
0
0
0
999
0
999
0
0
0
0
0
0
999
0
0
0
999
0
0
0
0
999
0
999
0
0
0
999
0
999
0
999
10
0
0
0
999
0
0
0
0
999
0
0
0
0
0
0
0
999
0
999
999
999
0
0
0
0
0
0
1
0
0
0
0
0
999
0
0
0
999
0
0
0
0
0
999
0
0
0
0
0
0
999
0
0
0
0
0
0
0
0
999
999
0
0
0
999
0
0
0
0
0
0
0
0
999
999
0
999
0
0
0
0
999
0
0
0
0
999
0
0
0
0
0
0
0
0
0
999
999
999
999
0
0
0
999
0
0
999
0
0
999
0
0
999
999
0
0
0
0
0
0
78
999
999
0
0
0
0
0
0
0
0
0
0
0
0
0
0
999
0
0
999
999
0
999
999
0
0
0
0
0
0
0
0
999
0
0
0
0
0
0
0
0
999
0
999
0
999
0
0
0
999
0
0
999
0
0
0
999
0
0
0
0
999
999
999
0
0
0
0
999
0
999
1
0
999
999
0
0
0
0
0
0
999
0
0
0
0
999
0
999
0
0
0
0
0
0
0
0
0
0
999
0
999
999
999
999
0
0
0
999
0
0
999
0
0
0
0
0
0
0
999
0
0
0
0
999
0
0
0
0
0
0
0
0
0
999
999
0
0
0
999
0
999
999
0
999
0
0
0
999
0
0
0
0
0
999
0
999
999
0
0
0
0
0
0
0
0
0
0
0
999
0
0
0
0
0
0
999
0
0
0
0
0
999
0
0
0
0
0
0
0
0
999
0
999
0
999
0
0
999
0
999
0
0
0
999
0
0
0
0
0
999
0
0
0
999
999
0
0
999
0
0
0
999
999
0
0
0
0
0
0
0
999
999
0
0
0
0
0
0
0
0
0
0
999
0
0
999
0
0
0
0
0
0
0
999
0
0
0
999
0
0
0
999
0
0
999
999
74
0
0
0
999
0
0
0
0
0
0
0
0
999
0
999
0
45
999
0
0
999
999
999
999
0
999
0
0
0
0
0
999
0
999
999
0
0
0
0
0
999
0
0
999
0
0
0
999
999
999
0
0
0
0
0
0
0
0
0
0
0
0
0
0
999
0
0
0
0
999
999
0
999
0
0
999
0
0
0
0
999
0
999
999
999
0
0
0
0
0
999
0
1
0
999
0
0
0
0
0
999
0
0
0
0
999
0
0
0
0
999
999
999
999
0
0
999
0
999
0
0
0
0
0
0
0
0
0
0
0
0
0
999
0
45
0
0
999
0
0
0
3
0
0
999
999
0
11
0
0
0
0
0
999
0
0
999
999
0
0
999
999
0
0
0
0
999
0
999
0
0
999
0
0
999
0
0
0
0
0
0
213
999
0
999
0
0
0
0
0
0
0
0
999
0
999
0
999
0
999
0
0
0
0
0
1
0
0
0
0
0
0
0
999
0
0
0
0
999
0
0
0
0
0
0
999
0
999
0
999
0
0
999
999
0
999
999
0
0
0
999
0
0
0
0
0
0
999
999
0
0
0
0
999
999
0
0
0
0
999
0
0
0
0
0
0
999
999
0
0
0
0
0
0
0
0
0
0
0
0
0
0
0
0
0
0
999
0
999
0
999
0
999
0
999
999
0
0
0
0
0
0
999
0
0
0
0
0
999
0
0
0
0
999
0
0
999
0
0
999
0
0
0
999
0
999
0
0
0
0
0
0
0
0
999
0
0
999
0
0
0
0
0
0
999
0
0
999
999
0
999
0
0
0
0
0
0
0
0
0
0
999
0
0
999
0
0
0
0
0
999
0
0
999
0
999
999
0
999
0
0
0
0
999
999
0
0
0
0
0
0
0
0
0
999
0
0
0
0
999
999
999
999
999
0
0
0
0
0
0
999
999
0
0
0
0
999
0
999
999
999
999
999
0
0
0
0
0
0
0
999
0
0
0
999
0
999
0
0
0
999
0
0
999
0
0
999
0
0
0
0
999
0
0
0
0
999
0
0
999
999
0
0
0
0
0
999
999
0
0
999
0
0
0
999
0
0
0
0
0
0
0
0
999
999
999
0
0
0
0
0
999
0
0
0
999
0
999
0
999
0
0
999
0
0
0
999
999
0
999
0
999
0
0
0
0
0
0
0
999
0
0
0
999
999
999
0
0
0
0
0
0
0
0
0
0
0
0
999
0
0
999
999
0
0
0
999
0
0
999
999
0
0
0
999
0
0
0
0
999
999
0
0
999
0
0
0
0
0
0
0
0
0
0
0
0
0
0
0
0
999
0
0
3
0
0
999
0
0
0
0
0
0
999
6
0
0
999
0
0
0
0
0
0
0
0
0
0
999
0
0
0
0
13
0
0
0
0
999
999
0
0
0
0
999
0
0
999
0
0
999
0
999
0
0
0
0
0
999
0
999
0
999
999
0
0
999
999
0
999
999
0
999
0
0
0
0
999
999
999
0
999
0
0
0
0
0
