2000 1999
28 338
338 1744
1744 298
298 1394
1394 478
478 1128
1128 1094
1094 1863
1863 104
104 1013
1013 751
751 1460
1460 1947
1947 1187
1187 1450
1450 1064
1064 1341
1341 817
817 1493
1493 434
434 276
276 1983
1983 1415
1415 1703
1703 1030
1030 644
644 388
388 946
946 1944
1944 354
354 1058
1058 1914
1914 868
868 1520
1520 815
815 1923
1923 1206
1206 542
542 1551
1551 465
465 1756
1756 1967
1967 775
775 968
968 485
485 903
903 345
345 779
779 1117
1117 643
643 1652
1652 214
214 1624
1624 1930
1930 1024
1024 457
457 1273
1273 53
53 1507
1507 1374
1374 536
536 1972
1972 658
658 1156
1156 1477
1477 1092
1092 983
983 89
89 1995
1995 679
679 382
382 1867
1867 1110
1110 1266
1266 41
41 1270
1270 1762
1762 793
793 1905
1905 937
937 49
49 621
621 1367
1367 36
36 1695
1695 1614
1614 727
727 1238
1238 1224
1224 996
996 811
811 212
212 448
448 315
315 978
978 1940
1940 1048
1048 489
489 475
475 424
424 826
826 1898
1898 1046
1046 572
572 1872
1872 1114
1114 389
389 341
341 1298
1298 1181
1181 397
397 1670
1670 1637
1637 1039
1039 1084
1084 488
488 147
147 672
672 159
159 484
484 893
893 1992
1992 1779
1779 892
892 7
7 797
797 907
907 596
596 461
461 970
970 314
314 1601
1601 1913
1913 1970
1970 1425
1425 1886
1886 1441
1441 1499
1499 361
361 329
329 833
833 1253
1253 1391
1391 1465
1465 180
180 599
599 1365
1365 1765
1765 1065
1065 393
393 400
400 1007
1007 72
72 38
38 497
497 131
131 1565
1565 414
414 289
289 998
998 726
726 1419
1419 325
325 1513
1513 1713
1713 332
332 433
433 1139
1139 399
399 220
220 431
431 1605
1605 784
784 1454
1454 39
39 498
498 1727
1727 1954
1954 514
514 1182
1182 559
559 260
260 78
78 170
170 756
756 1568
1568 1199
1199 900
900 141
141 1732
1732 1688
1688 1016
1016 1612
1612 852
852 560
560 1400
1400 880
880 1485
1485 1331
1331 342
342 1053
1053 140
140 789
789 52
52 1005
1005 1761
1761 1410
1410 1317
1317 1085
1085 528
528 1608
1608 1168
1168 1325
1325 1723
1723 284
284 403
403 677
677 1685
1685 1511
1511 311
311 1308
1308 1068
1068 521
521 1371
1371 1735
1735 1673
1673 1918
1918 1646
1646 160
160 463
463 1988
1988 1893
1893 275
275 392
392 846
846 933
933 252
252 561
561 1641
1641 1631
1631 263
263 154
154 1708
1708 118
118 688
688 445
445 1464
1464 683
683 1753
1753 1921
1921 620
620 1420
1420 820
820 642
642 1746
1746 1615
1615 706
706 394
394 740
740 358
358 1468
1468 664
664 782
782 167
167 754
754 412
412 1375
1375 1997
1997 629
629 1368
1368 1572
1572 135
135 568
568 628
628 1802
1802 1320
1320 1619
1619 1524
1524 1945
1945 1528
1528 1380
1380 1545
1545 1683
1683 60
60 1066
1066 924
924 1364
1364 1547
1547 453
453 146
146 129
129 16
16 1303
1303 432
432 810
810 303
303 35
35 87
87 1469
1469 1892
1892 530
530 242
242 51
51 1797
1797 271
271 1557
1557 766
766 410
410 168
168 865
865 1829
1829 97
97 369
369 1322
1322 1573
1573 534
534 613
613 1161
1161 164
164 174
174 593
593 1453
1453 1932
1932 230
230 1715
1715 1351
1351 1580
1580 162
162 887
887 1529
1529 228
228 1040
1040 1455
1455 1147
1147 1625
1625 1861
1861 1976
1976 571
571 1900
1900 1446
1446 1752
1752 1558
1558 213
213 1150
1150 790
790 1696
1696 396
396 416
416 717
717 916
916 1306
1306 1138
1138 1552
1552 1907
1907 149
149 1542
1542 1504
1504 1593
1593 1242
1242 54
54 1098
1098 1370
1370 1586
1586 1195
1195 1928
1928 767
767 13
13 430
430 828
828 1035
1035 663
663 1438
1438 178
178 1018
1018 108
108 1718
1718 1665
1665 462
462 995
995 773
773 1466
1466 1136
1136 792
792 1422
1422 323
323 723
723 1942
1942 1532
1532 1763
1763 1191
1191 1544
1544 124
124 917
917 1775
1775 959
959 157
157 678
678 1839
1839 1269
1269 1271
1271 1845
1845 1951
1951 81
81 19
19 224
224 99
99 1774
1774 1118
1118 487
487 579
579 1044
1044 1061
1061 1202
1202 173
173 113
113 256
256 1231
1231 344
344 1734
1734 297
297 216
216 1849
1849 5
5 1607
1607 241
241 1596
1596 413
413 1185
1185 125
125 1137
1137 798
798 1372
1372 215
215 305
305 1290
1290 1862
1862 1193
1193 1989
1989 855
855 1252
1252 1396
1396 582
582 504
504 1478
1478 1241
1241 1281
1281 1835
1835 1251
1251 1857
1857 551
551 1009
1009 476
476 696
696 1288
1288 1229
1229 1074
1074 927
927 454
454 1250
1250 830
830 1764
1764 501
501 1321
1321 1813
1813 1384
1384 1392
1392 145
145 111
111 1190
1190 858
858 156
156 1223
1223 56
56 512
512 1186
1186 1917
1917 50
50 516
516 339
339 496
496 153
153 583
583 675
675 630
630 290
290 827
827 652
652 1982
1982 436
436 702
702 195
195 680
680 1311
1311 1228
1228 1701
1701 1382
1382 1736
1736 1353
1353 580
580 891
891 1226
1226 480
480 1219
1219 507
507 871
871 1458
1458 1909
1909 1470
1470 85
85 1294
1294 1996
1996 1244
1244 75
75 526
526 470
470 1305
1305 1389
1389 774
774 264
264 1664
1664 321
321 513
513 1473
1473 1916
1916 294
294 439
439 450
450 186
186 46
46 1506
1506 894
894 1751
1751 1179
1179 243
243 1658
1658 1943
1943 1278
1278 14
14 1543
1543 690
690 581
581 1107
1107 604
604 905
905 1036
1036 1912
1912 1106
1106 1451
1451 818
818 313
313 1671
1671 364
364 1985
1985 405
405 1022
1022 1730
1730 987
987 953
953 469
469 565
565 1931
1931 1175
1175 1786
1786 816
816 74
74 158
158 1119
1119 594
594 874
874 511
511 1968
1968 187
187 1423
1423 1404
1404 384
384 1316
1316 742
742 1877
1877 1323
1323 1037
1037 322
322 1338
1338 94
94 30
30 428
428 318
318 1987
1987 1906
1906 550
550 1472
1472 144
144 1585
1585 850
850 1327
1327 1618
1618 226
226 1821
1821 317
317 1787
1787 1530
1530 660
660 1230
1230 603
603 527
527 1015
1015 709
709 1216
1216 1719
1719 1023
1023 1192
1192 1070
1070 1072
1072 1826
1826 171
171 190
190 1255
1255 1712
1712 578
578 21
21 406
406 1567
1567 1088
1088 91
91 1166
1166 523
523 1790
1790 787
787 859
859 1733
1733 839
839 1398
1398 20
20 254
254 769
769 1805
1805 116
116 219
219 1973
1973 352
352 609
609 1449
1449 218
218 770
770 928
928 102
102 312
312 161
161 199
199 1424
1424 503
503 944
944 1496
1496 1148
1148 1299
1299 3
3 532
532 1097
1097 1632
1632 685
685 777
777 100
100 492
492 134
134 991
991 237
237 1541
1541 1115
1115 419
419 1413
1413 1628
1628 1844
1844 919
919 285
285 1801
1801 1414
1414 1550
1550 1020
1020 1810
1810 1739
1739 42
42 1333
1333 1109
1109 32
32 1003
1003 753
753 211
211 1922
1922 274
274 1816
1816 1091
1091 1836
1836 747
747 1348
1348 244
244 546
546 1622
1622 482
482 231
231 1476
1476 1592
1592 426
426 682
682 1095
1095 324
324 1211
1211 999
999 729
729 668
668 378
378 1889
1889 1057
1057 605
605 33
33 1747
1747 114
114 1169
1169 1131
1131 1433
1433 73
73 1052
1052 1791
1791 286
286 1690
1690 1262
1262 1089
1089 1417
1417 446
446 694
694 1257
1257 205
205 440
440 1828
1828 1990
1990 781
781 1729
1729 1975
1975 731
731 544
544 971
971 716
716 468
468 976
976 986
986 1859
1859 1588
1588 1833
1833 1953
1953 587
587 1283
1283 849
849 671
671 713
713 1731
1731 783
783 1521
1521 155
155 873
873 1559
1559 746
746 1
1 1171
1171 1910
1910 1479
1479 1096
1096 460
460 417
417 1597
1597 269
269 1927
1927 227
227 1481
1481 387
387 786
786 374
374 456
456 206
206 1245
1245 1767
1767 1949
1949 2
2 1978
1978 1178
1178 861
861 92
92 951
951 1240
1240 674
674 1111
1111 1958
1958 500
500 1173
1173 76
76 1804
1804 258
258 292
292 1874
1874 1113
1113 1369
1369 1825
1825 343
343 1986
1986 684
684 736
736 1895
1895 1295
1295 1055
1055 1377
1377 975
975 574
574 1402
1402 1129
1129 10
10 1087
1087 347
347 184
184 1310
1310 518
518 1757
1757 1642
1642 1935
1935 549
549 506
506 22
22 1381
1381 1581
1581 519
519 1503
1503 755
755 636
636 26
26 1184
1184 201
201 1694
1694 1743
1743 185
185 143
143 1409
1409 245
245 472
472 1291
1291 1073
1073 602
602 209
209 1566
1566 1354
1354 509
509 45
45 800
800 1302
1302 349
349 491
491 1319
1319 1991
1991 1034
1034 96
96 914
914 437
437 1952
1952 1938
1938 447
447 1716
1716 1274
1274 1326
1326 1812
1812 1076
1076 1509
1509 429
429 1401
1401 1562
1562 881
881 1297
1297 1090
1090 1869
1869 1145
1145 88
88 248
248 391
391 730
730 708
708 1100
1100 1486
1486 385
385 576
576 912
912 1149
1149 1120
1120 646
646 240
240 1525
1525 1668
1668 1437
1437 963
963 869
869 638
638 586
586 1556
1556 1143
1143 307
307 1700
1700 327
327 533
533 1526
1526 824
824 1678
1678 1221
1221 885
885 1937
1937 564
564 631
631 1390
1390 1548
1548 535
535 525
525 249
249 1170
1170 1534
1534 1818
1818 1489
1489 1650
1650 955
955 1208
1208 229
229 1674
1674 1086
1086 1033
1033 1484
1484 895
895 823
823 943
943 1956
1956 1661
1661 1112
1112 1041
1041 1768
1768 247
247 68
68 915
915 197
197 1452
1452 1936
1936 253
253 1800
1800 1260
1260 886
886 137
137 1672
1672 365
365 1355
1355 1966
1966 1883
1883 552
552 710
710 207
207 715
715 407
407 126
126 1843
1843 37
37 1941
1941 1263
1263 152
152 692
692 18
18 686
686 1888
1888 791
791 63
63 878
878 825
825 611
611 357
357 1634
1634 1998
1998 813
813 653
653 316
316 1101
1101 1067
1067 913
913 805
805 277
277 494
494 633
633 1666
1666 822
822 1675
1675 1301
1301 1480
1480 748
748 964
964 728
728 360
360 1644
1644 95
95 879
879 743
743 1267
1267 1324
1324 1141
1141 1848
1848 109
109 273
273 1864
1864 1279
1279 923
923 967
967 765
765 1430
1430 1803
1803 1439
1439 371
371 265
265 1342
1342 1099
1099 1335
1335 707
707 1407
1407 29
29 251
251 375
375 1600
1600 1781
1781 107
107 1994
1994 1346
1346 1881
1881 1258
1258 132
132 133
133 1412
1412 502
502 973
973 979
979 1393
1393 1475
1475 1448
1448 301
301 1164
1164 262
262 1492
1492 1194
1194 415
415 1385
1385 836
836 1505
1505 1127
1127 1815
1815 555
555 1225
1225 1627
1627 1894
1894 930
930 763
763 483
483 585
585 1754
1754 165
165 1929
1929 1031
1031 780
780 272
272 965
965 183
183 1842
1842 474
474 1870
1870 455
455 82
82 1667
1667 1210
1210 495
495 1827
1827 255
255 70
70 48
48 1706
1706 1663
1663 1934
1934 1154
1154 712
712 363
363 1549
1549 832
832 376
376 57
57 188
188 1008
1008 1772
1772 259
259 366
366 1589
1589 1814
1814 1071
1071 1680
1680 123
123 1780
1780 591
591 1462
1462 1794
1794 1387
1387 182
182 1879
1879 1126
1126 1660
1660 189
189 1222
1222 1028
1028 1788
1788 622
622 1227
1227 225
225 490
490 1726
1726 1434
1434 981
981 4
4 1778
1778 863
863 1789
1789 758
758 121
121 838
838 198
198 1964
1964 615
615 724
724 977
977 1891
1891 1579
1579 346
346 1903
1903 1366
1366 543
543 1198
1198 381
381 845
845 1104
1104 921
921 1598
1598 1854
1854 938
938 1880
1880 974
974 330
330 1636
1636 1822
1822 326
326 9
9 788
788 910
910 64
64 857
857 1510
1510 1838
1838 306
306 1500
1500 181
181 1950
1950 1537
1537 1276
1276 130
130 425
425 1882
1882 1383
1383 1693
1693 481
481 705
705 1236
1236 941
941 872
872 1429
1429 1522
1522 128
128 43
43 1205
1205 208
208 1124
1124 1856
1856 1603
1603 71
71 1000
1000 65
65 1358
1358 906
906 221
221 1011
1011 1204
1204 1630
1630 1054
1054 62
62 649
649 1049
1049 1577
1577 1742
1742 547
547 1984
1984 438
438 661
661 1590
1590 300
300 725
725 1561
1561 1501
1501 1980
1980 744
744 115
115 302
302 1133
1133 851
851 1286
1286 119
119 1125
1125 449
449 1122
1122 666
666 319
319 1915
1915 1611
1611 942
942 1435
1435 1629
1629 1280
1280 1403
1403 590
590 843
843 1516
1516 641
641 1576
1576 989
989 969
969 1617
1617 1146
1146 920
920 1163
1163 1519
1519 623
623 1745
1745 1272
1272 612
612 1546
1546 8
8 1123
1123 721
721 1047
1047 639
639 1904
1904 1177
1177 1142
1142 1010
1010 540
540 589
589 918
918 464
464 997
997 1793
1793 1292
1292 821
821 418
418 1050
1050 1282
1282 1741
1741 667
667 169
169 1379
1379 538
538 807
807 1167
1167 627
627 1830
1830 1103
1103 103
103 1806
1806 1769
1769 1243
1243 750
750 1977
1977 282
282 626
626 829
829 835
835 1638
1638 896
896 1623
1623 656
656 1710
1710 351
351 1599
1599 844
844 1606
1606 718
718 120
120 1025
1025 1852
1852 281
281 537
537 355
355 524
524 1237
1237 458
458 1160
1160 499
499 1443
1443 993
993 84
84 883
883 270
270 1428
1428 737
737 1002
1002 1960
1960 383
383 1203
1203 1676
1676 1540
1540 1823
1823 1902
1902 395
395 295
295 1924
1924 1268
1268 1488
1488 625
625 1711
1711 444
444 1582
1582 1344
1344 1777
1777 1108
1108 1758
1758 714
714 1350
1350 1860
1860 1249
1249 759
759 1654
1654 618
618 1681
1681 1130
1130 1796
1796 1834
1834 722
722 1649
1649 1539
1539 1784
1784 402
402 701
701 1315
1315 1300
1300 222
222 1038
1038 1722
1722 1457
1457 588
588 1234
1234 408
408 1313
1313 1307
1307 1587
1587 1692
1692 558
558 1405
1405 179
179 1866
1866 898
898 1770
1770 331
331 1083
1083 554
554 1060
1060 796
796 517
517 848
848 1345
1345 592
592 831
831 697
697 163
163 1563
1563 350
350 610
610 752
752 1738
1738 601
601 1495
1495 1686
1686 1508
1508 1456
1456 1158
1158 1720
1720 1081
1081 471
471 1248
1248 902
902 55
55 1213
1213 1360
1360 1343
1343 899
899 562
562 1659
1659 486
486 148
148 362
362 1296
1296 177
177 745
745 1697
1697 508
508 806
806 862
862 962
962 842
842 1645
1645 250
250 689
689 960
960 1626
1626 1102
1102 193
193 1574
1574 1135
1135 1717
1717 616
616 929
929 651
651 1172
1172 794
794 634
634 757
757 637
637 1648
1648 370
370 1151
1151 1999
1999 687
687 1289
1289 984
984 1254
1254 573
573 1707
1707 741
741 1963
1963 356
356 1705
1705 1442
1442 6
6 1491
1491 1116
1116 304
304 1971
1971 427
427 801
801 1062
1062 1314
1314 1785
1785 90
90 1721
1721 1633
1633 1334
1334 139
139 925
925 1093
1093 191
191 856
856 1463
1463 411
411 515
515 435
435 31
31 1613
1613 1832
1832 1264
1264 266
266 373
373 1189
1189 961
961 1575
1575 617
617 401
401 27
27 1920
1920 1144
1144 1555
1555 1699
1699 61
61 992
992 1256
1256 1019
1019 1560
1560 733
733 1328
1328 1105
1105 477
477 749
749 1876
1876 864
864 1643
1643 83
83 24
24 1639
1639 648
648 1218
1218 1795
1795 1621
1621 1051
1051 531
531 267
267 982
982 1239
1239 934
934 837
837 1946
1946 545
545 1159
1159 1853
1853 739
739 310
310 1406
1406 1017
1017 1662
1662 379
379 150
150 1748
1748 1855
1855 785
785 359
359 386
386 764
764 1395
1395 908
908 443
443 1536
1536 1502
1502 1461
1461 699
699 1698
1698 1431
1431 966
966 1578
1578 1121
1121 308
308 176
176 112
112 1378
1378 442
442 954
954 847
847 1165
1165 1388
1388 1188
1188 1965
1965 404
404 1704
1704 939
939 659
659 1261
1261 473
473 236
236 595
595 1153
1153 1079
1079 166
166 926
926 1001
1001 337
337 1635
1635 268
268 1284
1284 1340
1340 1691
1691 1939
1939 47
47 1497
1497 1702
1702 1677
1677 650
650 1514
1514 80
80 598
598 676
676 1247
1247 1027
1027 681
681 1330
1330 1809
1809 1376
1376 138
138 194
194 834
834 368
368 59
59 1518
1518 232
232 803
803 466
466 695
695 1132
1132 192
192 949
949 86
86 640
640 575
575 840
840 142
142 952
952 1908
1908 279
279 1740
1740 1174
1174 1850
1850 11
11 1657
1657 451
451 2000
2000 1426
1426 932
932 348
348 1408
1408 1080
1080 280
280 353
353 539
539 819
819 106
106 945
945 398
398 693
693 1771
1771 1517
1517 778
778 210
210 1760
1760 972
972 1846
1846 566
566 1651
1651 1919
1919 948
948 233
233 1911
1911 1447
1447 768
768 876
876 909
909 1014
1014 340
340 1901
1901 1655
1655 860
860 1337
1337 1362
1362 288
288 1773
1773 931
931 1878
1878 1498
1498 1728
1728 377
377 1026
1026 890
890 34
34 1207
1207 1275
1275 1640
1640 809
809 1851
1851 1609
1609 127
127 1444
1444 875
875 1265
1265 1293
1293 25
25 58
58 151
151 223
223 1399
1399 1687
1687 1318
1318 804
804 1824
1824 606
606 901
901 1868
1868 1875
1875 911
911 1347
1347 1766
1766 1421
1421 1969
1969 647
647 841
841 336
336 1059
1059 44
44 479
479 1837
1837 657
657 1979
1979 93
93 1432
1432 1583
1583 101
101 935
935 1259
1259 1750
1750 320
320 1841
1841 1974
1974 66
66 1277
1277 1411
1411 958
958 669
669 1604
1604 1620
1620 1564
1564 1682
1682 772
772 1533
1533 1482
1482 607
607 261
261 882
882 1799
1799 1783
1783 1523
1523 662
662 1873
1873 175
175 1955
1955 854
854 117
117 704
704 334
334 795
795 1215
1215 889
889 1285
1285 1155
1155 200
200 1309
1309 957
957 1689
1689 1183
1183 1515
1515 1483
1483 1595
1595 655
655 1233
1233 1749
1749 541
541 570
570 1594
1594 217
217 296
296 1885
1885 1679
1679 1312
1312 1004
1004 77
77 1759
1759 673
673 1418
1418 1056
1056 1214
1214 567
567 1887
1887 553
553 309
309 761
761 1082
1082 1487
1487 136
136 1512
1512 985
985 12
12 17
17 105
105 1811
1811 1494
1494 1006
1006 1490
1490 808
808 122
122 1957
1957 1755
1755 1212
1212 1329
1329 380
380 372
372 1386
1386 1527
1527 1471
1471 1332
1332 1075
1075 1669
1669 234
234 812
812 1616
1616 1197
1197 1220
1220 172
172 645
645 1063
1063 563
563 1043
1043 203
203 441
441 1246
1246 1445
1445 665
665 278
278 1209
1209 98
98 1897
1897 569
569 698
698 760
760 1737
1737 1896
1896 950
950 1865
1865 1871
1871 1807
1807 1077
1077 421
421 762
762 1610
1610 520
520 1535
1535 1467
1467 771
771 1684
1684 1782
1782 409
409 1397
1397 1162
1162 67
67 853
853 1725
1725 700
700 1157
1157 1584
1584 711
711 1959
1959 1554
1554 597
597 947
947 548
548 1012
1012 1201
1201 452
452 1817
1817 1776
1776 1948
1948 1042
1042 1029
1029 1531
1531 608
608 980
980 69
69 1899
1899 1890
1890 936
936 1538
1538 738
738 287
287 510
510 1981
1981 1933
1933 293
293 1356
1356 1792
1792 1200
1200 1339
1339 1993
1993 246
246 802
802 866
866 1196
1196 15
15 1656
1656 776
776 600
600 557
557 459
459 110
110 877
877 204
204 577
577 719
719 423
423 1961
1961 870
870 670
670 390
390 635
635 1152
1152 619
619 529
529 735
735 1798
1798 1440
1440 420
420 1820
1820 1591
1591 333
333 1336
1336 1570
1570 734
734 1078
1078 1553
1553 335
335 79
79 1819
1819 1021
1021 691
691 238
238 1357
1357 1602
1602 897
897 584
584 40
40 1217
1217 1925
1925 1373
1373 328
328 799
799 1714
1714 1140
1140 202
202 1459
1459 367
367 467
467 1180
1180 1427
1427 1045
1045 1235
1235 1831
1831 1069
1069 1134
1134 239
239 1287
1287 505
505 23
23 814
814 632
632 283
283 257
257 299
299 493
493 867
867 1571
1571 956
956 888
888 1808
1808 1569
1569 884
884 994
994 720
720 196
196 1474
1474 1359
1359 1361
1361 1653
1653 732
732 235
235 556
556 422
422 1416
1416 1232
1232 1847
1847 922
922 522
522 1709
1709 1304
1304 1363
1363 940
940 990
990 1884
1884 291
291 904
904 1962
1962 1176
1176 654
654 1032
1032 1436
1436 988
988 1926
1926 703
703 1840
1840 614
614 1647
1647 1724
1724 1858
1858 624
624 1352
1352 1349
615
603
672
437
784
265
931
373
417
587
191
110
811
728
57
844
109
509
794
682
685
580
25
245
160
578
251
1000
483
703
256
657
639
165
842
955
510
919
905
36
957
658
405
151
571
735
205
459
956
755
841
891
970
814
289
756
453
159
200
847
250
398
507
416
403
145
80
525
67
459
403
919
637
714
741
598
122
902
38
204
794
461
245
337
743
196
842
558
964
262
684
602
150
703
495
564
838
88
793
666
148
675
358
995
108
187
482
807
492
54
759
221
787
638
390
680
131
869
387
344
434
106
447
800
780
514
162
407
844
411
918
480
479
665
853
111
520
202
259
891
900
195
575
699
759
844
934
285
815
234
159
509
754
871
618
757
797
713
932
880
674
829
298
836
466
210
858
839
360
901
687
95
788
835
132
222
284
807
308
924
412
445
464
586
575
735
711
453
444
686
258
198
276
202
750
16
525
432
674
129
576
32
95
51
629
605
514
405
572
182
656
951
822
973
779
784
124
677
679
909
401
314
158
794
439
696
606
827
532
832
651
200
178
98
14
215
664
37
26
553
783
841
730
652
573
60
525
558
538
280
483
877
524
682
459
786
21
598
451
903
138
474
872
739
487
255
243
208
608
337
840
465
491
656
878
987
504
89
194
187
341
353
22
887
659
635
64
171
915
753
9
597
62
736
330
123
784
1000
21
392
474
389
842
264
779
413
548
224
116
237
886
674
722
930
949
505
694
700
383
146
738
704
803
644
913
417
547
35
926
419
304
911
41
130
38
152
208
1000
755
174
940
892
596
786
975
428
586
189
566
297
345
678
187
983
340
266
506
860
229
497
926
285
456
721
519
451
31
200
837
269
487
102
254
606
483
453
166
641
235
104
424
963
334
708
556
229
606
984
940
47
558
877
921
861
332
821
938
184
909
920
252
315
887
218
720
685
514
310
81
840
257
855
781
915
473
820
610
362
663
42
84
14
51
945
411
646
264
702
561
810
908
843
910
987
256
751
564
393
736
628
93
221
228
328
869
631
564
951
386
735
190
71
844
763
462
606
971
339
54
611
931
805
880
364
979
199
31
625
718
740
290
573
215
464
947
768
246
998
151
746
409
651
467
932
976
285
793
935
947
439
566
666
21
503
461
754
918
904
339
599
762
477
674
770
26
580
745
282
572
64
712
756
738
904
256
755
301
584
578
83
884
11
683
339
538
741
692
889
43
841
243
669
546
837
538
968
341
359
187
367
127
980
426
626
240
652
395
74
580
700
769
515
117
303
470
14
54
309
903
894
875
287
95
542
716
179
117
853
88
126
825
944
267
590
196
554
51
685
792
748
728
771
753
36
466
550
622
312
365
379
447
299
834
712
214
931
75
204
924
55
295
573
692
725
639
157
139
68
678
296
506
374
836
3
431
272
252
320
45
866
956
442
375
1
329
351
358
852
854
753
541
25
502
271
47
578
269
550
371
196
378
864
973
984
95
553
153
245
398
204
272
752
505
7
127
346
150
966
218
693
392
133
808
858
89
384
361
641
144
48
621
933
120
601
753
204
887
797
964
750
203
645
867
594
668
508
269
869
279
728
37
509
184
631
198
768
298
88
226
78
315
751
5
130
408
863
486
557
691
515
76
457
621
323
514
625
820
344
51
16
372
318
803
431
391
915
954
498
641
558
626
15
248
40
43
593
335
65
238
861
266
708
495
391
283
615
652
499
246
354
990
296
656
857
578
901
270
435
320
88
114
84
467
229
490
840
812
176
682
676
82
142
804
739
978
56
668
183
975
465
627
858
619
907
230
606
683
417
891
822
507
804
957
271
130
301
931
779
35
570
263
58
200
157
504
281
359
106
163
842
951
98
505
25
981
714
988
722
187
865
362
501
530
543
506
945
752
809
350
762
298
454
925
201
348
472
240
433
682
195
153
281
378
345
424
877
220
300
621
698
388
896
79
131
773
258
415
757
682
173
602
281
435
245
839
58
20
981
550
49
744
408
617
712
161
176
53
507
495
893
560
136
337
17
542
521
828
19
130
166
748
931
932
732
530
347
36
306
288
900
156
289
975
8
725
401
931
229
175
416
155
554
504
564
525
819
799
365
660
376
423
12
490
845
259
209
764
675
272
468
170
189
877
240
147
65
956
422
218
10
408
380
528
672
185
983
75
178
197
87
602
195
718
221
533
20
128
144
798
279
253
281
551
499
464
225
490
977
376
930
625
181
477
421
591
624
430
948
476
68
438
243
965
268
110
623
718
6
377
10
664
249
338
17
804
953
364
915
642
403
209
334
657
122
891
107
920
452
768
368
400
72
994
174
691
896
236
807
249
658
37
720
690
971
343
166
203
443
68
985
465
7
530
565
809
723
706
313
936
827
526
68
95
791
29
944
371
947
397
362
244
636
892
399
592
119
640
982
152
301
790
263
95
988
922
847
504
885
27
689
449
688
573
764
101
563
85
40
212
188
291
112
303
935
889
531
587
684
633
560
655
965
259
997
645
612
669
813
486
557
505
277
358
423
247
723
726
326
657
961
600
527
597
942
663
265
974
793
713
553
224
385
373
405
386
445
471
997
587
319
637
198
388
26
274
804
780
818
910
32
493
368
549
251
560
376
826
672
553
822
269
45
214
458
129
966
78
292
240
339
836
80
375
474
220
684
358
888
638
537
614
272
598
193
716
8
368
602
731
29
938
903
128
577
781
756
988
219
253
758
800
689
775
473
813
57
96
425
901
61
71
789
334
400
405
980
164
532
89
461
642
104
288
118
130
690
36
245
745
95
542
444
757
953
469
747
442
750
764
693
786
13
127
311
28
408
339
953
241
602
770
814
355
741
605
92
204
290
322
763
769
773
925
267
686
249
630
480
147
522
215
633
509
256
161
961
494
330
797
957
796
374
971
563
164
411
145
729
490
380
770
361
622
208
129
387
26
766
269
777
573
363
160
742
592
285
560
940
672
314
500
569
843
11
740
819
310
885
129
584
750
122
310
262
314
708
890
158
565
851
761
837
707
493
887
563
696
247
104
203
893
101
657
260
486
40
172
704
60
207
988
486
288
327
299
481
155
652
0
323
830
1
748
572
519
62
36
402
16
288
15
171
10
845
923
426
955
854
596
813
883
779
35
969
855
203
591
221
359
848
579
750
409
760
472
102
446
220
740
541
925
760
475
999
229
773
81
682
158
894
561
589
379
710
309
236
484
188
574
890
145
479
661
658
985
14
632
119
914
865
154
803
711
674
928
190
29
336
407
490
225
149
637
438
380
7
551
808
489
42
927
265
338
161
92
823
177
475
677
988
723
524
833
906
827
292
312
744
32
989
227
446
258
868
925
804
83
859
842
743
101
699
737
16
475
648
965
770
613
500
606
141
128
530
893
557
111
329
535
107
265
473
988
107
295
672
205
169
927
413
391
227
578
814
471
732
970
293
562
414
886
111
913
204
128
378
183
200
375
981
618
407
133
849
551
544
101
849
828
694
68
802
141
537
83
227
412
65
317
333
664
815
728
800
848
373
845
541
455
658
980
817
39
76
250
550
840
822
617
248
391
561
298
143
917
572
685
901
17
40
20
853
837
275
252
377
396
224
429
830
579
327
149
78
699
813
310
623
450
392
41
648
814
126
127
783
609
423
345
483
929
36
404
144
907
345
784
888
162
83
380
896
256
954
863
97
376
696
850
143
244
651
346
973
826
278
469
661
380
399
872
669
261
506
208
419
937
347
245
164
875
582
245
495
281
881
2
269
317
533
179
973
15
320
173
56
191
730
285
445
527
236
458
739
806
501
461
551
99
938
722
520
882
532
501
334
205
543
123
448
319
142
848
82
887
294
158
899
128
635
207
310
409
576
954
821
282
226
250
548
750
205
985
218
266
458
267
871
11
346
329
686
911
34
830
564
273
806
690
291
262
313
887
2
79
438
904
169
626
719
620
900
682
785
882
749
87
296
658
193
361
396
576
1000
375
863
638
234
127
147
732
823
867
466
104
979
582
323
120
182
890
957
802
762
923
154
604
526
355
305
183
451
171
793
798
70
326
436
932
447
482
81
135
316
262
715
694
442
435
683
636
61
363
446
244
319
840
43
136
523
659
851
490
598
680
357
85
17
203
658
107
563
760
450
470
655
71
536
38
41
694
418
333
157
596
688
460
628
838
358
27
256
623
318
769
654
150
414
797
4
145
464
512
660
796
180
13
492
784
192
163
342
238
422
234
404
769
1
623
322
826
776
996
491
86
307
961
156
560
463
86
942
133
597
156
246
707
170
445
421
481
410
516
10
123
927
117
508
641
65
430
842
878
468
592
87
88
944
67
824
174
333
427
370
957
700
816
195
743
614
178
723
929
981
383
736
755
881
179
251
867
656
980
330
35
6
608
813
465
972
716
832
63
458
581
524
542
564
206
947
510
803
729
983
849
240
988
68
604
412
795
564
622
904
131
527
105
599
76
334
50
8
266
432
219
518
978
712
154
928
264
968
678
145
626
825
354
603
150
391
63
751
987
394
720
595
700
880
774
628
565
932
60
482
964
741
855
506
269
190
