2000 1999
923 1207
1207 1609
1609 1442
1442 1473
1473 1479
1479 942
942 894
894 1188
1188 995
995 229
229 791
791 1612
1612 275
275 502
502 1369
1369 944
944 705
705 695
695 408
408 169
169 148
148 195
195 1390
1390 1436
1436 1717
1717 1053
1053 1130
1130 1965
1965 1930
1930 1862
1862 1887
1887 1952
1952 151
151 542
542 583
583 598
598 1774
1774 50
50 665
665 608
608 1361
1361 1254
1254 926
926 1253
1253 1074
1074 955
955 146
146 149
149 720
720 1016
1016 1800
1800 1227
1227 1860
1860 43
43 125
125 1087
1087 527
527 1957
1957 450
450 800
800 453
453 1257
1257 1285
1285 1467
1467 128
128 350
350 347
347 1514
1514 1938
1938 142
142 1006
1006 45
45 1561
1561 855
855 1670
1670 1076
1076 422
422 115
115 127
127 384
384 1956
1956 586
586 1935
1935 1835
1835 1433
1433 1478
1478 61
61 185
185 581
581 1322
1322 840
840 670
670 1233
1233 1981
1981 487
487 1594
1594 1731
1731 1950
1950 36
36 1368
1368 1713
1713 1584
1584 423
423 258
258 1581
1581 1857
1857 1202
1202 578
578 1063
1063 550
550 614
614 948
948 1622
1622 692
692 259
259 1783
1783 895
895 286
286 993
993 1186
1186 971
971 1480
1480 1880
1880 1125
1125 1593
1593 841
841 1528
1528 1704
1704 1161
1161 1163
1163 935
935 824
824 1034
1034 287
287 1363
1363 288
288 1327
1327 881
881 1904
1904 1419
1419 1585
1585 432
432 565
565 1526
1526 1690
1690 1238
1238 493
493 499
499 1766
1766 1743
1743 180
180 902
902 1314
1314 257
257 1843
1843 1217
1217 1474
1474 264
264 1216
1216 1099
1099 1392
1392 1495
1495 9
9 1907
1907 620
620 382
382 376
376 1822
1822 177
177 1370
1370 1360
1360 1527
1527 390
390 1847
1847 285
285 1582
1582 1438
1438 312
312 1571
1571 651
651 355
355 147
147 1179
1179 1067
1067 31
31 739
739 961
961 562
562 269
269 784
784 1276
1276 1381
1381 903
903 893
893 1358
1358 1405
1405 515
515 924
924 22
22 919
919 1491
1491 877
877 1752
1752 725
725 1912
1912 1325
1325 445
445 1298
1298 1026
1026 205
205 1444
1444 472
472 319
319 1377
1377 1824
1824 808
808 1506
1506 1998
1998 145
145 959
959 1898
1898 829
829 1578
1578 1682
1682 1611
1611 1038
1038 1949
1949 908
908 1716
1716 1901
1901 1720
1720 1153
1153 385
385 270
270 17
17 768
768 448
448 879
879 1697
1697 735
735 1219
1219 1968
1968 315
315 963
963 857
857 1991
1991 1427
1427 383
383 495
495 936
936 1312
1312 129
129 338
338 236
236 719
719 1258
1258 416
416 30
30 1025
1025 1805
1805 27
27 1057
1057 1393
1393 20
20 261
261 1292
1292 282
282 16
16 838
838 1413
1413 1702
1702 454
454 1138
1138 249
249 426
426 1605
1605 42
42 814
814 1757
1757 511
511 308
308 479
479 589
589 785
785 1150
1150 1407
1407 736
736 1395
1395 1270
1270 234
234 1858
1858 160
160 856
856 1240
1240 1861
1861 304
304 101
101 1859
1859 1343
1343 1232
1232 1555
1555 1786
1786 742
742 946
946 244
244 1382
1382 60
60 1510
1510 173
173 1119
1119 412
412 1408
1408 1385
1385 281
281 1453
1453 59
59 1505
1505 809
809 405
405 154
154 242
242 1281
1281 594
594 1249
1249 1917
1917 1500
1500 932
932 1471
1471 782
782 1268
1268 1264
1264 1486
1486 1476
1476 219
219 1628
1628 2
2 1735
1735 779
779 674
674 812
812 797
797 399
399 1283
1283 65
65 798
798 751
751 1215
1215 183
183 1532
1532 1387
1387 1870
1870 191
191 1106
1106 770
770 1923
1923 1608
1608 1231
1231 341
341 334
334 772
772 905
905 1725
1725 322
322 1886
1886 658
658 1023
1023 520
520 440
440 845
845 1498
1498 822
822 1165
1165 1762
1762 1009
1009 1458
1458 1836
1836 1136
1136 401
401 1348
1348 49
49 1919
1919 395
395 1523
1523 1534
1534 1326
1326 1403
1403 1452
1452 1834
1834 1650
1650 699
699 438
438 750
750 1754
1754 603
603 323
323 1883
1883 1017
1017 1246
1246 1988
1988 1830
1830 1357
1357 643
643 76
76 492
492 1600
1600 134
134 435
435 400
400 218
218 1255
1255 379
379 397
397 1828
1828 73
73 1749
1749 318
318 931
931 1097
1097 1137
1137 1651
1651 449
449 25
25 78
78 1841
1841 478
478 168
168 1425
1425 831
831 878
878 1003
1003 40
40 1932
1932 630
630 1963
1963 1790
1790 1684
1684 208
208 609
609 1185
1185 1756
1756 1273
1273 329
329 421
421 1151
1151 174
174 983
983 14
14 1170
1170 1056
1056 189
189 204
204 1338
1338 190
190 1424
1424 1736
1736 1789
1789 1208
1208 882
882 1429
1429 767
767 1410
1410 1918
1918 489
489 233
233 909
909 1674
1674 113
113 1617
1617 337
337 86
86 68
68 1289
1289 1948
1948 371
371 987
987 1846
1846 610
610 239
239 1454
1454 1552
1552 873
873 1252
1252 1606
1606 675
675 514
514 1796
1796 1972
1972 898
898 1100
1100 75
75 303
303 733
733 262
262 217
217 1745
1745 570
570 1306
1306 294
294 1668
1668 1493
1493 1894
1894 95
95 1565
1565 1121
1121 1910
1910 1064
1064 580
580 1108
1108 393
393 359
359 869
869 202
202 52
52 1533
1533 353
353 551
551 1978
1978 646
646 1336
1336 914
914 753
753 818
818 698
698 707
707 949
949 251
251 606
606 193
193 192
192 424
424 1985
1985 1394
1394 1961
1961 776
776 929
929 1595
1595 1915
1915 396
396 194
194 1222
1222 1980
1980 402
402 21
21 1331
1331 346
346 1878
1878 1328
1328 934
934 172
172 702
702 1959
1959 33
33 886
886 210
210 44
44 413
413 1823
1823 554
554 593
593 279
279 673
673 1678
1678 482
482 80
80 569
569 161
161 579
579 1095
1095 1320
1320 1996
1996 1078
1078 605
605 248
248 414
414 1180
1180 556
556 1310
1310 1503
1503 1715
1715 787
787 1131
1131 1633
1633 636
636 292
292 513
513 1265
1265 1132
1132 615
615 1967
1967 1061
1061 904
904 549
549 1920
1920 1911
1911 1937
1937 744
744 216
216 469
469 701
701 361
361 1698
1698 1171
1171 820
820 907
907 1602
1602 1286
1286 277
277 255
255 1989
1989 676
676 1643
1643 504
504 612
612 1354
1354 1103
1103 1525
1525 890
890 681
681 1632
1632 769
769 54
54 827
827 415
415 1569
1569 87
87 1198
1198 57
57 215
215 1999
1999 325
325 861
861 1093
1093 1318
1318 1662
1662 1780
1780 1537
1537 1566
1566 1229
1229 1831
1831 1018
1018 677
677 1890
1890 571
571 534
534 327
327 477
477 316
316 429
429 1557
1557 197
197 117
117 1341
1341 973
973 430
430 1155
1155 1587
1587 23
23 965
965 544
544 1402
1402 1590
1590 1139
1139 1882
1882 758
758 82
82 123
123 1435
1435 1269
1269 1791
1791 211
211 708
708 572
572 111
111 272
272 1380
1380 1011
1011 1073
1073 1224
1224 763
763 1353
1353 721
721 1035
1035 624
624 1309
1309 1472
1472 1692
1692 1332
1332 266
266 1621
1621 307
307 1683
1683 5
5 654
654 1160
1160 1655
1655 418
418 1127
1127 1251
1251 766
766 1412
1412 938
938 1809
1809 1315
1315 913
913 639
639 918
918 1329
1329 526
526 771
771 428
428 1159
1159 760
760 629
629 1143
1143 1226
1226 164
164 243
243 1501
1501 1189
1189 853
853 627
627 496
496 110
110 870
870 1050
1050 176
176 370
370 1840
1840 475
475 1518
1518 533
533 649
649 1197
1197 1767
1767 1059
1059 1601
1601 297
297 867
867 340
340 696
696 1738
1738 1199
1199 862
862 1829
1829 1746
1746 220
220 524
524 1964
1964 1239
1239 1924
1924 206
206 529
529 745
745 1122
1122 94
94 1850
1850 53
53 18
18 81
81 300
300 1826
1826 1014
1014 1105
1105 985
985 8
8 253
253 528
528 1654
1654 1236
1236 939
939 1659
1659 754
754 1362
1362 407
407 1004
1004 1275
1275 1496
1496 1313
1313 616
616 1646
1646 1457
1457 1881
1881 1982
1982 1599
1599 464
464 1324
1324 825
825 290
290 6
6 1225
1225 1052
1052 1869
1869 810
810 1456
1456 1293
1293 1657
1657 1291
1291 1311
1311 1406
1406 1169
1169 1414
1414 96
96 1028
1028 345
345 439
439 114
114 162
162 165
165 1575
1575 483
483 792
792 709
709 1242
1242 1939
1939 1404
1404 564
564 912
912 273
273 1770
1770 1083
1083 116
116 351
351 480
480 265
265 167
167 685
685 1272
1272 706
706 846
846 1051
1051 1711
1711 1068
1068 32
32 1709
1709 1489
1489 1765
1765 1794
1794 968
968 1196
1196 1753
1753 521
521 925
925 1421
1421 1908
1908 559
559 836
836 967
967 1445
1445 1245
1245 404
404 1807
1807 847
847 1352
1352 1154
1154 1596
1596 178
178 1739
1739 317
317 1041
1041 1732
1732 1893
1893 1485
1485 201
201 626
626 920
920 1550
1550 1553
1553 880
880 950
950 1895
1895 1033
1033 625
625 1940
1940 252
252 331
331 484
484 1123
1123 1997
1997 773
773 730
730 182
182 1069
1069 996
996 1875
1875 1177
1177 953
953 516
516 1973
1973 587
587 1422
1422 1020
1020 830
830 1676
1676 1376
1376 517
517 883
883 200
200 728
728 1278
1278 660
660 781
781 1048
1048 574
574 1631
1631 181
181 152
152 91
91 447
447 981
981 1804
1804 1133
1133 947
947 732
732 235
235 1112
1112 1244
1244 899
899 1519
1519 990
990 1213
1213 799
799 573
573 1342
1342 1465
1465 386
386 196
196 749
749 1228
1228 1417
1417 1953
1953 866
866 1364
1364 1750
1750 1013
1013 295
295 826
826 916
916 1371
1371 997
997 1751
1751 119
119 638
638 1484
1484 584
584 1426
1426 794
794 832
832 671
671 1947
1947 28
28 1983
1983 1375
1375 1589
1589 1788
1788 717
717 1914
1914 1549
1549 790
790 263
263 1943
1943 567
567 1152
1152 1218
1218 1321
1321 470
470 1737
1737 1734
1734 703
703 761
761 828
828 1488
1488 89
89 459
459 214
214 455
455 1301
1301 1855
1855 1418
1418 207
207 628
628 697
697 1852
1852 1583
1583 224
224 326
326 941
941 823
823 1192
1192 1193
1193 1879
1879 1874
1874 1763
1763 368
368 62
62 411
411 1896
1896 1302
1302 1574
1574 711
711 1511
1511 1230
1230 1616
1616 1308
1308 1077
1077 746
746 1570
1570 348
348 1447
1447 29
29 1722
1722 1234
1234 1686
1686 505
505 1832
1832 494
494 661
661 63
63 1845
1845 927
927 1865
1865 1120
1120 1741
1741 522
522 1818
1818 157
157 1827
1827 280
280 806
806 380
380 1642
1642 588
588 1089
1089 1922
1922 998
998 1710
1710 1294
1294 834
834 1568
1568 991
991 238
238 1614
1614 35
35 1810
1810 1455
1455 1250
1250 305
305 1470
1470 1936
1936 1384
1384 1118
1118 1345
1345 1001
1001 1373
1373 433
433 1744
1744 1513
1513 1545
1545 366
366 246
246 1497
1497 1671
1671 309
309 363
363 986
986 1954
1954 951
951 1658
1658 107
107 849
849 1299
1299 752
752 1372
1372 26
26 365
365 1317
1317 858
858 906
906 743
743 738
738 1015
1015 441
441 1167
1167 163
163 1877
1877 240
240 12
12 600
600 1
1 1266
1266 1200
1200 1913
1913 1665
1665 64
64 69
69 1039
1039 11
11 1134
1134 1899
1899 187
187 1673
1673 1761
1761 1559
1559 1499
1499 434
434 666
666 1086
1086 756
756 321
321 1399
1399 443
443 1813
1813 105
105 1263
1263 97
97 1305
1305 1624
1624 897
897 1389
1389 138
138 693
693 1636
1636 1521
1521 1685
1685 1551
1551 1666
1666 1941
1941 1469
1469 458
458 1145
1145 710
710 403
403 150
150 171
171 805
805 24
24 1723
1723 607
607 106
106 352
352 465
465 1664
1664 532
532 1700
1700 1955
1955 848
848 1712
1712 1906
1906 372
372 241
241 1992
1992 1544
1544 3
3 989
989 644
644 1379
1379 231
231 1260
1260 1149
1149 367
367 863
863 778
778 819
819 1808
1808 1140
1140 302
302 1261
1261 1182
1182 1047
1047 1648
1648 1975
1975 77
77 1567
1567 1591
1591 1724
1724 1889
1889 1669
1669 552
552 1572
1572 1627
1627 816
816 1080
1080 1085
1085 102
102 1439
1439 1141
1141 103
103 37
37 328
328 962
962 1647
1647 39
39 1271
1271 104
104 622
622 915
915 1694
1694 1340
1340 765
765 1802
1802 1535
1535 536
536 1573
1573 817
817 93
93 1543
1543 1663
1663 637
637 135
135 860
860 783
783 734
734 1699
1699 1010
1010 561
561 1031
1031 137
137 1070
1070 525
525 943
943 1184
1184 1626
1626 1446
1446 555
555 46
46 131
131 657
657 807
807 1891
1891 833
833 566
566 1168
1168 1773
1773 1806
1806 1464
1464 1191
1191 467
467 226
226 662
662 642
642 1046
1046 1821
1821 497
497 1081
1081 452
452 1888
1888 1705
1705 1871
1871 727
727 1721
1721 228
228 108
108 726
726 314
314 349
349 1776
1776 1640
1640 1990
1990 1176
1176 508
508 1237
1237 1049
1049 4
4 1203
1203 1803
1803 1974
1974 1613
1613 1958
1958 1337
1337 330
330 98
98 481
481 1979
1979 1135
1135 668
668 747
747 357
357 230
230 55
55 299
299 759
759 1942
1942 1825
1825 332
332 1536
1536 1355
1355 1107
1107 975
975 731
731 724
724 1339
1339 1851
1851 704
704 1854
1854 1820
1820 358
358 900
900 1742
1742 1554
1554 1873
1873 1905
1905 72
72 1580
1580 460
460 1365
1365 276
276 1378
1378 1623
1623 1885
1885 640
640 1661
1661 444
444 519
519 456
456 446
446 843
843 1166
1166 1126
1126 362
362 1563
1563 1872
1872 1876
1876 715
715 1577
1577 1494
1494 1927
1927 1431
1431 1619
1619 1383
1383 712
712 887
887 1817
1817 1994
1994 47
47 1546
1546 1679
1679 431
431 420
420 179
179 740
740 1892
1892 1187
1187 392
392 874
874 1487
1487 596
596 1977
1977 1157
1157 999
999 802
802 1728
1728 1448
1448 510
510 13
13 298
298 1477
1477 1680
1680 1524
1524 1801
1801 1541
1541 688
688 992
992 716
716 284
284 523
523 655
655 1409
1409 1839
1839 1092
1092 1027
1027 1837
1837 274
274 7
7 964
964 417
417 803
803 339
339 1098
1098 1507
1507 667
667 398
398 1707
1707 1760
1760 512
512 237
237 984
984 247
247 1714
1714 1206
1206 1816
1816 535
535 1194
1194 1842
1842 254
254 585
585 488
488 1993
1993 889
889 921
921 575
575 1530
1530 1656
1656 859
859 1398
1398 118
118 457
457 851
851 1677
1677 1748
1748 1019
1019 872
872 1220
1220 775
775 485
485 865
865 1921
1921 604
604 1172
1172 377
377 1706
1706 1812
1812 1986
1986 209
209 835
835 757
757 1547
1547 718
718 203
203 632
632 1463
1463 1771
1771 1504
1504 1142
1142 871
871 839
839 1058
1058 680
680 139
139 1280
1280 1104
1104 1618
1618 10
10 1645
1645 1793
1793 576
576 1000
1000 686
686 1607
1607 543
543 1962
1962 388
388 1718
1718 741
741 1946
1946 1696
1696 1483
1483 917
917 1430
1430 664
664 122
122 310
310 1755
1755 1777
1777 184
184 748
748 1672
1672 1428
1428 1701
1701 90
90 1347
1347 1437
1437 1730
1730 537
537 1290
1290 796
796 1897
1897 982
982 267
267 1560
1560 795
795 1214
1214 256
256 922
922 1307
1307 1450
1450 1449
1449 1012
1012 166
166 1248
1248 186
186 1350
1350 1509
1509 560
560 227
227 1792
1792 291
291 602
602 972
972 143
143 974
974 1785
1785 1490
1490 1451
1451 271
271 144
144 650
650 170
170 1909
1909 854
854 1689
1689 1775
1775 930
930 1401
1401 1637
1637 969
969 260
260 509
509 70
70 1267
1267 1144
1144 1934
1934 51
51 335
335 1592
1592 1386
1386 293
293 1173
1173 461
461 296
296 130
130 364
364 1330
1330 1054
1054 591
591 100
100 324
324 158
158 1284
1284 1256
1256 590
590 850
850 1482
1482 1388
1388 1951
1951 540
540 737
737 1205
1205 1652
1652 1062
1062 1538
1538 375
375 815
815 1758
1758 343
343 617
617 136
136 1814
1814 1615
1615 1726
1726 634
634 1630
1630 1209
1209 613
613 623
623 1221
1221 1819
1819 592
592 1190
1190 980
980 506
506 801
801 85
85 653
653 1113
1113 1211
1211 212
212 1029
1029 1931
1931 876
876 109
109 1540
1540 764
764 1629
1629 788
788 1691
1691 1259
1259 124
124 1815
1815 1688
1688 1043
1043 844
844 1838
1838 112
112 652
652 1022
1022 647
647 1564
1564 1562
1562 356
356 530
530 786
786 1235
1235 1588
1588 188
188 557
557 283
283 344
344 1925
1925 410
410 1660
1660 15
15 1024
1024 67
67 71
71 1005
1005 1597
1597 1400
1400 1764
1764 1811
1811 1300
1300 1971
1971 595
595 729
729 1481
1481 1110
1110 301
301 1782
1782 490
490 691
691 1976
1976 1916
1916 597
597 755
755 1635
1635 1610
1610 268
268 1516
1516 473
473 1174
1174 694
694 1162
1162 486
486 1366
1366 1262
1262 1781
1781 1181
1181 99
99 1416
1416 1902
1902 1079
1079 1114
1114 1084
1084 74
74 140
140 1277
1277 1966
1966 474
474 1287
1287 868
868 1356
1356 1675
1675 1116
1116 518
518 722
722 1603
1603 1638
1638 852
852 374
374 1866
1866 723
723 213
213 389
389 409
409 813
813 1128
1128 546
546 714
714 354
354 1195
1195 958
958 1391
1391 498
498 663
663 545
545 1415
1415 1719
1719 500
500 678
678 311
311 1512
1512 394
394 1440
1440 199
199 1037
1037 503
503 1212
1212 1124
1124 1798
1798 631
631 1933
1933 669
669 1548
1548 789
789 601
601 156
156 1649
1649 713
713 619
619 1247
1247 553
553 222
222 1055
1055 1117
1117 1884
1884 864
864 977
977 225
225 1129
1129 988
988 687
687 1411
1411 198
198 1397
1397 648
648 1288
1288 1147
1147 1274
1274 1082
1082 1508
1508 419
419 313
313 1729
1729 1148
1148 896
896 780
780 1733
1733 1644
1644 774
774 1349
1349 1459
1459 1556
1556 1432
1432 1778
1778 1201
1201 804
804 531
531 1109
1109 1102
1102 342
342 1903
1903 952
952 683
683 1441
1441 34
34 633
633 159
159 471
471 1060
1060 1040
1040 1620
1620 442
442 427
427 1944
1944 928
928 1867
1867 1075
1075 966
966 1111
1111 463
463 577
577 1634
1634 306
306 1359
1359 1502
1502 1681
1681 1021
1021 837
837 684
684 568
568 1335
1335 1639
1639 1334
1334 976
976 391
391 885
885 1065
1065 1995
1995 155
155 1625
1625 682
682 1420
1420 1708
1708 466
466 539
539 1044
1044 1531
1531 58
58 1042
1042 1969
1969 1747
1747 891
891 1323
1323 1072
1072 811
811 1282
1282 1579
1579 1727
1727 1090
1090 121
121 19
19 1558
1558 133
133 1468
1468 1970
1970 1522
1522 957
957 1693
1693 821
821 1769
1769 1101
1101 1204
1204 1987
1987 1367
1367 1333
1333 1423
1423 1183
1183 1030
1030 911
911 1156
1156 933
933 1007
1007 1768
1768 1396
1396 1864
1864 491
491 892
892 1243
1243 336
336 1346
1346 175
175 320
320 538
538 1295
1295 541
541 289
289 1158
1158 888
888 1542
1542 621
621 937
937 84
84 1492
1492 1032
1032 777
777 1374
1374 547
547 954
954 970
970 1926
1926 451
451 223
223 960
960 232
232 1210
1210 690
690 1779
1779 1071
1071 994
994 436
436 437
437 501
501 141
141 462
462 468
468 1303
1303 1687
1687 1772
1772 1929
1929 333
333 901
901 153
153 378
378 1529
1529 558
558 1833
1833 1863
1863 635
635 599
599 507
507 1695
1695 793
793 1853
1853 1586
1586 1787
1787 1784
1784 940
940 1799
1799 1598
1598 1576
1576 381
381 1849
1849 1945
1945 1641
1641 1146
1146 1466
1466 1088
1088 1795
1795 245
245 582
582 1351
1351 1759
1759 659
659 1045
1045 387
387 762
762 2000
2000 1164
1164 618
618 79
79 88
88 1434
1434 842
842 945
945 1856
1856 1461
1461 476
476 373
373 48
48 1539
1539 1868
1868 1096
1096 1667
1667 1443
1443 1928
1928 1115
1115 689
689 1091
1091 41
41 548
548 1175
1175 611
611 1319
1319 1703
1703 1066
1066 1223
1223 1960
1960 1241
1241 369
369 1653
1653 221
221 56
56 1008
1008 1900
1900 1517
1517 1094
1094 38
38 1296
1296 360
360 1178
1178 1520
1520 132
132 1797
1797 641
641 910
910 956
956 1740
1740 1460
1460 1304
1304 1604
1604 66
66 120
120 1297
1297 1002
1002 1475
1475 1462
1462 1844
1844 563
563 92
92 406
406 1279
1279 978
978 679
679 278
278 1316
1316 126
126 1344
1344 672
672 83
83 656
656 1848
1848 700
700 884
884 425
425 1515
1515 875
875 1984
1984 645
645 979
979 250
250 1036
0
0
0
999
0
0
999
0
0
999
0
0
999
0
999
0
0
0
999
0
0
0
0
0
0
0
0
0
0
0
0
0
0
999
0
0
999
999
999
0
999
0
0
0
0
999
999
999
0
0
999
0
0
0
999
999
0
999
0
0
0
0
0
0
0
999
999
0
0
999
999
999
0
999
0
0
999
0
999
0
0
0
999
999
999
0
0
999
0
999
0
999
999
0
0
0
0
999
999
999
0
999
999
999
0
0
0
999
999
0
0
999
0
0
0
0
0
999
0
999
999
999
0
999
0
999
0
0
0
999
999
999
999
0
999
999
999
0
999
999
999
0
999
999
0
0
0
2
0
0
0
0
999
0
999
999
0
999
999
0
0
0
0
0
0
999
0
0
5
999
0
0
0
0
999
0
0
0
999
0
0
0
0
999
0
999
0
999
0
0
0
0
0
0
0
0
0
999
999
0
0
0
999
0
0
0
0
0
999
0
0
999
999
0
0
0
0
0
0
0
999
999
999
0
999
999
999
999
52
999
0
999
0
0
0
0
999
0
0
0
0
0
0
0
999
0
999
0
0
999
0
0
0
999
0
999
0
0
0
999
0
0
0
0
0
0
999
999
0
0
999
0
0
999
39
999
0
999
0
0
0
0
999
999
0
0
0
0
999
0
999
0
999
0
0
999
0
999
999
0
999
0
0
0
0
999
0
0
0
999
999
0
999
999
0
0
0
0
0
999
0
0
0
999
0
0
0
999
0
999
0
999
999
0
999
999
0
0
999
0
0
999
999
999
0
0
0
0
999
0
0
0
0
999
0
999
999
999
0
999
0
999
0
999
0
0
0
0
999
0
0
0
999
999
999
0
999
999
0
0
999
0
0
0
0
0
999
999
999
0
999
999
0
999
0
0
0
999
0
0
0
0
0
0
0
999
0
3
999
999
0
0
0
0
0
0
999
0
999
999
0
0
0
0
999
0
999
0
0
0
999
0
0
0
0
999
999
0
0
0
0
999
0
999
0
999
0
0
0
0
999
999
0
0
0
999
999
0
0
999
999
999
999
0
0
999
999
999
0
0
999
0
999
999
0
999
0
0
0
0
999
0
0
0
999
999
0
999
0
999
999
0
0
0
0
0
999
999
0
999
999
61
999
0
0
999
999
999
999
999
0
999
0
0
0
0
0
999
999
0
0
0
999
0
999
0
0
0
0
999
999
0
0
0
999
999
999
999
999
999
999
0
999
0
999
999
999
999
0
0
0
999
999
0
999
0
999
999
0
999
999
0
999
0
0
999
0
999
0
0
0
0
0
0
999
999
999
0
0
0
0
999
0
0
999
0
0
0
0
999
999
999
0
0
999
999
999
0
999
0
999
999
0
999
0
0
0
0
0
0
999
0
999
0
0
0
999
999
999
0
999
999
999
0
0
0
0
0
0
0
999
999
999
999
999
0
999
0
0
999
999
999
0
0
999
0
999
999
0
999
0
999
999
0
999
999
999
0
999
0
0
999
999
999
0
0
999
999
999
0
0
999
0
0
0
0
0
999
999
999
0
999
999
999
0
999
999
999
999
999
999
0
0
999
5
0
0
0
0
999
0
0
0
999
382
0
0
0
0
0
0
999
999
999
999
999
0
999
0
0
0
999
999
999
0
999
999
0
999
0
999
0
0
999
0
0
999
0
0
999
999
0
0
0
0
0
999
999
0
0
0
0
0
0
999
0
999
0
999
0
0
999
0
999
999
0
0
0
0
0
0
0
0
999
999
0
999
0
0
999
0
0
999
0
0
999
0
999
999
0
14
0
999
0
999
999
0
0
0
0
999
999
999
999
0
0
999
0
0
0
999
0
999
0
999
999
999
0
0
0
999
0
0
0
0
0
0
0
0
0
0
0
999
0
999
0
999
0
999
0
0
999
999
999
0
0
0
0
0
999
999
999
0
999
0
0
0
0
999
999
0
0
0
999
999
0
0
999
0
0
999
999
0
999
999
999
0
0
0
0
0
0
0
999
999
0
999
999
999
0
999
999
0
12
0
999
0
0
0
999
999
0
0
0
0
0
0
0
0
999
999
0
0
0
999
0
999
0
0
0
999
999
2
0
0
0
0
999
0
999
0
0
999
0
0
0
999
0
0
999
0
0
999
229
999
0
0
0
0
0
0
999
0
999
0
999
999
999
0
999
0
999
0
999
0
999
0
0
999
999
0
999
0
999
999
999
999
999
999
999
0
999
0
999
0
0
0
999
0
0
0
999
0
999
4
0
0
0
999
999
0
999
0
0
999
0
999
999
0
999
0
999
0
0
0
0
0
0
999
0
999
999
0
999
0
0
999
0
999
999
999
999
0
0
0
999
999
0
0
999
0
999
999
999
999
999
0
0
999
0
0
0
0
999
999
0
0
999
0
999
0
999
0
0
999
999
0
0
0
999
999
999
0
0
999
0
0
0
999
999
999
999
0
999
999
0
0
999
0
999
999
999
0
999
0
999
0
999
0
0
999
999
0
999
0
0
999
0
999
999
999
0
999
999
999
999
999
0
0
0
0
0
0
999
0
999
0
999
999
0
0
0
0
0
999
0
0
0
0
0
999
999
0
999
0
999
999
999
0
0
0
0
0
0
0
999
999
999
0
0
0
999
0
999
0
999
0
999
0
0
0
999
999
999
999
999
0
999
0
0
999
0
999
999
0
0
999
23
0
999
999
0
0
999
999
0
0
0
0
0
999
0
999
999
999
999
1
0
999
999
999
999
0
999
0
0
0
0
0
999
999
0
999
0
0
0
0
0
0
0
0
0
0
0
999
0
999
0
0
0
999
0
999
0
0
0
999
999
0
0
0
0
0
0
0
999
0
0
999
0
0
999
0
0
0
0
999
0
0
0
999
0
0
999
0
0
999
0
999
999
0
999
0
999
0
0
999
999
0
999
0
0
0
0
999
999
999
0
0
999
0
0
999
999
0
0
999
0
0
0
0
0
0
0
0
999
0
0
999
0
0
0
999
0
0
0
0
0
0
999
0
0
999
999
999
0
999
0
999
999
0
0
0
999
0
999
999
0
999
999
999
0
0
0
999
999
0
0
999
0
0
0
0
0
999
999
999
0
115
0
0
0
0
999
0
0
0
999
0
0
0
0
999
0
0
999
0
999
0
1
999
0
0
0
0
999
999
999
0
999
999
0
0
0
0
0
0
0
999
0
999
0
0
0
999
999
0
0
0
999
0
0
999
0
0
0
0
999
0
999
999
999
0
999
0
0
999
0
999
999
999
2
999
0
0
999
0
999
999
999
999
0
0
0
0
0
0
0
999
999
999
999
999
999
0
999
0
999
0
0
0
0
6
0
999
0
999
0
4
0
999
999
999
0
0
0
999
0
0
999
0
999
0
999
0
0
0
0
0
0
0
999
0
999
0
0
999
999
999
0
0
999
0
0
999
999
999
0
0
999
0
999
0
999
0
0
0
0
999
999
999
0
0
0
999
999
0
999
999
999
999
999
999
0
0
999
999
999
0
0
0
0
0
999
0
999
0
999
0
999
0
999
999
999
0
0
999
0
0
0
0
999
999
0
0
999
999
0
999
999
0
0
0
0
0
999
0
999
0
0
999
999
0
0
0
0
999
999
0
0
0
0
999
999
0
0
999
0
2
999
0
33
999
0
999
0
0
999
999
999
0
0
999
0
999
999
999
0
999
999
0
0
0
999
999
0
999
999
999
999
999
0
0
999
999
0
999
0
999
0
0
999
999
0
0
999
0
0
0
999
999
0
999
0
0
0
999
0
999
0
0
999
0
0
999
0
999
0
999
999
999
0
0
0
0
0
999
999
999
0
999
0
999
999
999
999
0
0
999
0
999
0
999
0
999
999
999
999
0
0
0
0
0
999
0
0
2
999
999
0
999
0
0
999
0
999
999
999
999
999
0
0
999
0
0
0
0
0
0
999
0
999
0
0
0
0
999
999
0
0
0
0
0
0
999
0
0
999
999
999
0
0
0
999
0
0
0
999
999
0
999
999
999
0
999
999
999
999
999
0
999
999
0
999
999
0
999
0
0
0
0
999
999
0
999
0
999
999
999
0
999
999
999
0
0
999
0
0
0
0
999
999
0
999
999
999
999
0
999
999
999
0
0
0
999
0
0
0
0
0
0
0
999
0
0
0
999
999
999
0
0
999
0
999
0
0
0
999
999
0
999
0
999
999
0
999
0
0
0
0
0
0
999
999
0
999
999
999
0
0
999
999
999
0
0
999
0
0
0
0
0
0
0
999
999
0
0
999
999
0
999
999
0
0
0
0
999
0
0
999
0
999
999
0
999
0
0
0
999
0
0
0
0
0
0
999
0
0
0
0
999
0
0
0
999
999
999
999
999
0
999
0
999
999
0
0
0
0
0
0
0
999
0
999
999
999
0
0
0
0
999
0
0
0
0
0
0
999
0
999
0
999
0
0
0
999
0
0
999
999
999
0
0
999
999
999
999
0
999
0
0
0
0
999
0
999
999
0
0
999
0
0
999
999
999
0
0
0
0
999
