2000 1999
1365 958
1365 1178
1365 1364
1365 786
1365 1114
1365 1219
1365 1184
1365 818
1365 585
1365 1346
1365 1982
1365 595
1365 370
1365 1817
1365 58
1365 1150
1365 1946
1365 1017
1365 28
1365 956
1365 1076
1365 264
1365 847
1365 380
1365 1320
1365 439
1365 606
1365 1600
1365 152
1365 40
1365 1865
1365 1426
1365 1984
1365 103
1365 1522
1365 882
1365 743
1365 293
1365 1804
1365 1655
1365 389
1365 73
1365 1502
1365 1128
1365 1293
1365 1225
1365 1313
1365 181
1365 1464
1365 1537
1365 1757
1365 722
1365 1002
1365 1274
1365 977
1365 970
1365 444
1365 1736
1365 1741
1365 222
1365 1141
1365 1057
1365 1771
1365 1331
1365 900
1365 1119
1365 619
1365 115
1365 1781
1365 1752
1365 1731
1365 1868
1365 239
1365 1262
1365 1808
1365 1740
1365 819
1365 1978
1365 310
1365 1848
1365 1903
1365 849
1365 1541
1365 1238
1365 282
1365 70
1365 1271
1365 1694
1365 1018
1365 727
1365 420
1365 12
1365 1289
1365 1766
1365 1966
1365 1920
1365 1058
1365 1643
1365 665
1365 1192
1365 1463
1365 613
1365 1899
1365 1702
1365 995
1365 1000
1365 1624
1365 306
1365 1098
1365 352
1365 568
1365 1732
1365 556
1365 792
1365 600
1365 281
1365 1036
1365 1425
1365 969
1365 329
1365 1729
1365 908
1365 80
1365 1644
1365 1198
1365 241
1365 285
1365 1468
1365 133
1365 543
1365 746
1365 1709
1365 967
1365 913
1365 419
1365 1790
1365 741
1365 1391
1365 1371
1365 1700
1365 1689
1365 1203
1365 1491
1365 608
1365 488
1365 1812
1365 1462
1365 267
1365 190
1365 1243
1365 955
1365 1882
1365 1204
1365 1830
1365 1584
1365 1109
1365 1012
1365 1798
1365 564
1365 1059
1365 1068
1365 729
1365 464
1365 421
1365 946
1365 251
1365 1144
1365 361
1365 125
1365 1075
1365 1629
1365 587
1365 1099
1365 1735
1365 1563
1365 171
1365 90
1365 1614
1365 795
1365 1424
1365 1025
1365 1492
1365 1770
1365 1891
1365 1108
1365 1358
1365 496
1365 1338
1365 132
1365 1378
1365 1921
1365 972
1365 236
1365 1991
1365 55
1365 1472
1365 816
1365 49
1365 199
1365 1432
1365 1361
1365 1374
1365 514
1365 1323
1365 423
1365 1606
1365 1211
1365 720
1365 1710
1365 172
1365 869
1365 895
1365 1478
1365 698
1365 224
1365 215
1365 1937
1365 1642
1365 1744
1365 1237
1365 760
1365 338
1365 246
1365 2000
1365 328
1365 570
1365 1667
1365 1213
1365 234
1365 1813
1365 1070
1365 1846
1365 1975
1365 1994
1365 1886
1365 987
1365 220
1365 337
1365 1777
1365 1949
1365 91
1365 1520
1365 475
1365 852
1365 1269
1365 1758
1365 1844
1365 1760
1365 1939
1365 506
1365 1402
1365 1500
1365 1318
1365 758
1365 883
1365 484
1365 885
1365 1508
1365 1596
1365 737
1365 86
1365 1023
1365 1987
1365 1105
1365 1504
1365 495
1365 1765
1365 886
1365 1816
1365 1981
1365 1960
1365 341
1365 979
1365 807
1365 680
1365 1322
1365 714
1365 629
1365 843
1365 1074
1365 808
1365 1657
1365 636
1365 1973
1365 330
1365 453
1365 449
1365 435
1365 109
1365 926
1365 262
1365 1443
1365 817
1365 936
1365 944
1365 32
1365 257
1365 1996
1365 1911
1365 289
1365 1517
1365 1097
1365 1814
1365 1637
1365 345
1365 1324
1365 327
1365 1719
1365 951
1365 138
1365 1784
1365 1701
1365 1626
1365 794
1365 1286
1365 810
1365 255
1365 1244
1365 855
1365 1696
1365 1458
1365 280
1365 532
1365 313
1365 176
1365 1604
1365 1434
1365 486
1365 134
1365 66
1365 744
1365 1703
1365 1579
1365 62
1365 1498
1365 774
1365 346
1365 579
1365 1071
1365 1923
1365 286
1365 1111
1365 1040
1365 1310
1365 320
1365 664
1365 621
1365 1459
1365 48
1365 428
1365 1542
1365 1594
1365 1177
1365 1826
1365 1246
1365 1704
1365 429
1365 1612
1365 26
1365 432
1365 1851
1365 1288
1365 1008
1365 1881
1365 1641
1365 971
1365 1506
1365 561
1365 1728
1365 291
1365 1143
1365 516
1365 1783
1365 711
1365 324
1365 1595
1365 811
1365 1469
1365 756
1365 1482
1365 1292
1365 1207
1365 1095
1365 1302
1365 1447
1365 1279
1365 42
1365 223
1365 525
1365 1153
1365 1801
1365 56
1365 612
1365 1340
1365 1191
1365 1564
1365 1174
1365 499
1365 594
1365 1448
1365 254
1365 1862
1365 123
1365 1428
1365 235
1365 1485
1365 391
1365 1134
1365 489
1365 1619
1365 533
1365 1799
1365 1022
1365 1900
1365 358
1365 1698
1365 1007
1365 1422
1365 1898
1365 1792
1365 1530
1365 1867
1365 524
1365 1430
1365 1166
1365 762
1365 597
1365 1788
1365 308
1365 266
1365 1460
1365 355
1365 83
1365 1145
1365 1549
1365 2
1365 375
1365 1221
1365 1140
1365 122
1365 319
1365 778
1365 88
1365 775
1365 482
1365 1871
1365 1417
1365 1137
1365 82
1365 1647
1365 1523
1365 1233
1365 1669
1365 1915
1365 1456
1365 1194
1365 832
1365 770
1365 189
1365 1240
1365 787
1365 1613
1365 1451
1365 170
1365 406
1365 1592
1365 1901
1365 405
1365 1316
1365 541
1365 866
1365 275
1365 348
1365 1688
1365 1483
1365 362
1365 1045
1365 1170
1365 1223
1365 99
1365 84
1365 1418
1365 1299
1365 845
1365 513
1365 1653
1365 555
1365 98
1365 759
1365 1163
1365 1120
1365 1574
1365 23
1365 1775
1365 823
1365 717
1365 1954
1365 1280
1365 1769
1365 1971
1365 1094
1365 785
1365 1182
1365 1837
1365 11
1365 1328
1365 1282
1365 1392
1365 226
1365 461
1365 175
1365 1152
1365 1239
1365 424
1365 1904
1365 1617
1365 193
1365 1384
1365 1079
1365 213
1365 1046
1365 1230
1365 1494
1365 198
1365 1435
1365 1063
1365 478
1365 1990
1365 1394
1365 1807
1365 598
1365 1713
1365 1329
1365 1833
1365 919
1365 1351
1365 1933
1365 1129
1365 768
1365 1196
1365 27
1365 1917
1365 1093
1365 684
1365 1189
1365 1298
1365 1327
1365 1273
1365 470
1365 527
1365 1914
1365 165
1365 1938
1365 312
1365 1309
1365 1390
1365 437
1365 1450
1365 39
1365 340
1365 735
1365 824
1365 1335
1365 347
1365 194
1365 1571
1365 715
1365 1314
1365 677
1365 973
1365 1489
1365 839
1365 1325
1365 1634
1365 1032
1365 1345
1365 1442
1365 1602
1365 1928
1365 1437
1365 206
1365 426
1365 1548
1365 571
1365 96
1365 1979
1365 112
1365 603
1365 1536
1365 250
1365 114
1365 487
1365 1852
1365 1454
1365 1228
1365 430
1365 1235
1365 1515
1365 1897
1365 1413
1365 1695
1365 957
1365 864
1365 261
1365 1800
1365 159
1365 980
1365 917
1365 1854
1365 1326
1365 1821
1365 814
1365 703
1365 376
1365 1439
1365 542
1365 1201
1365 1927
1365 844
1365 1638
1365 16
1365 1745
1365 19
1365 452
1365 402
1365 1224
1365 1416
1365 1368
1365 106
1365 1481
1365 858
1365 1342
1365 673
1365 876
1365 753
1365 493
1365 1587
1365 1096
1365 965
1365 1073
1365 910
1365 1065
1365 593
1365 745
1365 440
1365 1344
1365 249
1365 1041
1365 394
1365 68
1365 301
1365 950
1365 519
1365 572
1365 719
1365 728
1365 1376
1365 1726
1365 1836
1365 911
1365 510
1365 1389
1365 736
1365 1857
1365 1512
1365 501
1365 210
1365 1067
1365 1988
1365 1291
1365 710
1365 1706
1365 335
1365 1665
1365 131
1365 1349
1365 1125
1365 1529
1365 1609
1365 21
1365 508
1365 1236
1365 1480
1365 5
1365 279
1365 298
1365 1610
1365 928
1365 667
1365 896
1365 1796
1365 1998
1365 563
1365 1173
1365 1727
1365 1725
1365 1948
1365 1090
1365 178
1365 1160
1365 1582
1365 927
1365 1440
1365 59
1365 1573
1365 409
1365 463
1365 1859
1365 1976
1365 1660
1365 1270
1365 1407
1365 232
1365 1380
1365 158
1365 307
1365 1281
1365 806
1365 1861
1365 562
1365 160
1365 860
1365 1621
1365 1625
1365 1285
1365 573
1365 830
1365 1295
1365 701
1365 1565
1365 1970
1365 1421
1365 875
1365 639
1365 933
1365 1186
1365 1146
1365 582
1365 458
1365 867
1365 1750
1365 1455
1365 185
1365 413
1365 822
1365 507
1365 1399
1365 1009
1365 273
1365 689
1365 79
1365 922
1365 1147
1365 202
1365 1509
1365 1691
1365 1791
1365 1856
1365 1544
1365 738
1365 192
1365 1107
1365 378
1365 504
1365 1683
1365 880
1365 130
1365 708
1365 769
1365 997
1365 1663
1365 558
1365 485
1365 1699
1365 117
1365 425
1365 1467
1365 1069
1365 1767
1365 15
1365 1410
1365 1553
1365 1803
1365 314
1365 1037
1365 716
1365 709
1365 916
1365 51
1365 660
1365 1718
1365 1027
1365 64
1365 1024
1365 480
1365 46
1365 1092
1365 60
1365 1754
1365 742
1365 672
1365 1598
1365 1972
1365 1471
1365 1496
1365 3
1365 993
1365 1453
1365 128
1365 658
1365 1124
1365 635
1365 590
1365 1151
1365 1601
1365 850
1365 1528
1365 976
1365 1317
1365 1350
1365 1620
1365 1353
1365 1961
1365 387
1365 1853
1365 1396
1365 1705
1365 1266
1365 1724
1365 801
1365 713
1365 44
1365 1576
1365 1180
1365 204
1365 1042
1365 422
1365 1061
1365 283
1365 1208
1365 153
1365 1942
1365 1673
1365 1473
1365 1879
1365 214
1365 186
1365 72
1365 1131
1365 1690
1365 581
1365 240
1365 47
1365 7
1365 653
1365 317
1365 1559
1365 177
1365 893
1365 1172
1365 1940
1365 146
1365 1052
1365 434
1365 861
1365 1603
1365 835
1365 50
1365 237
1365 877
1365 1026
1365 1190
1365 1910
1365 954
1365 448
1365 412
1365 52
1365 921
1365 868
1365 1050
1365 682
1365 1011
1365 1841
1365 292
1365 1782
1365 749
1365 1343
1365 1763
1365 1995
1365 1272
1365 111
1365 1321
1365 203
1365 71
1365 560
1365 761
1365 1401
1365 295
1365 559
1365 401
1365 1446
1365 1557
1365 1789
1365 441
1365 1884
1365 1805
1365 1215
1365 1261
1365 791
1365 382
1365 1746
1365 61
1365 553
1365 1171
1365 182
1365 912
1365 1532
1365 679
1365 1330
1365 1102
1365 1006
1365 1969
1365 491
1365 85
1365 225
1365 359
1365 1333
1365 1953
1365 968
1365 1847
1365 1461
1365 156
1365 892
1365 1734
1365 949
1365 1611
1365 1677
1365 1723
1365 1737
1365 326
1365 647
1365 1850
1365 1089
1365 918
1365 219
1365 1764
1365 1205
1365 108
1365 1692
1365 934
1365 1148
1365 1149
1365 1466
1365 397
1365 615
1365 1675
1365 1267
1365 1505
1365 505
1365 102
1365 396
1365 1646
1365 393
1365 826
1365 683
1365 888
1365 334
1365 1395
1365 1815
1365 1631
1365 940
1365 1944
1365 1056
1365 1088
1365 1393
1365 466
1365 538
1365 35
1365 1382
1365 1406
1365 1554
1365 1684
1365 531
1365 1412
1365 1005
1365 645
1365 1806
1365 1197
1365 767
1365 929
1365 512
1365 1085
1365 962
1365 443
1365 1476
1365 1622
1365 1370
1365 392
1365 1924
1365 1234
1365 1004
1365 1043
1365 986
1365 1639
1365 43
1365 1950
1365 1415
1365 1810
1365 550
1365 565
1365 1034
1365 747
1365 1231
1365 674
1365 1738
1365 148
1365 1319
1365 212
1365 365
1365 1616
1365 1916
1365 793
1365 903
1365 1284
1365 1367
1365 780
1365 1308
1365 1756
1365 781
1365 427
1365 1824
1365 1386
1365 1227
1365 360
1365 1220
1365 1932
1365 1623
1365 1054
1365 935
1365 1375
1365 149
1365 1355
1365 740
1365 1200
1365 675
1365 1985
1365 1411
1365 454
1365 1162
1365 191
1365 41
1365 805
1365 656
1365 221
1365 1538
1365 157
1365 1116
1365 1809
1365 1585
1365 906
1365 666
1365 1519
1365 94
1365 1477
1365 1136
1365 304
1365 1315
1365 311
1365 773
1365 183
1365 953
1365 137
1365 1876
1365 18
1365 1818
1365 523
1365 1827
1365 315
1365 1214
1365 1199
1365 1929
1365 1569
1365 838
1365 38
1365 1682
1365 1445
1365 1895
1365 637
1365 1474
1365 1674
1365 566
1365 1570
1365 690
1365 804
1365 1251
1365 147
1365 515
1365 614
1365 828
1365 1493
1365 948
1365 1030
1365 1869
1365 964
1365 1185
1365 104
1365 354
1365 1133
1365 535
1365 1457
1365 1761
1365 6
1365 872
1365 1605
1365 960
1365 1169
1365 503
1365 1873
1365 721
1365 1878
1365 1877
1365 278
1365 120
1365 1379
1365 1486
1365 367
1365 211
1365 1381
1365 404
1365 1618
1365 1263
1365 1545
1365 857
1365 650
1365 339
1365 1475
1365 1507
1365 1337
1365 388
1365 1080
1365 999
1365 1060
1365 1912
1365 881
1365 1776
1365 1138
1365 891
1365 294
1365 695
1365 197
1365 207
1365 602
1365 377
1365 1832
1365 1039
1365 1405
1365 309
1365 982
1365 1503
1365 1253
1365 468
1365 898
1365 757
1365 150
1365 162
1365 270
1365 1958
1365 1229
1365 436
1365 1773
1365 633
1365 631
1365 1687
1365 144
1365 1373
1365 517
1365 24
1365 465
1365 74
1365 1126
1365 766
1365 1656
1365 1003
1365 1307
1365 344
1365 539
1365 618
1365 1712
1365 417
1365 342
1365 410
1365 1997
1365 459
1365 474
1365 1154
1365 451
1365 371
1365 1218
1365 989
1365 605
1365 700
1365 846
1365 1028
1365 520
1365 1678
1365 1077
1365 521
1365 263
1365 1913
1365 173
1365 1021
1365 231
1365 604
1365 1588
1365 1372
1365 887
1365 1831
1365 1918
1365 1397
1365 1866
1365 583
1365 216
1365 841
1365 1510
1365 1959
1365 779
1365 467
1365 1671
1365 1714
1365 97
1365 1902
1365 1142
1365 663
1365 549
1365 1843
1365 1118
1365 230
1365 139
1365 930
1365 755
1365 692
1365 890
1365 1035
1365 648
1365 1414
1365 473
1365 1934
1365 803
1365 1334
1365 1661
1365 1359
1365 1628
1365 945
1365 483
1365 201
1365 1072
1365 1733
1365 331
1365 1889
1365 1658
1365 1217
1365 1031
1365 1993
1365 1931
1365 554
1365 947
1365 1497
1365 1721
1365 1524
1365 994
1365 641
1365 1992
1365 777
1365 1749
1365 878
1365 763
1365 442
1365 1568
1365 827
1365 580
1365 884
1365 963
1365 252
1365 739
1365 509
1365 1091
1365 481
1365 1216
1365 325
1365 1863
1365 1258
1365 1158
1365 135
1365 771
1365 403
1365 528
1365 1226
1365 1751
1365 277
1365 1248
1365 1369
1365 1112
1365 1117
1365 22
1365 276
1365 1535
1365 871
1365 151
1365 1936
1365 865
1365 802
1365 1835
1365 447
1365 1161
1365 1730
1365 1943
1365 77
1365 245
1365 1567
1365 1828
1365 632
1365 229
1365 821
1365 961
1365 408
1365 530
1365 1578
1365 116
1365 901
1365 1259
1365 63
1365 1260
1365 259
1365 829
1365 268
1365 101
1365 1986
1365 1845
1365 1341
1365 274
1365 379
1365 1176
1365 218
1365 1572
1365 1427
1365 1254
1365 1115
1365 1715
1365 1252
1365 592
1365 1113
1365 626
1365 1820
1365 624
1365 638
1365 1181
1365 17
1365 662
1365 984
1365 1599
1365 155
1365 569
1365 37
1365 1257
1365 407
1365 10
1365 414
1365 646
1365 1874
1365 676
1365 731
1365 460
1365 1038
1365 1551
1365 671
1365 992
1365 1635
1365 243
1365 1465
1365 931
1365 547
1365 1686
1365 607
1365 686
1365 356
1365 1855
1365 121
1365 284
1365 462
1365 1956
1365 479
1365 140
1365 57
1365 920
1365 1388
1365 13
1365 1640
1365 53
1365 1
1365 548
1365 1383
1365 681
1365 1534
1365 659
1365 1908
1365 1278
1365 20
1365 1962
1365 1590
1365 127
1365 726
1365 1707
1365 1403
1365 991
1365 526
1365 1195
1365 610
1365 1883
1365 790
1365 851
1365 1630
1365 1366
1365 1264
1365 25
1365 455
1365 1132
1365 799
1365 1890
1365 825
1365 1020
1365 751
1365 383
1365 853
1365 93
1365 915
1365 1157
1365 242
1365 534
1365 584
1365 1664
1365 1780
1365 164
1365 1802
1365 374
1365 831
1365 546
1365 497
1365 943
1365 1499
1365 1722
1365 870
1365 734
1365 1311
1365 836
1365 752
1365 126
1365 1885
1365 1139
1365 1290
1365 1222
1365 567
1365 577
1365 1212
1365 1907
1365 271
1365 107
1365 966
1365 1385
1365 124
1365 1872
1365 765
1365 812
1365 1909
1365 1470
1365 1078
1365 1615
1365 1967
1365 937
1365 1511
1365 1711
1365 630
1365 1555
1365 184
1365 1964
1365 998
1365 1256
1365 1360
1365 1518
1365 332
1365 783
1365 820
1365 552
1365 385
1365 1513
1365 789
1365 1452
1365 498
1365 1159
1365 1556
1365 1187
1365 1438
1365 833
1365 1887
1365 1566
1365 724
1365 1066
1365 907
1365 551
1365 1666
1365 707
1365 416
1365 1408
1365 398
1365 718
1365 518
1365 136
1365 685
1365 1575
1365 1277
1365 1210
1365 1922
1365 1649
1365 1795
1365 1676
1365 1436
1365 195
1365 1793
1365 233
1365 302
1365 415
1365 696
1365 1941
1365 1449
1365 1175
1365 450
1365 1822
1365 1654
1365 784
1365 353
1365 1423
1365 1356
1365 1693
1365 372
1365 813
1365 1297
1365 1062
1365 36
1365 1086
1365 350
1365 1255
1365 616
1365 1398
1365 1672
1365 1400
1365 693
1365 1581
1365 981
1365 1739
1365 905
1365 1268
1365 1947
1365 322
1365 1989
1365 364
1365 1539
1365 809
1365 1487
1365 384
1365 1823
1365 399
1365 842
1365 1122
1365 634
1365 411
1365 1858
1365 1762
1365 75
1365 596
1365 1870
1365 1550
1365 1558
1365 4
1365 704
1365 611
1365 540
1365 1206
1365 705
1365 1010
1365 1811
1365 119
1365 1265
1365 536
1365 1431
1365 688
1365 1047
1365 265
1365 511
1365 782
1365 145
1365 1577
1365 1980
1365 1825
1365 1983
1365 1648
1365 65
1365 1352
1365 476
1365 932
1365 1104
1365 649
1365 1135
1365 894
1365 640
1365 1597
1365 33
1365 1652
1365 873
1365 1155
1365 433
1365 1296
1365 1794
1365 1670
1365 1419
1365 456
1365 874
1365 1753
1365 1540
1365 1016
1365 670
1365 142
1365 78
1365 1015
1365 1484
1365 925
1365 1681
1365 576
1365 1156
1365 856
1365 642
1365 1742
1365 336
1365 1717
1365 490
1365 1662
1365 343
1365 256
1365 349
1365 840
1365 1894
1365 1087
1365 798
1365 390
1365 118
1365 30
1365 1963
1365 290
1365 1849
1365 1294
1365 1101
1365 1633
1365 952
1365 1526
1365 1952
1365 1533
1365 305
1365 141
1365 1697
1365 537
1365 923
1365 288
1365 200
1365 1048
1365 100
1365 31
1365 1247
1365 748
1365 1531
1365 557
1365 1336
1365 180
1365 438
1365 985
1365 1659
1365 694
1365 1306
1365 1547
1365 208
1365 1479
1365 1404
1365 1668
1365 1552
1365 522
1365 1033
1365 862
1365 258
1365 1082
1365 772
1365 168
1365 1786
1365 544
1365 1720
1365 1685
1365 1589
1365 1514
1365 678
1365 228
1365 1305
1365 575
1365 622
1365 1546
1365 983
1365 494
1365 654
1365 1121
1365 754
1365 1888
1365 1409
1365 625
1365 1580
1365 591
1365 733
1365 1167
1365 1819
1365 776
1365 924
1365 942
1365 627
1365 712
1365 1081
1365 1433
1365 287
1365 859
1365 668
1365 691
1365 1607
1365 601
1365 651
1365 643
1365 586
1365 1977
1365 730
1365 1209
1365 1362
1365 169
1365 1892
1365 1339
1365 815
1365 1955
1365 1591
1365 661
1365 1495
1365 1974
1365 644
1365 492
1365 1743
1365 187
1365 1304
1365 1501
1365 1951
1365 87
1365 502
1365 351
1365 113
1365 1906
1365 1785
1365 1527
1365 248
1365 154
1365 167
1365 54
1365 1127
1365 628
1365 381
1365 92
1365 1839
1365 1586
1365 764
1365 1049
1365 1774
1365 472
1365 1283
1365 369
1365 1232
1365 1840
1365 110
1365 1044
1365 1627
1365 29
1365 1632
1365 1905
1365 1893
1365 1543
1365 914
1365 1276
1365 1083
1365 1759
1365 247
1365 81
1365 1332
1365 272
1365 1354
1365 1202
1365 1797
1365 1019
1365 45
1365 988
1365 978
1365 303
1365 1055
1365 975
1365 574
1365 1779
1365 500
1365 1420
1365 1165
1365 1241
1365 1957
1365 1312
1365 386
1365 1347
1365 800
1365 1084
1365 1193
1365 1249
1365 655
1365 1708
1365 129
1365 996
1365 863
1365 471
1365 1287
1365 1999
1365 1772
1365 1188
1365 76
1365 366
1365 253
1365 1275
1365 1926
1365 529
1365 796
1365 174
1365 143
1365 974
1365 1829
1365 834
1365 1945
1365 848
1365 1787
1365 1123
1365 1608
1365 1919
1365 1164
1365 1925
1365 69
1365 457
1365 725
1365 699
1365 1716
1365 1300
1365 938
1365 1636
1365 1029
1365 209
1365 163
1365 1168
1365 1521
1365 196
1365 657
1365 1680
1365 788
1365 1179
1365 300
1365 8
1365 854
1365 373
1365 357
1365 14
1365 1377
1365 1441
1365 89
1365 205
1365 1650
1365 1651
1365 445
1365 1930
1365 1301
1365 1001
1365 939
1365 1864
1365 1250
1365 299
1365 941
1365 879
1365 1860
1365 1838
1365 1748
1365 1363
1365 318
1365 260
1365 1130
1365 1053
1365 620
1365 1488
1365 1183
1365 1896
1365 687
1365 889
1365 431
1365 904
1365 897
1365 1747
1365 1755
1365 589
1365 469
1365 1100
1365 1064
1365 588
1365 1444
1365 1106
1365 669
1365 1645
1365 418
1365 1242
1365 1593
1365 1245
1365 1013
1365 269
1365 1768
1365 477
1365 1562
1365 1875
1365 333
1365 244
1365 296
1365 297
1365 1778
1365 909
1365 217
1365 1561
1365 1968
1365 1834
1365 545
1365 316
1365 363
1365 750
1365 902
1365 732
1365 1348
1365 1103
1365 599
1365 1560
1365 652
1365 166
1365 1014
1365 446
1365 1429
1365 990
1365 578
1365 959
1365 9
1365 67
1365 1490
1365 702
1365 697
1365 623
1365 1965
1365 1880
1365 797
1365 161
1365 95
1365 188
1365 238
1365 706
1365 609
1365 1110
1365 1303
1365 395
1365 1583
1365 400
1365 179
1365 34
1365 105
1365 899
1365 1051
1365 723
1365 227
1365 1357
1365 323
1365 837
1365 617
1365 1516
1365 1387
1365 321
1365 1935
1365 1842
1365 1525
1365 368
1365 1679
999
0
0
999
0
0
0
999
999
999
0
0
999
999
0
0
999
0
0
999
0
999
0
0
999
0
0
0
999
999
999
0
999
999
0
999
999
0
0
0
0
0
0
0
999
0
0
0
0
0
0
0
999
999
0
0
999
332
0
0
0
0
999
0
999
0
999
0
999
0
0
0
0
0
999
999
999
999
0
0
999
0
0
0
0
0
999
0
999
0
0
999
999
0
999
0
999
0
0
999
999
0
0
0
999
0
999
0
0
999
0
0
999
0
0
999
0
999
999
0
999
0
0
999
0
999
999
0
999
0
0
0
0
0
999
999
0
0
999
999
999
999
999
0
999
0
0
0
0
0
999
0
0
999
999
0
0
0
0
0
999
0
999
999
0
999
999
999
999
0
0
0
999
999
0
0
0
0
999
999
0
0
0
999
0
0
999
999
0
0
0
0
0
0
999
999
0
0
0
999
999
0
0
0
999
0
0
999
999
0
0
0
0
0
0
999
999
999
0
0
0
0
0
0
0
0
999
999
999
999
999
0
999
0
0
0
0
999
0
0
0
999
999
999
999
0
999
999
0
0
0
999
999
0
0
999
0
999
999
999
0
0
999
0
999
0
0
999
999
0
999
999
0
999
0
999
999
0
0
0
0
0
0
999
0
0
999
999
0
999
0
0
0
0
0
999
999
0
999
999
0
999
999
0
999
0
0
0
0
0
0
0
0
0
0
999
0
999
0
0
999
999
999
0
999
0
0
0
0
0
999
999
999
0
0
999
0
0
0
0
0
999
999
0
0
0
0
0
999
999
999
0
999
0
0
999
999
0
0
0
0
0
999
999
0
999
0
999
999
164
999
999
999
999
0
0
0
0
999
0
999
0
999
999
999
999
0
0
0
999
0
0
0
0
999
0
0
999
999
999
0
0
999
0
0
0
999
999
0
999
999
0
0
999
999
999
999
999
0
0
0
0
0
0
0
0
0
0
0
0
999
0
999
0
0
0
0
999
0
0
0
999
0
0
999
999
999
0
0
999
999
0
0
0
999
999
999
0
999
999
0
999
0
0
0
0
999
0
999
0
999
999
999
999
0
999
999
0
999
0
999
0
999
0
0
0
0
0
0
999
0
999
0
999
0
0
999
999
0
999
0
999
0
0
0
0
0
0
999
0
999
0
0
0
0
0
0
999
0
999
999
999
0
0
0
999
0
999
999
999
0
0
0
999
0
999
999
0
999
999
0
0
0
999
999
999
999
999
999
0
999
999
0
999
0
0
999
0
0
0
0
0
0
0
0
0
999
0
999
0
0
0
0
999
999
999
999
999
0
999
0
0
999
999
8
999
0
999
999
0
999
999
0
0
71
999
0
0
999
0
999
0
0
999
999
0
999
0
999
999
999
0
0
0
0
999
999
999
0
999
0
999
999
999
999
999
999
999
0
999
0
999
0
999
0
0
0
999
0
999
999
999
999
999
0
999
0
999
999
0
999
999
0
999
999
0
999
0
999
0
999
999
999
0
0
0
0
999
999
999
999
0
0
0
0
999
0
999
0
0
999
0
0
0
999
999
999
999
0
0
999
999
999
999
0
999
999
0
999
999
0
999
0
999
999
999
999
0
0
0
0
999
0
0
0
0
0
999
0
0
0
0
999
999
999
999
0
0
0
999
999
999
999
999
0
0
0
0
999
0
0
0
0
0
0
0
0
999
0
999
999
999
0
999
999
0
0
0
0
0
0
0
999
999
999
0
0
0
0
0
999
999
0
0
0
999
999
0
999
0
0
999
999
999
0
4
0
999
999
999
0
0
0
0
0
999
999
999
999
999
0
999
999
0
0
0
0
0
999
0
0
999
999
0
999
0
0
9
0
999
999
0
0
0
999
0
999
0
999
0
999
0
999
999
0
999
999
0
0
999
999
999
0
0
0
999
0
999
0
0
999
0
999
999
0
999
0
0
999
0
0
999
999
0
999
0
0
0
0
999
999
0
999
999
0
0
0
999
999
0
0
0
0
999
0
0
999
0
999
999
0
0
0
999
0
0
999
0
999
0
999
999
0
999
999
0
999
0
999
0
0
0
0
999
999
0
0
0
0
999
0
0
999
999
999
0
0
0
0
999
999
999
0
0
0
0
999
999
999
0
999
999
999
0
999
0
999
0
0
0
0
999
0
0
0
0
0
1
999
0
999
0
999
0
0
999
0
0
0
0
0
0
0
999
999
0
0
999
0
0
999
0
999
999
999
0
0
999
999
999
999
999
0
999
0
999
0
999
0
0
999
0
0
0
0
0
0
0
0
999
0
0
999
999
999
999
4
0
999
999
999
0
0
0
0
0
0
999
999
0
999
0
999
0
999
0
0
999
0
0
0
0
0
999
0
0
999
999
999
0
999
0
999
0
999
0
0
0
0
0
0
999
0
999
0
999
0
0
0
0
0
999
0
0
0
2
999
999
0
0
999
999
999
999
0
999
999
0
0
0
999
0
0
0
0
0
0
0
0
999
999
0
999
999
0
999
0
0
0
999
0
999
999
4
999
0
999
999
0
0
999
999
999
0
0
0
999
0
0
999
0
999
0
0
999
0
0
0
999
0
0
999
0
0
0
0
0
0
0
8
0
0
0
999
999
999
999
999
999
0
999
0
0
999
999
0
999
999
0
0
0
0
0
0
999
999
0
2
999
0
999
0
999
18
0
0
999
999
0
0
0
0
999
0
999
0
0
0
0
0
0
999
0
0
0
999
0
0
999
999
0
999
0
0
0
999
999
999
3
0
0
999
0
0
0
999
0
0
0
0
0
999
0
0
0
0
0
0
0
0
999
999
0
0
999
0
999
999
999
999
0
999
0
999
999
999
999
999
999
999
0
0
0
999
999
0
0
999
0
0
0
0
0
0
999
999
999
999
0
0
0
0
999
0
0
0
999
0
0
999
0
0
0
999
0
999
999
0
0
999
999
0
999
999
999
999
0
0
0
0
999
999
0
0
0
0
0
0
0
0
0
0
0
0
0
0
0
0
0
0
0
999
0
999
0
999
0
0
999
0
999
0
0
0
0
3
999
999
0
0
0
999
0
999
0
999
999
0
999
999
0
999
999
4
2
999
0
0
999
0
0
999
0
0
0
0
999
0
0
0
0
0
999
0
999
0
999
999
0
0
0
0
0
0
0
0
999
999
0
999
0
0
999
999
0
0
0
999
999
0
0
0
0
999
0
0
0
0
999
999
0
0
999
0
0
0
999
0
999
0
999
0
999
0
0
999
0
999
0
0
999
0
0
999
0
0
0
0
999
0
0
999
0
0
0
0
0
0
0
0
0
0
0
0
999
0
0
0
0
999
0
0
0
0
0
0
0
0
999
0
0
0
0
999
0
0
999
999
0
999
0
0
0
0
999
0
999
0
999
0
999
0
0
0
0
0
0
0
0
999
999
0
999
999
0
999
0
999
0
0
999
0
0
999
999
999
999
0
0
0
999
0
999
999
999
0
0
0
999
999
0
0
999
0
0
999
999
0
0
999
999
999
0
0
999
999
0
999
0
999
999
999
0
0
0
999
999
999
0
0
0
999
0
0
999
0
999
999
0
999
999
0
999
0
0
999
0
999
999
999
999
0
999
0
0
0
999
0
999
0
0
0
0
0
0
0
999
999
0
0
0
0
0
0
999
0
0
0
0
0
0
0
0
0
0
0
999
999
0
999
0
999
999
0
999
999
0
0
0
999
0
0
0
0
999
0
0
999
999
999
999
999
0
999
0
0
0
999
999
0
999
999
0
999
0
999
0
999
0
999
999
999
0
0
0
999
0
999
999
999
999
0
0
0
999
999
0
0
0
0
0
0
999
0
0
0
999
0
0
0
0
0
0
0
0
0
999
999
0
0
999
999
0
999
999
999
999
0
0
999
999
999
0
0
0
0
0
0
0
999
0
0
999
0
0
0
0
0
999
0
0
999
999
0
0
0
999
999
999
0
999
0
999
0
999
0
0
0
999
0
0
999
0
0
0
0
0
999
0
0
0
999
0
999
0
0
0
999
999
999
0
0
0
0
999
999
999
0
0
0
0
0
999
999
999
0
999
0
0
0
0
999
0
0
0
0
0
0
0
0
999
0
0
0
0
0
302
0
999
999
0
999
999
0
999
0
0
999
999
0
999
0
0
999
999
0
0
999
999
999
0
999
999
0
999
0
0
0
999
0
0
0
0
0
999
0
0
999
0
999
0
0
999
999
0
999
0
0
0
999
0
999
0
999
999
0
0
0
0
999
0
0
999
0
999
0
999
999
999
999
0
999
999
999
0
999
0
0
0
0
0
999
0
0
999
999
999
999
999
0
0
0
999
0
0
0
0
999
999
0
0
999
0
0
999
999
0
0
0
999
999
0
0
999
999
999
0
0
0
0
999
0
999
0
999
6
999
0
0
0
999
999
0
0
999
999
999
0
999
0
0
999
999
999
999
0
999
999
0
0
0
0
0
999
0
0
999
0
0
999
0
52
999
0
0
999
0
0
999
0
0
999
999
0
0
0
999
0
999
0
