2000 1999
1245 434
1245 260
1245 851
1245 337
1245 78
1245 1045
1245 1149
1245 1943
1245 501
1245 390
1245 2000
1245 1037
1245 269
1245 1234
1245 1041
1245 339
1245 1922
1245 682
1245 393
1245 614
1245 379
1245 1291
1245 318
1245 1541
1245 1749
1245 429
1245 1435
1245 540
1245 620
1245 530
1245 1891
1245 1656
1245 948
1245 376
1245 1995
1245 562
1245 348
1245 546
1245 179
1245 1124
1245 1058
1245 1616
1245 1465
1245 1424
1245 1713
1245 1559
1245 172
1245 827
1245 1205
1245 1250
1245 622
1245 349
1245 275
1245 85
1245 27
1245 1126
1245 670
1245 484
1245 1910
1245 1381
1245 1872
1245 361
1245 873
1245 360
1245 536
1245 941
1245 1220
1245 192
1245 703
1245 277
1245 556
1245 341
1245 262
1245 332
1245 354
1245 1823
1245 359
1245 353
1245 1958
1245 1098
1245 1591
1245 929
1245 1324
1245 1877
1245 1136
1245 1675
1245 1182
1245 1077
1245 83
1245 1115
1245 188
1245 380
1245 1086
1245 1380
1245 856
1245 1158
1245 962
1245 928
1245 1054
1245 1539
1245 1975
1245 1893
1245 404
1245 387
1245 1577
1245 762
1245 238
1245 160
1245 1157
1245 1271
1245 365
1245 1949
1245 772
1245 36
1245 358
1245 832
1245 356
1245 92
1245 246
1245 931
1245 165
1245 13
1245 1717
1245 1018
1245 527
1245 871
1245 666
1245 593
1245 582
1245 602
1245 1104
1245 1178
1245 1
1245 1144
1245 203
1245 495
1245 239
1245 564
1245 64
1245 1148
1245 809
1245 773
1245 1298
1245 79
1245 1255
1245 611
1245 305
1245 1793
1245 639
1245 517
1245 1320
1245 368
1245 1503
1245 57
1245 673
1245 410
1245 1972
1245 1437
1245 1854
1245 830
1245 753
1245 1562
1245 610
1245 726
1245 1479
1245 1307
1245 1822
1245 1087
1245 261
1245 686
1245 1365
1245 196
1245 1360
1245 1937
1245 1928
1245 1611
1245 1342
1245 451
1245 1213
1245 1407
1245 214
1245 1009
1245 1485
1245 1024
1245 247
1245 1303
1245 152
1245 123
1245 88
1245 1519
1245 515
1245 722
1245 1282
1245 1268
1245 785
1245 627
1245 474
1245 77
1245 1036
1245 1788
1245 158
1245 1199
1245 1693
1245 1993
1245 1499
1245 903
1245 1186
1245 978
1245 1780
1245 435
1245 630
1245 1459
1245 186
1245 1767
1245 1871
1245 11
1245 1481
1245 1179
1245 1091
1245 1064
1245 689
1245 539
1245 9
1245 1328
1245 1648
1245 518
1245 1582
1245 111
1245 983
1245 1775
1245 1841
1245 533
1245 547
1245 345
1245 1436
1245 413
1245 1548
1245 459
1245 418
1245 1953
1245 672
1245 1455
1245 1401
1245 1974
1245 646
1245 40
1245 95
1245 137
1245 1622
1245 643
1245 1028
1245 1647
1245 1998
1245 1980
1245 1008
1245 870
1245 235
1245 108
1245 606
1245 1168
1245 936
1245 1787
1245 59
1245 1813
1245 692
1245 1782
1245 60
1245 833
1245 1832
1245 935
1245 1372
1245 542
1245 739
1245 437
1245 1755
1245 1505
1245 512
1245 1119
1245 213
1245 334
1245 1769
1245 1776
1245 1432
1245 839
1245 665
1245 965
1245 1406
1245 720
1245 355
1245 608
1245 1500
1245 578
1245 1311
1245 473
1245 986
1245 1229
1245 1535
1245 436
1245 1670
1245 265
1245 1699
1245 1701
1245 1627
1245 583
1245 1550
1245 651
1245 1970
1245 1065
1245 1590
1245 782
1245 625
1245 1574
1245 1443
1245 1979
1245 1470
1245 964
1245 1631
1245 22
1245 1309
1245 1855
1245 1692
1245 134
1245 1490
1245 29
1245 1457
1245 363
1245 1244
1245 1913
1245 1147
1245 1968
1245 1531
1245 184
1245 287
1245 25
1245 1141
1245 705
1245 595
1245 93
1245 1467
1245 31
1245 409
1245 1192
1245 75
1245 1142
1245 255
1245 1705
1245 1904
1245 1121
1245 1639
1245 1935
1245 1863
1245 1794
1245 499
1245 791
1245 589
1245 268
1245 1025
1245 648
1245 974
1245 803
1245 1384
1245 663
1245 1960
1245 1534
1245 115
1245 249
1245 1747
1245 445
1245 1857
1245 1397
1245 1390
1245 732
1245 1677
1245 394
1245 1120
1245 289
1245 1082
1245 1221
1245 187
1245 949
1245 461
1245 430
1245 1127
1245 41
1245 1262
1245 1847
1245 1408
1245 1571
1245 1450
1245 407
1245 1306
1245 1445
1245 204
1245 1277
1245 1161
1245 990
1245 1012
1245 618
1245 1283
1245 738
1245 1440
1245 1410
1245 1017
1245 274
1245 1292
1245 951
1245 609
1245 1516
1245 1873
1245 221
1245 981
1245 15
1245 727
1245 1927
1245 153
1245 1426
1245 819
1245 450
1245 1672
1245 377
1245 480
1245 1544
1245 229
1245 208
1245 506
1245 1323
1245 1414
1245 1773
1245 956
1245 122
1245 331
1245 211
1245 280
1245 1105
1245 1197
1245 1642
1245 1831
1245 1573
1245 1412
1245 1511
1245 193
1245 1487
1245 1576
1245 1612
1245 1918
1245 1460
1245 1895
1245 202
1245 73
1245 279
1245 531
1245 49
1245 597
1245 927
1245 1700
1245 731
1245 1566
1245 80
1245 1265
1245 1999
1245 1955
1245 5
1245 1461
1245 218
1245 850
1245 62
1245 792
1245 1317
1245 1714
1245 1796
1245 1818
1245 207
1245 210
1245 1533
1245 1940
1245 1537
1245 1444
1245 496
1245 1389
1245 604
1245 1477
1245 1564
1245 1836
1245 1826
1245 61
1245 1630
1245 685
1245 183
1245 1171
1245 1383
1245 754
1245 1868
1245 916
1245 691
1245 397
1245 1222
1245 1293
1245 1114
1245 1969
1245 50
1245 1427
1245 278
1245 121
1245 961
1245 146
1245 800
1245 1878
1245 326
1245 1434
1245 98
1245 921
1245 1330
1245 1364
1245 1674
1245 286
1245 1593
1245 1339
1245 140
1245 433
1245 1956
1245 1887
1245 1200
1245 1821
1245 324
1245 301
1245 635
1245 704
1245 885
1245 1592
1245 1689
1245 1907
1245 523
1245 1431
1245 200
1245 1682
1245 1660
1245 1331
1245 1933
1245 982
1245 701
1245 3
1245 1130
1245 834
1245 945
1245 475
1245 1586
1245 1771
1245 1765
1245 256
1245 76
1245 460
1245 1532
1245 1333
1245 1247
1245 39
1245 769
1245 1546
1245 1973
1245 724
1245 224
1245 1096
1245 1029
1245 1846
1245 1911
1245 1676
1245 626
1245 628
1245 1335
1245 322
1245 918
1245 226
1245 1079
1245 1458
1245 1879
1245 1374
1245 1109
1245 1471
1245 1990
1245 747
1245 1352
1245 392
1245 1649
1245 1112
1245 343
1245 86
1245 573
1245 273
1245 1959
1245 1316
1245 1212
1245 891
1245 1011
1245 1409
1245 1027
1245 778
1245 942
1245 449
1245 900
1245 10
1245 1034
1245 1299
1245 1653
1245 621
1245 439
1245 1536
1245 448
1245 1343
1245 489
1245 654
1245 1865
1245 1173
1245 1099
1245 1687
1245 399
1245 966
1245 877
1245 1824
1245 502
1245 1350
1245 1000
1245 395
1245 1781
1245 373
1245 992
1245 263
1245 169
1245 1405
1245 1556
1245 1827
1245 1508
1245 504
1245 316
1245 1351
1245 466
1245 1076
1245 125
1245 90
1245 1278
1245 471
1245 1337
1245 456
1245 661
1245 1162
1245 617
1245 1696
1245 1774
1245 1860
1245 112
1245 264
1245 638
1245 378
1245 1563
1245 212
1245 1224
1245 561
1245 901
1245 1020
1245 1736
1245 1808
1245 45
1245 1310
1245 23
1245 1013
1245 1598
1245 1055
1245 1716
1245 1710
1245 1654
1245 42
1245 1757
1245 1348
1245 481
1245 428
1245 789
1245 350
1245 1565
1245 1056
1245 1686
1245 669
1245 1640
1245 549
1245 1615
1245 883
1245 814
1245 594
1245 232
1245 776
1245 1194
1245 1137
1245 1833
1245 182
1245 1522
1245 1957
1245 1876
1245 1347
1245 831
1245 1258
1245 1281
1245 82
1245 538
1245 1805
1245 967
1245 1665
1245 1446
1245 1439
1245 567
1245 1201
1245 1152
1245 1685
1245 309
1245 852
1245 1683
1245 1174
1245 1203
1245 519
1245 281
1245 1274
1245 1484
1245 1768
1245 87
1245 1655
1245 97
1245 1346
1245 303
1245 1756
1245 1751
1245 321
1245 1062
1245 1231
1245 668
1245 1081
1245 384
1245 994
1245 1227
1245 1402
1245 1919
1245 1886
1245 938
1245 69
1245 807
1245 1501
1245 1561
1245 1345
1245 149
1245 1966
1245 824
1245 1070
1245 1694
1245 46
1245 1617
1245 884
1245 1744
1245 498
1245 1068
1245 1903
1245 598
1245 863
1245 796
1245 195
1245 117
1245 1629
1245 1015
1245 1225
1245 1429
1245 1815
1245 296
1245 1817
1245 294
1245 1803
1245 477
1245 1312
1245 1732
1245 1976
1245 1553
1245 1340
1245 1430
1245 1618
1245 1520
1245 157
1245 1942
1245 600
1245 1482
1245 71
1245 718
1245 902
1245 1483
1245 1637
1245 412
1245 548
1245 1722
1245 194
1245 988
1245 1730
1245 708
1245 310
1245 1864
1245 714
1245 1977
1245 248
1245 1991
1245 168
1245 233
1245 716
1245 190
1245 336
1245 1170
1245 802
1245 219
1245 1761
1245 898
1245 1363
1245 586
1245 1673
1245 131
1245 403
1245 696
1245 1016
1245 1645
1245 1207
1245 1504
1245 1807
1245 132
1245 1720
1245 906
1245 1820
1245 1579
1245 1798
1245 225
1245 786
1245 591
1245 1606
1245 1883
1245 565
1245 126
1245 1986
1245 370
1245 1897
1245 1403
1245 1834
1245 1218
1245 162
1245 1816
1245 810
1245 840
1245 54
1245 1442
1245 306
1245 917
1245 364
1245 1273
1245 1551
1245 1160
1245 1540
1245 1595
1245 148
1245 1195
1245 1031
1245 1420
1245 886
1245 836
1245 1433
1245 63
1245 1695
1245 634
1245 642
1245 768
1245 719
1245 1530
1245 798
1245 1022
1245 1709
1245 1992
1245 220
1245 1002
1245 1059
1245 1899
1245 479
1245 1983
1245 206
1245 330
1245 1688
1245 1228
1245 290
1245 1668
1245 1441
1245 1786
1245 1762
1245 1043
1245 103
1245 826
1245 1476
1245 1004
1245 730
1245 1143
1245 993
1245 1515
1245 1129
1245 557
1245 43
1245 1184
1245 486
1245 147
1245 1254
1245 1739
1245 868
1245 328
1245 619
1245 421
1245 1151
1245 458
1245 970
1245 230
1245 1463
1245 1527
1245 1415
1245 913
1245 592
1245 491
1245 1223
1245 1727
1245 1373
1245 972
1245 497
1245 576
1245 259
1245 2
1245 816
1245 271
1245 1118
1245 1088
1245 311
1245 904
1245 338
1245 1646
1245 314
1245 1377
1245 1425
1245 882
1245 100
1245 1842
1245 721
1245 693
1245 53
1245 1242
1245 1861
1245 817
1245 161
1245 68
1245 943
1245 1251
1245 532
1245 1032
1245 1766
1245 18
1245 529
1245 711
1245 1638
1245 243
1245 375
1245 1603
1245 1261
1245 315
1245 1226
1245 1925
1245 615
1245 960
1245 1370
1245 344
1245 1510
1245 920
1245 215
1245 1790
1245 1797
1245 1387
1245 1150
1245 657
1245 291
1245 664
1245 623
1245 756
1245 494
1245 774
1245 1447
1245 312
1245 687
1245 1892
1245 1198
1245 963
1245 500
1245 1040
1245 1267
1245 653
1245 1862
1245 94
1245 164
1245 1870
1245 67
1245 1237
1245 1783
1245 1423
1245 1090
1245 725
1245 1628
1245 447
1245 1558
1245 1932
1245 470
1245 629
1245 940
1245 613
1245 797
1245 74
1245 1391
1245 581
1245 1513
1245 455
1245 382
1245 864
1245 847
1245 799
1245 329
1245 1632
1245 1929
1245 1988
1245 446
1245 1552
1245 270
1245 144
1245 181
1245 765
1245 199
1245 1035
1245 96
1245 1572
1245 545
1245 173
1245 292
1245 1051
1245 1858
1245 1285
1245 444
1245 99
1245 408
1245 216
1245 244
1245 81
1245 987
1245 1140
1245 91
1245 1941
1245 818
1245 1488
1245 1382
1245 1678
1245 874
1245 1492
1245 520
1245 889
1245 1260
1245 1318
1245 1859
1245 423
1245 513
1245 1845
1245 1399
1245 1521
1245 790
1245 1524
1245 1375
1245 1332
1245 854
1245 872
1245 1108
1245 1804
1245 1344
1245 684
1245 1570
1245 385
1245 1777
1245 143
1245 1568
1245 1069
1245 1599
1245 176
1245 102
1245 1133
1245 1113
1245 1920
1245 1882
1245 1249
1245 759
1245 783
1245 1726
1245 1411
1245 1379
1245 1856
1245 201
1245 1947
1245 1680
1245 1583
1245 677
1245 1981
1245 976
1245 1166
1245 537
1245 737
1245 1101
1245 1528
1245 304
1245 366
1245 521
1245 483
1245 1217
1245 1706
1245 1742
1245 1417
1245 679
1245 1719
1245 1569
1245 968
1245 858
1245 308
1245 1507
1245 452
1245 227
1245 1869
1245 114
1245 894
1245 750
1245 1837
1245 113
1245 386
1245 1806
1245 1962
1245 293
1245 757
1245 1778
1245 109
1245 1900
1245 1117
1245 584
1245 729
1245 733
1245 1209
1245 145
1245 848
1245 1259
1245 1908
1245 223
1245 222
1245 37
1245 1315
1245 761
1245 1177
1245 1085
1245 245
1245 1073
1245 1319
1245 253
1245 205
1245 1428
1245 1196
1245 563
1245 1750
1245 953
1245 426
1245 1071
1245 1585
1245 1748
1245 745
1245 667
1245 469
1245 925
1245 1843
1245 411
1245 1698
1245 119
1245 793
1245 823
1245 1290
1245 1964
1245 1697
1245 1708
1245 570
1245 1978
1245 1914
1245 155
1245 1083
1245 402
1245 767
1245 1322
1245 198
1245 1896
1245 888
1245 1139
1245 509
1245 1396
1245 1181
1245 1468
1245 52
1245 1760
1245 1248
1245 1288
1245 944
1245 1188
1245 1480
1245 1019
1245 1703
1245 485
1245 897
1245 1930
1245 1830
1245 1007
1245 1754
1245 1216
1245 1961
1245 1253
1245 923
1245 1902
1245 700
1245 825
1245 1594
1245 242
1245 1671
1245 788
1245 1474
1245 939
1245 1884
1245 749
1245 1529
1245 741
1245 1321
1245 715
1245 683
1245 1072
1245 736
1245 1169
1245 1921
1245 72
1245 893
1245 1246
1245 1155
1245 191
1245 1486
1245 551
1245 175
1245 1624
1245 828
1245 1287
1245 1915
1245 890
1245 1518
1245 8
1245 1517
1245 1525
1245 1131
1245 1681
1245 801
1245 1619
1245 1944
1245 1848
1245 1388
1245 910
1245 1418
1245 835
1245 1799
1245 217
1245 524
1245 468
1245 323
1245 1923
1245 1419
1245 511
1245 566
1245 472
1245 1581
1245 167
1245 482
1245 1005
1245 1989
1245 1745
1245 1376
1245 1356
1245 525
1245 266
1245 127
1245 141
1245 636
1245 254
1245 742
1245 1236
1245 1338
1245 1030
1245 283
1245 1547
1245 342
1245 84
1245 1604
1245 267
1245 1512
1245 432
1245 1792
1245 1614
1245 420
1245 28
1245 837
1245 1610
1245 58
1245 6
1245 1125
1245 297
1245 857
1245 1764
1245 528
1245 1452
1245 1741
1245 607
1245 142
1245 174
1245 1723
1245 659
1245 1560
1245 1984
1245 865
1245 1466
1245 1839
1245 1906
1245 1089
1245 44
1245 1712
1245 846
1245 170
1245 926
1245 487
1245 1172
1245 415
1245 1067
1245 276
1245 1294
1245 1116
1245 1704
1245 1498
1245 56
1245 419
1245 1707
1245 1042
1245 1607
1245 1666
1245 603
1245 1538
1245 1874
1245 1738
1245 156
1245 1156
1245 616
1245 1589
1245 1063
1245 1329
1245 952
1245 853
1245 712
1245 924
1245 771
1245 1753
1245 441
1245 550
1245 780
1245 709
1245 1066
1245 177
1245 605
1245 879
1245 779
1245 1369
1245 766
1245 859
1245 1917
1245 1840
1245 1135
1245 1667
1245 1449
1245 319
1245 748
1245 1368
1245 787
1245 1392
1245 1336
1245 1772
1245 758
1245 574
1245 1938
1245 612
1245 236
1245 755
1245 1014
1245 821
1245 867
1245 1489
1245 139
1245 1679
1245 406
1245 844
1245 20
1245 552
1245 1650
1245 1597
1245 400
1245 431
1245 795
1245 33
1245 1219
1245 588
1245 934
1245 1491
1245 1587
1245 1567
1245 1801
1245 1366
1245 1711
1245 752
1245 240
1245 1982
1245 1052
1245 1659
1245 777
1245 1849
1245 1881
1245 1985
1245 544
1245 1006
1245 1163
1245 1945
1245 1721
1245 905
1245 1588
1245 1724
1245 1341
1245 676
1245 1602
1245 1866
1245 1578
1245 351
1245 954
1245 1047
1245 1663
1245 1633
1245 1851
1245 453
1245 815
1245 416
1245 1462
1245 841
1245 534
1245 555
1245 1759
1245 855
1245 543
1245 1257
1245 1239
1245 1789
1245 535
1245 101
1245 180
1245 1102
1245 150
1245 1643
1245 1349
1245 688
1245 1770
1245 699
1245 998
1245 32
1245 1393
1245 347
1245 1784
1245 740
1245 1621
1245 284
1245 1256
1245 135
1245 369
1245 405
1245 1110
1245 138
1245 656
1245 554
1245 969
1245 317
1245 1952
1245 1095
1245 568
1245 209
1245 1313
1245 860
1245 1523
1245 1359
1245 1361
1245 909
1245 89
1245 295
1245 1926
1245 707
1245 1885
1245 463
1245 1472
1245 1729
1245 553
1245 55
1245 911
1245 1235
1245 1301
1245 1634
1245 764
1245 694
1245 1238
1245 462
1245 189
1245 735
1245 912
1245 197
1245 1497
1245 1506
1245 849
1245 1475
1245 425
1245 505
1245 1308
1245 1354
1245 105
1245 371
1245 1763
1245 1844
1245 1880
1245 1997
1245 1153
1245 678
1245 650
1245 1122
1245 26
1245 1176
1245 1165
1245 1613
1245 1493
1245 1111
1245 1934
1245 781
1245 1795
1245 1180
1245 1413
1245 1304
1245 577
1245 647
1245 1084
1245 1386
1245 1543
1245 580
1245 1075
1245 640
1245 1657
1245 307
1245 675
1245 984
1245 896
1245 808
1245 1448
1245 1600
1245 1210
1245 325
1245 763
1245 1001
1245 881
1245 34
1245 997
1245 1266
1245 1263
1245 1134
1245 1691
1245 1202
1245 1215
1245 690
1245 658
1245 1185
1245 1785
1245 662
1245 1542
1245 1003
1245 357
1245 1050
1245 443
1245 1416
1245 631
1245 231
1245 374
1245 922
1245 559
1245 1939
1245 979
1245 973
1245 424
1245 660
1245 21
1245 571
1245 503
1245 299
1245 1371
1245 66
1245 710
1245 1791
1245 401
1245 1669
1245 1800
1245 1555
1245 1280
1245 880
1245 1296
1245 1048
1245 163
1245 1743
1245 1010
1245 980
1245 124
1245 946
1245 389
1245 1809
1245 862
1245 1033
1245 258
1245 1233
1245 1994
1245 1300
1245 1890
1245 1825
1245 959
1245 706
1245 1190
1245 1715
1245 465
1245 811
1245 372
1245 671
1245 919
1245 1641
1245 414
1245 751
1245 51
1245 1326
1245 1128
1245 1948
1245 396
1245 298
1245 1272
1245 804
1245 587
1245 813
1245 1661
1245 760
1245 1061
1245 1187
1245 526
1245 820
1245 1154
1245 937
1245 746
1245 1812
1245 1758
1245 680
1245 1658
1245 300
1245 1146
1245 1438
1245 1103
1245 250
1245 166
1245 1810
1245 7
1245 632
1245 1049
1245 590
1245 1835
1245 1039
1245 908
1245 185
1245 159
1245 1584
1245 1850
1245 1545
1245 1367
1245 933
1245 1038
1245 1829
1245 601
1245 1779
1245 633
1245 845
1245 1684
1245 1718
1245 398
1245 794
1245 282
1245 488
1245 367
1245 876
1245 1734
1245 1946
1245 492
1245 1275
1245 1814
1245 1620
1245 65
1245 1965
1245 1971
1245 154
1245 1644
1245 120
1245 1901
1245 454
1245 1954
1245 907
1245 1334
1245 427
1245 1828
1245 805
1245 838
1245 116
1245 1802
1245 1145
1245 1078
1245 507
1245 70
1245 35
1245 1100
1245 383
1245 440
1245 1735
1245 1601
1245 1608
1245 728
1245 340
1245 1495
1245 770
1245 575
1245 1208
1245 975
1245 388
1245 1164
1245 1138
1245 1305
1245 1191
1245 1464
1245 932
1245 1421
1245 947
1245 302
1245 1725
1245 784
1245 313
1245 1074
1245 478
1245 899
1245 743
1245 996
1245 288
1245 1652
1245 1395
1245 130
1245 1596
1245 1284
1245 1625
1245 1398
1245 1355
1245 48
1245 1053
1245 1951
1245 1060
1245 1740
1245 1690
1245 1898
1245 596
1245 822
1245 572
1245 252
1245 1241
1245 19
1245 1469
1245 1651
1245 1093
1245 585
1245 234
1245 1731
1245 1358
1245 977
1245 12
1245 508
1245 110
1245 541
1245 697
1245 843
1245 1905
1245 971
1245 417
1245 14
1245 950
1245 237
1245 104
1245 1888
1245 1609
1245 467
1245 17
1245 991
1245 887
1245 1580
1245 1422
1245 464
1245 327
1245 895
1245 352
1245 251
1245 335
1245 391
1245 438
1245 422
1245 1357
1245 1026
1245 999
1245 514
1245 1295
1245 1811
1245 1230
1245 178
1245 869
1245 333
1245 1916
1245 1046
1245 637
1245 1967
1245 490
1245 1737
1245 1838
1245 812
1245 723
1245 1107
1245 861
1245 381
1245 129
1245 1636
1245 1950
1245 320
1245 560
1245 652
1245 579
1245 989
1245 1353
1245 362
1245 1494
1245 1097
1245 866
1245 1057
1245 4
1245 645
1245 1289
1245 599
1245 1325
1245 1094
1245 674
1245 1327
1245 106
1245 775
1245 241
1245 1557
1245 1936
1245 1044
1245 1509
1245 569
1245 1189
1245 829
1245 995
1245 133
1245 1264
1245 346
1245 228
1245 38
1245 1702
1245 1456
1245 1193
1245 257
1245 1314
1245 1214
1245 272
1245 1240
1245 476
1245 644
1245 1478
1245 1867
1245 985
1245 1875
1245 1302
1245 1889
1245 1204
1245 1362
1245 1378
1245 30
1245 649
1245 1453
1245 1385
1245 171
1245 1746
1245 1514
1245 1931
1245 1183
1245 930
1245 744
1245 1996
1245 1626
1245 1728
1245 285
1245 957
1245 1752
1245 47
1245 1206
1245 1023
1245 107
1245 493
1245 1106
1245 1021
1245 151
1245 1963
1245 958
1245 1175
1245 806
1245 955
1245 1404
1245 641
1245 1664
1245 655
1245 1502
1245 16
1245 1279
1245 1635
1245 1473
1245 510
1245 695
1245 713
1245 442
1245 1270
1245 1819
1245 1909
1245 878
1245 118
1245 1394
1245 698
1245 1211
1245 1496
1245 136
1245 1924
1245 1662
1245 892
1245 128
1245 1605
1245 24
1245 1269
1245 1526
1245 1623
1245 1987
1245 1454
1245 1092
1245 1554
1245 681
1245 875
1245 1549
1245 1252
1245 1575
1245 1853
1245 1132
1245 1167
1245 1123
1245 522
1245 516
1245 457
1245 1243
1245 1912
1245 624
1245 1159
1245 1276
1245 1232
1245 842
1245 1451
1245 914
1245 702
1245 717
1245 1852
1245 1894
1245 1080
1245 1286
1245 734
1245 1400
1245 558
1245 1733
1245 1297
1245 915
0
0
0
999
0
0
999
0
0
0
0
999
0
999
0
999
999
0
999
0
999
0
0
999
0
999
0
0
0
999
0
999
0
999
999
0
0
999
0
0
0
0
0
0
0
0
999
999
0
0
999
0
0
0
999
0
0
0
0
0
0
0
0
0
999
999
0
0
0
999
0
0
0
0
0
0
0
1
0
0
0
0
0
0
0
0
0
0
999
0
0
0
0
0
0
0
0
0
0
0
999
0
0
999
999
999
999
0
0
999
0
0
0
0
0
999
0
999
0
999
0
0
0
999
0
0
0
999
999
999
0
0
999
0
999
999
0
999
0
0
0
0
0
0
0
0
0
0
0
999
999
0
0
999
0
0
0
0
999
0
0
0
999
0
0
999
0
0
0
0
999
0
0
0
0
0
0
999
0
999
0
0
0
0
999
0
0
0
999
0
0
0
0
0
0
0
999
0
0
0
0
0
0
0
0
0
0
0
999
0
0
0
0
0
0
0
0
0
0
0
0
0
0
0
0
0
0
999
0
0
999
0
0
999
0
0
999
0
0
0
999
0
0
0
0
0
0
0
0
999
999
999
0
0
0
0
999
999
0
0
0
0
0
0
0
0
0
0
19
0
0
999
0
0
0
0
0
0
0
0
0
999
0
999
999
0
0
999
0
0
0
0
0
0
999
0
0
999
999
999
0
999
0
0
0
0
999
0
0
0
0
0
999
0
0
0
999
338
0
999
0
0
0
0
999
0
999
0
0
0
0
0
999
0
999
0
0
0
39
999
0
0
0
0
0
999
999
0
0
0
0
999
0
0
0
0
999
0
0
0
0
999
0
0
0
0
999
0
999
0
999
999
0
999
0
0
0
0
70
0
999
0
999
0
0
0
0
999
999
2
999
0
19
0
0
999
0
999
0
0
999
0
0
0
999
0
0
0
0
0
0
0
0
999
0
999
999
0
0
0
0
999
0
999
999
0
999
0
15
0
0
0
0
0
0
0
0
999
0
999
0
999
999
0
0
0
0
0
0
0
0
0
999
999
0
0
999
0
0
0
0
999
999
999
999
0
999
0
0
0
0
0
0
0
0
999
0
999
0
0
0
0
0
0
0
0
0
999
0
999
0
999
999
0
0
0
0
0
0
0
1
0
999
0
999
0
999
999
0
999
0
0
0
999
0
999
0
0
0
0
0
999
0
0
0
999
0
0
0
2
0
0
0
999
999
0
0
0
0
11
999
0
999
0
0
0
0
0
0
0
0
0
999
999
999
0
0
999
999
999
0
0
0
0
0
0
0
999
999
0
999
999
0
0
999
0
999
0
999
999
0
0
0
0
999
0
999
0
0
999
0
0
0
0
0
999
0
0
999
0
999
0
0
0
0
0
0
0
0
0
0
0
0
3
0
0
0
0
0
3
0
0
0
999
0
0
0
0
0
0
999
999
999
0
0
0
999
0
0
999
999
0
0
999
999
0
999
0
999
999
0
999
0
0
999
999
0
999
0
999
0
999
0
0
0
0
0
0
0
0
999
0
0
999
999
0
0
999
0
999
999
36
0
0
0
0
0
999
0
999
0
0
0
999
999
0
999
999
999
0
0
999
0
0
0
999
999
0
0
999
0
0
999
0
0
0
999
0
0
0
0
0
999
0
0
0
0
999
0
0
0
0
0
999
999
0
0
0
0
999
0
0
999
999
0
999
0
0
0
0
999
0
0
0
0
0
0
0
0
999
0
0
999
999
0
0
0
0
0
999
0
0
0
0
999
0
0
0
0
0
999
0
0
999
0
0
0
0
0
0
0
0
0
999
0
0
0
0
0
0
0
0
0
999
999
999
0
999
0
0
999
999
999
0
999
0
0
0
0
999
0
999
0
0
0
0
0
0
999
0
0
0
0
0
0
0
0
999
0
0
999
999
999
0
999
0
0
0
999
0
0
0
0
0
999
0
0
0
0
999
999
999
0
0
0
999
0
0
999
0
0
0
0
0
999
999
0
999
0
999
999
0
0
0
0
0
999
0
0
0
0
999
0
0
999
999
0
0
999
0
0
0
0
0
0
0
999
999
999
0
999
999
0
999
999
0
0
0
999
0
0
999
0
0
0
0
0
0
0
999
0
999
999
0
0
0
999
0
0
0
0
0
0
0
0
999
999
0
0
999
0
0
0
0
999
0
999
999
999
0
0
0
0
0
0
0
0
0
999
0
999
0
999
0
999
0
999
0
999
999
0
0
0
999
999
0
0
0
999
0
999
0
0
0
999
999
999
999
999
0
999
0
999
0
0
0
0
0
0
999
0
0
0
0
0
0
0
0
0
0
999
0
999
0
0
999
0
0
0
0
0
0
999
0
0
0
11
999
999
0
30
0
0
999
0
999
0
999
999
999
0
0
999
0
0
0
999
0
0
999
999
0
0
0
0
0
0
0
0
0
0
0
0
999
999
0
0
999
0
999
0
0
0
999
0
0
0
0
0
0
0
999
999
999
999
0
999
0
0
999
0
999
999
0
0
999
999
0
0
999
999
0
0
0
0
0
0
0
0
0
0
999
999
0
0
0
0
999
0
0
0
999
0
999
0
0
0
999
0
0
0
0
0
0
999
999
0
0
0
0
0
0
999
999
0
0
0
0
999
0
0
0
0
999
999
0
999
0
0
0
0
0
0
0
999
999
0
0
0
999
0
0
999
0
999
0
999
0
999
999
999
0
999
0
0
0
0
0
0
0
0
999
0
999
0
999
0
999
0
999
999
0
0
999
999
0
0
0
0
0
0
0
0
0
0
0
0
0
0
999
0
999
999
18
999
0
0
999
999
999
999
0
999
0
2
0
0
0
0
0
0
999
0
0
0
999
999
0
0
0
0
0
999
999
0
999
0
0
999
999
0
999
0
0
999
999
0
0
999
999
0
0
0
999
0
999
0
0
999
0
216
0
0
0
999
999
999
0
0
999
999
999
0
999
999
0
0
999
0
0
0
0
999
999
0
0
0
0
0
0
0
0
0
0
999
999
999
0
0
0
0
0
0
999
0
0
0
0
0
0
0
0
0
0
0
0
0
0
999
0
0
0
999
999
999
0
999
999
999
0
999
999
0
0
0
0
999
0
0
0
999
0
0
0
0
0
0
999
0
0
0
0
0
0
999
999
0
0
0
0
0
0
999
999
999
0
0
999
0
999
0
0
0
999
0
0
0
0
0
0
0
0
999
0
0
999
0
0
0
0
999
999
0
0
0
0
0
0
0
0
0
0
0
0
8
0
0
999
0
0
0
0
0
0
0
0
0
999
0
0
999
0
999
999
0
999
0
0
0
0
0
999
0
999
0
0
0
0
999
0
0
999
999
0
999
0
0
999
0
0
0
0
0
0
0
0
0
0
0
0
0
0
999
999
999
999
999
0
0
0
0
999
0
0
0
999
0
0
999
0
0
0
0
999
0
0
0
0
0
0
0
0
999
0
0
999
0
0
0
0
0
0
0
0
0
0
0
0
0
0
50
999
999
0
999
0
0
0
999
0
0
0
0
999
999
0
999
0
0
0
0
0
0
0
0
0
0
0
0
0
0
0
0
0
999
0
0
0
0
999
0
0
0
999
0
0
0
0
0
0
0
0
0
0
0
999
0
0
0
999
999
0
0
0
999
0
0
999
999
0
0
0
999
0
0
0
0
0
0
999
999
0
999
0
999
999
0
0
0
0
0
0
0
999
999
999
0
0
0
0
999
0
999
999
0
0
0
0
0
0
999
999
0
0
0
0
999
999
0
0
999
999
0
999
0
0
0
0
999
0
0
0
0
0
0
0
0
0
0
0
0
0
0
999
0
0
0
0
0
999
999
0
0
0
0
0
0
0
0
0
0
999
0
0
0
0
0
0
0
0
0
0
0
0
999
0
0
999
0
0
0
0
0
0
999
0
0
999
999
0
999
0
999
999
999
0
999
0
0
999
0
0
999
0
0
999
0
0
46
0
0
999
0
0
0
0
0
999
999
0
0
0
999
0
0
0
0
0
0
999
0
0
0
0
0
0
0
0
999
0
0
0
0
999
999
0
0
0
999
0
999
0
0
0
999
0
0
0
0
999
0
999
0
0
0
0
0
0
999
999
999
999
0
999
0
0
0
0
999
0
0
0
0
0
999
0
0
999
999
0
0
0
0
0
999
0
0
999
0
0
0
0
0
999
0
0
0
0
0
999
0
999
999
0
0
0
0
0
0
0
0
0
0
0
0
0
999
0
0
0
0
0
0
0
999
0
0
0
0
999
0
0
0
0
999
0
0
999
999
999
1
0
0
999
0
0
0
999
0
0
999
0
0
0
999
0
0
0
999
0
0
999
0
0
0
999
0
0
0
0
0
52
0
999
0
999
0
0
0
0
999
0
0
999
0
999
0
0
999
0
0
0
1
0
0
999
0
999
0
999
999
999
0
999
0
0
0
0
0
0
0
0
999
0
999
0
999
0
0
0
999
0
0
0
0
0
0
0
0
0
0
0
0
0
0
0
999
0
0
0
0
0
0
999
0
999
999
0
0
5
