2000 1999
1230 622
1000 1230
397 622
1038 1000
803 1038
717 1000
1647 1000
969 1647
1141 1000
551 1647
1483 717
1604 717
1716 1230
137 1647
1782 397
708 1038
1536 717
499 622
552 622
1683 1604
539 1683
1612 803
445 499
1789 1782
1916 1789
1858 499
808 1782
1492 1483
1067 1782
1968 137
1229 1916
1625 803
344 397
109 397
1905 552
1451 499
593 717
930 1782
594 1492
1488 1141
1886 930
632 1789
55 137
255 1683
787 632
781 499
1554 445
68 539
1472 1038
1751 781
1909 1230
1665 539
780 1536
940 781
1374 552
426 787
1136 1625
874 499
656 1492
1281 1492
1466 874
1660 717
703 1751
1572 1716
1294 1782
776 632
258 708
335 1625
47 787
1436 1067
349 940
1931 499
751 1604
639 258
1418 1492
460 344
9 708
10 1488
1101 1466
571 1931
864 776
584 1067
975 1660
762 1136
438 539
14 1038
760 1968
1223 1572
468 68
139 445
1814 1223
1297 781
79 1814
1176 776
856 776
837 781
1028 762
1891 864
1946 1814
1832 1625
796 1782
929 1716
1052 1909
217 1229
1947 1554
1921 1683
731 1604
1746 639
1401 1660
1252 751
1478 1230
1268 639
71 1858
1519 1660
85 796
1469 1519
1822 68
1557 1297
1763 1067
1447 940
923 1683
672 9
1806 55
1959 1557
977 864
641 584
845 1782
997 940
1257 930
1336 593
386 255
667 1101
454 760
648 1647
1109 1536
729 1141
805 1789
1064 1916
726 929
1107 726
1165 1257
1044 584
447 137
637 460
1767 454
73 1909
49 1683
1126 1067
1687 672
1941 1612
432 217
1304 1647
725 1822
464 397
839 637
1157 468
74 796
328 349
1010 717
1585 1478
388 1478
616 571
1948 672
1393 1905
515 787
1878 460
1756 1941
1235 1948
1239 997
12 1947
1996 1064
213 845
804 726
134 672
909 258
1497 1136
326 447
452 326
117 776
1074 71
1161 969
1633 1891
1076 1136
1679 1418
1898 1483
389 1230
1237 1418
23 632
1796 1492
1134 23
296 593
31 667
959 452
795 1469
943 1497
869 1281
1317 1492
681 137
60 776
222 60
465 1687
1951 1947
858 616
1365 389
352 438
1173 1281
1247 1044
692 515
673 1612
1596 1064
348 726
1054 856
1249 1239
606 796
1772 326
1991 1336
479 571
1766 837
1764 796
724 869
1499 1767
1994 639
1084 673
986 606
605 1101
887 1451
120 969
1045 344
420 1921
128 397
1965 1941
1712 1909
1514 1472
1939 120
1380 1878
1875 594
1035 796
339 1472
716 296
82 940
421 1109
263 672
154 68
799 1633
1698 460
122 708
1131 454
1577 1107
1847 1447
1202 1257
1971 1931
1643 452
373 975
506 14
1332 639
1452 49
145 1035
1626 725
1339 328
311 1647
1755 1875
595 1101
942 616
124 1336
859 1554
230 1612
1138 859
1977 1268
618 139
1702 213
289 1991
617 1038
1225 335
1969 1557
1682 656
1016 289
847 760
1680 1235
1503 1905
1944 1452
1710 1916
1139 1281
818 795
1709 122
363 975
546 1796
1576 1052
1405 1336
387 1604
355 1680
901 339
1774 55
42 117
649 539
549 1536
1459 355
1706 1365
375 335
627 1492
1296 858
1343 1294
1726 656
1481 1418
480 729
1787 1503
424 808
1404 468
156 1557
888 1336
1031 796
704 1746
1631 724
1989 1339
1842 1472
1433 1796
448 632
1212 1109
562 49
1739 1687
696 349
1454 1469
308 14
1184 1031
608 1996
1501 909
508 584
1456 1682
701 23
1556 605
1215 1891
395 1716
369 649
647 1466
815 1038
883 1766
1564 109
1170 1706
1721 729
1591 1564
1322 1134
1369 845
1547 1184
567 1067
727 656
1638 1787
392 647
1129 1436
1241 85
1872 1751
108 1454
516 1698
1370 468
1670 1991
589 387
588 942
400 1577
802 42
1201 1596
1661 909
771 47
585 997
1930 1796
1598 909
488 802
1733 637
201 1679
13 1661
299 986
1605 1969
612 1481
1821 1393
714 1787
1573 959
652 363
1373 201
1845 432
938 1670
878 1845
418 326
476 584
573 1576
450 1044
777 751
1120 977
1624 1054
1476 68
466 387
536 217
1376 1702
987 1916
993 117
1534 12
819 1107
688 1585
671 516
1490 1557
854 617
1744 777
1307 108
385 1281
357 1201
1747 1212
1491 805
482 1739
610 1747
1827 729
346 803
1918 562
749 1702
1026 258
370 1948
25 1679
1115 1647
1179 648
143 1235
1860 349
876 452
214 389
1973 977
1537 1161
1148 1814
988 594
138 1845
269 424
207 108
1046 562
186 1488
1457 612
30 1625
1831 1698
183 1971
36 139
1313 1577
634 969
1399 1951
1027 845
449 1120
1560 1557
1328 1016
844 55
1701 1225
1384 1860
642 1501
825 344
1411 156
1923 1212
381 154
1613 1046
407 656
1707 335
545 186
422 476
852 567
442 1241
774 567
596 420
431 612
702 424
1410 795
1020 1074
1992 1577
1990 452
1166 1031
1219 1405
114 1996
1523 388
1732 480
1263 977
1078 36
1144 1107
125 588
8 1239
998 1845
341 854
694 1682
1333 777
1684 355
1546 781
1493 1490
1195 1684
1549 1625
829 1546
1309 1931
193 422
1859 1872
1913 959
817 1965
1130 8
1068 476
723 702
1118 1992
1163 1973
1553 593
1298 1472
195 1930
832 1433
495 637
1627 1163
521 1307
660 387
1890 1627
1915 1309
1583 751
1389 25
863 381
1302 14
705 344
734 1821
1181 878
356 1764
1386 1456
1482 1170
563 1472
1158 969
305 424
59 1225
1857 445
457 1878
1029 137
44 1687
1850 447
1217 424
658 1733
686 339
1032 488
1522 183
270 808
66 1313
414 1994
1312 1386
915 692
1848 1549
1753 1297
1006 109
1768 1332
433 805
440 1268
1833 357
958 1136
228 1647
235 1733
1421 986
1569 352
707 139
564 652
668 1482
1053 1739
103 1332
148 1992
1788 369
1758 55
789 1916
1470 385
1904 1447
1040 859
640 930
102 214
1051 837
1288 47
843 751
463 1195
1135 10
1784 716
609 987
764 1782
756 1746
1899 36
1693 673
855 506
773 1537
1942 1946
1615 1384
336 681
1663 1130
980 1247
831 1872
191 1010
884 606
1359 1547
1621 707
1406 1693
513 843
1315 326
1475 1490
345 829
607 641
719 1973
203 1709
453 825
351 369
685 352
202 68
275 1977
1566 235
1635 465
393 649
1279 1470
182 1663
325 701
402 729
232 573
747 1247
1192 495
1543 59
1271 122
1009 499
1480 717
423 1768
1395 1393
1864 1670
1843 139
1808 1947
89 1225
104 422
872 1010
1394 986
1685 1380
663 120
1094 1404
896 122
1425 191
890 536
43 552
265 102
1813 1421
1657 1845
136 1726
1645 1787
1079 193
905 1393
974 1393
1216 138
1539 837
699 448
517 1756
1008 1157
983 328
1609 85
1355 940
247 1685
1013 1470
1950 341
613 1032
1978 25
1704 1027
655 1013
172 1546
664 308
1656 1016
862 1181
220 1848
902 348
1587 1038
1080 1684
276 726
58 1393
948 1522
785 1886
944 1215
1194 1009
1295 596
160 843
462 1864
1180 1166
1360 432
1127 1481
949 563
1151 977
1039 1235
1077 305
1708 186
937 1101
1112 1129
45 1872
279 387
592 864
1042 1158
1735 1930
215 263
1199 1490
199 987
745 852
1669 704
1081 1708
492 55
1970 1469
1602 539
961 1848
1714 1249
754 1557
1246 1077
1954 1859
1711 1081
35 1733
77 825
177 25
1177 71
475 831
1413 1170
1146 1457
1617 1875
1960 1042
1961 723
319 375
250 352
871 1480
525 213
1153 1554
146 1661
877 386
1375 68
933 1115
69 247
1630 660
1385 1898
1387 702
962 114
167 1739
1403 1583
1800 562
1861 1573
1988 1784
867 1217
76 1080
1773 1163
976 1153
1169 1028
1496 466
956 1682
1745 1173
204 1217
646 1194
1402 1229
1341 1360
1122 139
1779 777
638 1237
1901 1215
550 1322
1690 1631
614 1519
706 1496
1966 1822
107 432
700 66
88 1009
718 584
1957 1064
626 1989
1103 856
670 1166
1737 1872
570 1923
1644 714
1757 468
1783 1126
1381 1180
849 648
1099 774
1802 1252
1287 1878
1321 1656
1409 31
1531 1714
1781 1687
1316 780
391 1084
1703 1163
413 1519
1073 1042
1371 447
225 1554
666 707
244 1459
911 546
1689 754
497 1633
24 1201
153 707
928 499
1925 433
1651 864
540 1656
101 1309
399 655
554 1617
1142 492
425 858
404 1703
493 1457
750 1157
1730 719
572 1988
1590 705
560 1946
1823 1257
1804 1491
578 1939
113 1339
1792 1247
697 672
1674 1523
1723 1860
237 1120
1324 1656
1479 819
1059 1878
824 594
130 617
851 85
1741 201
1278 1237
1435 204
711 348
496 1103
1606 1163
903 1399
99 1180
252 719
1504 1112
1582 771
1030 859
503 647
1143 1966
1713 929
166 1418
1956 44
62 1369
86 114
661 1847
11 263
792 413
893 726
1983 250
16 73
1734 1184
1366 1848
53 546
444 1109
1533 1381
294 1380
968 193
1440 552
996 1457
455 1179
1524 1627
1817 1074
1213 1376
1340 578
1121 670
189 1753
188 1547
1530 1857
1920 1054
485 335
1571 1714
1810 1166
1055 1968
559 792
293 1804
954 1491
1664 1617
283 1764
1124 86
1574 1492
72 975
490 1288
1292 745
547 1783
1485 25
907 714
135 837
75 1609
710 1547
6 550
162 328
1775 954
1133 12
579 1133
412 482
1265 1375
1695 1143
17 1371
1354 1142
1441 1591
853 626
1214 1101
813 425
241 647
1269 10
757 1068
746 1983
200 884
1072 1109
1809 1909
1344 1143
1979 549
1489 1133
967 980
1984 1297
1306 1645
1272 888
966 1994
1416 1433
1616 1163
1953 562
755 1103
1168 1313
830 517
737 1577
1880 1534
779 725
1097 1425
1786 1572
487 418
1540 1703
314 1612
1108 1287
437 1576
1484 613
1240 1560
823 1554
682 1546
675 837
973 724
1675 1680
1087 864
1754 616
1795 120
1750 1032
33 1333
1510 622
243 1685
1200 614
323 1768
875 702
150 844
342 255
1090 1539
765 613
1004 1130
1185 762
1323 702
1061 167
1273 1741
61 1177
1673 1698
1417 139
591 961
1349 911
1429 1858
1085 716
1231 1376
1426 1583
1220 1813
1599 1734
1887 1767
1639 1920
1069 1792
316 1192
1276 829
38 1709
1588 8
1172 1231
1221 617
105 12
359 1440
1260 492
1190 1421
1445 1315
461 392
161 1612
1603 125
481 117
456 1421
190 1920
483 1026
63 804
604 1055
290 975
116 455
1799 1880
1464 1587
507 727
1567 1887
1178 1029
121 1603
644 845
401 1459
1193 1144
1541 1475
1759 483
20 1621
1368 1046
56 1501
628 896
1575 1069
1893 1441
809 855
331 638
1927 756
1123 460
1043 481
287 289
469 1766
1500 182
1162 958
1865 779
1175 42
1300 1073
511 323
1580 1575
1507 734
1443 369
403 203
267 1380
291 328
533 903
537 86
1505 1706
630 275
1742 666
210 1939
1640 74
1253 1004
1203 1847
881 188
1325 195
1314 1307
1311 781
1870 540
382 1265
921 867
950 1452
1277 201
1205 993
965 1606
1206 120
240 449
1111 883
1594 1990
91 1905
1091 386
321 1766
408 751
543 1988
748 1746
1473 640
783 1472
744 1531
982 1960
1982 289
380 1010
260 877
1678 1643
1419 1040
451 1756
1486 745
786 815
916 1539
689 1633
78 1146
170 1750
1390 1144
281 42
1086 872
1762 279
1748 1216
1174 105
157 426
1226 1206
1070 570
1284 1178
119 1742
1196 1312
1620 1181
194 1473
1014 1297
914 563
1367 1010
615 877
1461 1971
1439 1035
1882 716
180 72
1019 777
1407 1173
1329 49
1049 688
1021 1070
1853 1006
868 1800
1778 1708
1270 66
1597 573
406 1965
1477 1032
1801 1764
83 731
861 485
80 483
565 466
743 1541
1895 517
502 1747
7 915
174 1990
126 85
1275 1339
793 1079
798 1076
769 293
1881 562
1914 1122
1065 1582
836 1496
218 1496
1985 1564
1327 773
1869 573
519 339
736 706
742 1701
919 281
1820 469
713 1021
312 336
142 1206
733 843
1974 1386
40 1690
1839 1946
1261 1046
906 1661
1017 704
600 1042
1345 1751
828 1389
1015 1598
990 138
1649 1984
1593 177
1718 760
430 406
922 1215
1555 388
1348 1755
32 713
1952 786
677 749
1117 357
576 1682
971 549
1840 1804
994 1031
90 615
1256 1401
1879 1247
1318 1693
752 485
368 1881
1218 139
778 831
219 6
274 1630
1358 457
991 1418
152 1199
1618 386
1037 1925
374 1712
624 869
526 915
936 971
1902 596
1928 1499
1938 1490
1677 351
790 1536
1002 287
224 1764
960 560
528 1221
889 1077
132 1510
1720 1163
556 863
1058 954
1851 1221
1517 792
41 1534
48 719
870 699
1114 996
1450 790
1056 1215
1060 1404
436 1151
1050 1421
1581 1787
1527 1756
1803 1404
106 142
1378 109
1655 1279
100 750
1929 1682
340 130
1244 1808
1897 105
5 584
1412 1929
1232 1649
1998 1226
555 965
1 1393
598 1739
1003 1956
169 77
1654 1317
1608 1426
310 1158
721 555
1502 616
1363 287
1362 1117
284 1239
1286 1199
1877 515
1063 1723
1532 1613
1397 1713
4 889
184 776
739 167
416 1270
498 1231
1474 68
15 1939
934 154
1999 1674
1106 1257
693 1809
171 950
1975 1366
1642 1470
1047 1027
297 59
246 1577
1611 311
1471 1928
285 1040
925 1630
1012 1122
1876 243
669 325
532 397
932 122
1937 1298
1873 1928
822 1564
886 769
1691 1746
1811 519
1119 837
446 1773
367 1395
1652 341
1697 1278
679 1177
611 594
301 559
1910 1260
1607 1199
1125 124
840 162
1932 1021
2 40
1337 1969
81 1652
603 1971
741 1485
557 1607
227 1547
1883 727
417 395
1888 414
1392 944
236 934
1420 940
192 1343
1431 938
653 1410
992 1697
1224 557
1885 551
1894 1433
1290 444
286 1223
1438 1809
1377 1804
1692 773
1838 1772
92 241
763 1119
510 1039
197 688
833 1651
315 244
1797 1929
1308 1472
1155 137
1408 1040
358 1464
208 1814
317 584
376 1349
527 1753
531 933
1722 1539
1955 1166
1671 1136
1171 125
1826 1611
409 1094
1731 1809
683 1261
821 76
1561 1778
1563 433
1204 1340
1347 172
1940 1847
979 136
1793 809
1648 637
645 914
1259 1056
772 215
740 849
657 13
209 1859
21 490
985 1099
1819 36
835 420
1041 1349
272 1883
662 696
1740 209
231 1411
947 1221
1508 973
866 291
410 567
695 1764
149 983
458 1814
1945 1472
396 1006
19 232
234 1691
1765 1086
581 614
1236 1076
52 1275
22 1063
767 1012
163 742
337 1821
1658 1341
1025 1410
892 762
332 832
984 707
1815 572
384 688
405 634
478 1702
3 400
1145 152
29 1345
1305 579
34 396
494 218
249 1215
910 1804
486 1493
788 1261
259 1674
601 708
687 1367
728 237
676 38
1981 1409
1415 1367
941 1074
1636 789
846 351
1688 1171
665 1337
602 1631
98 1219
1884 1675
1935 1802
841 1246
165 1848
1798 1475
443 210
544 1631
1319 1065
1776 391
347 764
753 745
1005 214
477 1905
1361 1877
908 1657
891 1287
1182 52
1834 81
1487 1013
899 1142
1653 975
522 445
1396 516
850 387
245 498
158 932
538 785
1299 1804
1936 765
1715 89
1128 1843
826 369
1352 188
1398 1843
97 1168
1414 331
1818 756
239 114
306 1630
530 250
1614 779
1096 616
1837 819
500 1201
168 1888
1551 1166
1262 1015
1391 1942
1578 1499
955 452
185 559
812 1369
84 544
1854 748
1862 1366
542 613
1242 1196
398 938
583 1609
229 796
141 396
1600 1166
873 1218
1248 1084
939 332
1719 808
54 1823
759 1948
1579 416
1650 437
931 1887
176 218
650 1826
1198 1129
1088 21
257 950
434 1391
307 145
1805 1395
1233 258
1943 10
334 755
806 911
1283 1647
926 1658
1841 1716
582 1324
394 388
268 1698
1963 1253
1353 601
1729 1679
248 668
1717 1412
181 84
1550 186
1993 1296
366 1869
520 844
1980 1670
57 1080
271 685
918 532
972 384
1824 1717
264 673
621 739
678 1377
277 270
1422 106
1267 1225
1565 1739
1222 1591
1083 902
1949 1775
441 1118
1160 1643
1559 1848
1152 1683
278 357
1917 1221
1494 1857
580 805
1825 263
1351 1703
1189 731
309 640
1743 1999
467 1355
865 143
1254 1037
1154 1439
1545 276
144 1313
473 1349
1512 1416
1589 670
1208 693
133 1973
1023 194
1444 972
912 865
46 1351
1829 804
216 1797
1646 1820
1400 1894
766 241
1467 1578
1280 236
37 449
1098 32
1509 872
179 1873
722 1879
512 965
569 1256
1274 1366
1228 199
1770 332
1291 305
784 1195
1338 706
1568 668
1156 630
1725 385
897 1000
529 1645
1836 1801
1521 359
1889 1355
1442 954
1863 370
735 137
303 1557
1987 220
800 165
1266 874
1186 812
1183 965
65 1990
419 1543
1525 89
1113 35
1828 1823
801 1569
1924 455
953 1607
917 1801
820 1031
364 285
242 657
1243 990
857 628
302 247
1835 451
427 183
1634 628
147 771
322 1231
300 829
1460 1221
1812 1156
635 672
814 1098
1777 193
112 1213
1293 1189
568 201
1334 1929
238 416
1379 215
1672 1843
1728 244
935 1008
1896 569
1595 1767
898 144
1785 1287
882 36
1382 1232
474 1716
1187 1338
1092 821
1468 432
1465 1670
879 568
1149 1374
1912 1745
1807 1322
1907 1239
1007 1998
1250 1546
791 1697
586 677
1033 693
428 1725
472 755
920 864
377 195
365 275
1140 1292
633 1052
1104 474
1874 601
1844 932
282 1337
566 804
39 713
548 1265
1780 1499
1790 1049
1245 1085
411 89
963 545
995 1187
643 53
1900 678
1962 641
577 1532
1586 122
155 279
1506 1572
1132 1806
470 1433
945 644
924 1249
226 1190
691 571
253 947
895 910
1022 248
327 888
1289 564
1520 147
1535 666
952 601
1666 194
775 183
913 1170
1727 1112
1919 165
842 102
684 1653
574 1714
484 1200
1301 868
67 579
631 1990
1364 1674
1424 1633
1791 726
509 1119
1066 1841
1089 1507
27 1690
768 486
1455 803
95 1144
880 1555
330 1949
1463 1241
1264 1827
1331 1616
50 1157
1071 1927
1383 934
1558 483
1207 931
1164 888
1752 1300
1326 916
173 1256
1610 1275
553 327
1967 1132
1342 574
1034 3
1659 1283
1320 733
1686 1927
1330 692
623 791
523 1294
978 1838
1515 977
329 1561
1908 267
1116 44
206 1532
429 1242
251 1257
1868 3
435 483
254 1235
848 635
378 412
415 322
561 1872
1310 1389
1449 1550
1137 1793
1548 1029
1668 1959
304 1747
64 1037
489 251
212 1124
1976 831
1495 32
811 1247
501 1063
1601 1476
111 1539
964 556
1518 1230
1570 1663
187 1883
1448 1843
1303 1888
730 236
1997 1397
1699 1151
1255 1173
1159 926
1105 1044
1285 812
951 1570
770 1471
1234 1435
353 480
620 496
1986 1195
504 571
514 95
221 1975
178 1943
273 27
1816 1056
371 1549
1251 591
1057 1974
343 544
651 700
1846 880
18 956
1592 1297
1738 1206
1357 624
629 1203
1696 605
1210 440
782 1355
1552 1713
636 1228
196 1567
1100 1952
320 408
534 1699
827 483
129 58
1749 997
1356 1485
1095 349
223 111
471 260
654 398
1423 937
1188 1142
1197 1804
93 554
1667 786
131 1276
211 425
1972 1386
1538 153
256 921
1542 494
1926 935
1282 348
1428 50
590 113
885 181
1705 941
233 373
1498 802
123 1131
1760 1297
524 370
266 1589
709 1264
110 1627
720 1217
1934 796
1637 1449
1018 47
96 1107
599 622
1903 309
860 1842
1629 17
324 1267
1093 21
1102 780
1830 1762
1437 124
288 83
338 116
118 1215
1458 1609
834 1012
1150 36
1434 1327
379 334
1736 1170
350 1561
26 932
900 623
1024 928
575 1198
1700 279
1866 457
70 1749
1511 1049
1562 830
1513 570
1856 328
383 608
1852 1284
140 1362
587 602
927 1976
816 265
1662 1587
491 1135
738 347
292 232
318 835
680 247
1892 392
198 1890
1794 994
115 654
1526 1129
1849 102
1584 468
2000 1438
205 1684
390 1804
295 578
698 640
1258 1409
1529 1530
354 76
439 896
261 1633
1082 324
159 244
1011 201
1211 1456
1191 1463
597 1360
1147 1747
1623 84
1430 154
28 562
1227 704
1632 1527
894 887
674 1541
999 1307
94 988
659 1925
970 1345
619 1203
981 1504
758 39
712 446
1769 662
175 1650
164 1020
1619 1128
372 699
807 756
459 1082
1855 615
715 1818
1446 516
1867 428
262 1651
838 317
1933 1859
1544 1133
1238 1804
1724 1623
1453 1523
732 851
625 101
1427 1948
1906 1414
1335 587
1628 828
1001 995
535 953
1388 177
313 398
1622 79
280 1550
1771 1951
558 1032
1676 1928
1346 593
1528 380
810 1460
1694 178
1432 512
1110 656
1372 898
1761 1673
946 620
794 1071
989 1262
1516 850
1958 1301
957 374
1871 1246
1911 1058
51 835
505 1671
1462 1485
333 1834
541 1018
761 648
87 1398
298 10
1922 1391
1062 567
1964 1532
1167 346
518 392
1048 1541
1075 225
151 225
1209 567
1350 196
690 916
362 761
361 1946
797 1038
127 1980
1681 1655
1036 1884
904 536
1641 337
1995 1028
360 437
402
362
316
389
403
563
452
753
960
960
584
914
803
956
385
583
561
114
324
504
333
321
907
609
783
79
157
54
314
771
902
435
534
312
643
769
230
522
185
442
413
846
681
730
653
233
964
413
928
154
16
322
582
268
978
502
254
661
731
899
527
586
514
134
215
726
161
974
636
78
943
569
928
923
564
630
643
471
953
454
361
876
455
277
942
586
13
623
685
431
479
350
103
53
157
87
285
302
591
405
607
713
717
685
521
407
624
811
983
89
130
204
597
755
66
513
911
82
466
883
510
873
96
858
753
451
3
882
107
594
102
416
235
913
565
678
993
774
954
72
271
443
781
238
864
638
206
716
326
531
10
425
609
875
176
841
467
288
56
659
518
563
320
46
300
588
632
280
400
470
381
667
150
452
46
267
642
117
229
460
257
696
770
389
278
773
129
575
576
514
704
355
748
464
744
109
349
66
649
557
803
699
699
627
65
142
774
347
333
488
102
133
913
776
650
232
949
449
426
665
118
899
105
420
612
173
359
723
272
858
329
689
96
324
721
355
596
202
284
480
559
210
533
611
289
378
670
257
310
639
141
591
170
139
978
100
265
965
307
476
59
39
875
251
681
94
491
258
774
727
253
330
117
426
698
662
250
244
653
27
470
186
570
392
377
352
496
83
857
513
490
69
571
579
63
903
379
13
803
206
365
209
219
135
733
284
265
828
241
398
861
444
27
543
349
522
347
69
640
108
478
206
532
84
694
911
168
923
143
156
498
319
14
261
965
705
320
82
877
404
752
531
115
984
701
785
298
891
962
79
699
895
122
60
847
736
789
347
521
0
6
7
851
211
188
255
368
428
822
785
116
44
866
423
843
346
188
139
80
476
764
485
75
318
791
932
848
922
907
63
613
812
697
260
823
324
999
273
607
808
506
690
491
606
317
457
763
478
341
327
182
562
612
726
139
388
357
799
215
882
876
761
686
842
606
971
208
190
142
437
759
927
724
265
140
411
541
957
60
724
246
760
300
582
990
369
929
835
768
798
474
911
699
931
578
516
731
326
42
960
519
659
711
926
897
796
240
954
496
175
105
190
238
196
642
799
297
316
889
842
516
787
514
161
572
308
544
805
134
569
70
648
606
311
744
592
610
387
992
281
131
453
589
118
15
865
512
825
157
350
494
228
702
118
918
810
674
11
447
255
741
292
144
95
638
422
346
419
222
283
345
374
490
107
29
796
490
287
991
608
14
274
477
300
761
849
567
184
845
626
995
992
150
607
402
415
359
25
571
603
139
834
734
719
454
186
815
203
227
622
959
604
798
162
79
433
179
600
562
243
323
261
273
957
806
190
72
808
809
97
526
652
983
981
859
760
55
401
86
440
306
302
360
513
884
890
701
826
710
786
365
803
669
624
462
921
856
857
50
119
251
1000
145
423
34
623
843
502
112
489
161
979
187
769
205
110
929
626
961
713
933
765
179
507
335
627
821
931
846
266
114
800
355
104
668
969
334
728
52
739
586
330
683
666
303
611
932
717
374
622
794
936
892
53
537
305
435
251
367
67
900
538
341
162
699
728
306
794
472
7
172
893
381
752
326
832
596
62
675
624
824
759
967
839
737
624
719
993
94
564
593
48
444
802
41
876
997
623
700
89
398
228
747
888
926
931
813
305
931
128
946
34
443
736
219
447
548
70
389
334
359
445
453
477
649
558
688
477
785
605
961
429
297
645
549
710
558
49
268
955
14
957
350
710
529
231
321
157
450
122
807
334
706
760
165
965
798
427
546
972
977
111
477
225
661
474
977
307
715
420
190
584
451
17
902
950
4
450
875
218
214
808
997
913
931
261
43
988
499
22
132
277
559
205
821
71
747
852
795
211
340
371
539
594
765
285
107
440
749
549
704
744
349
81
331
449
951
39
925
363
301
163
711
766
933
303
854
139
619
290
593
761
559
793
707
951
209
897
858
85
455
665
737
958
240
328
631
457
900
413
639
685
271
969
532
777
637
800
194
156
486
197
821
704
97
371
884
840
418
682
295
319
584
54
169
682
222
198
293
79
846
665
592
1
677
441
566
295
912
309
610
234
165
463
726
474
211
253
445
189
485
436
936
174
377
261
72
609
950
982
268
373
637
384
201
422
653
800
270
972
304
859
902
660
174
18
329
661
657
484
122
165
211
571
278
628
17
723
902
419
646
633
180
130
481
551
554
579
997
51
433
253
537
677
957
629
934
144
335
704
50
477
674
319
332
885
796
775
17
439
425
354
796
432
180
578
932
753
53
999
30
420
401
529
297
725
191
674
686
923
56
375
670
464
439
855
440
87
460
758
457
168
235
79
319
785
768
951
730
590
839
727
190
150
877
1
424
998
655
714
331
652
497
929
883
774
380
11
457
411
711
949
717
891
571
412
115
414
595
411
528
12
391
931
450
157
987
747
522
466
153
557
612
910
10
909
654
754
677
664
648
57
248
885
525
469
535
266
157
531
478
195
83
683
105
282
546
229
619
109
960
83
623
187
123
383
930
542
931
19
479
653
214
413
782
142
434
746
369
798
576
626
497
569
364
928
657
286
812
747
871
175
562
906
710
971
138
858
853
188
996
606
589
753
316
641
55
775
194
81
656
245
638
239
348
223
925
734
125
246
910
496
746
151
930
756
11
549
629
818
343
521
895
467
495
953
642
511
781
658
736
294
216
828
529
216
195
104
241
519
56
688
505
660
749
465
103
266
650
532
808
870
487
338
483
481
151
236
10
111
56
834
577
559
823
676
729
428
756
524
521
248
954
354
856
466
54
227
985
999
525
402
263
122
916
322
907
36
915
539
811
274
209
404
182
645
894
271
890
191
115
945
487
239
125
430
932
62
334
521
442
280
754
156
562
217
249
943
559
457
687
553
527
227
451
522
483
593
697
231
968
98
261
466
123
392
618
711
168
352
226
569
204
967
659
843
953
745
287
494
161
737
128
927
314
553
792
348
748
139
485
726
769
486
702
613
900
429
298
147
617
816
529
595
486
151
448
766
458
145
156
865
752
203
31
932
362
224
862
577
626
150
843
556
440
23
338
436
526
9
242
285
258
561
671
106
113
426
703
658
296
392
397
160
896
582
463
502
816
810
612
18
800
972
637
796
351
406
202
879
619
197
152
766
634
736
634
29
737
470
280
357
919
684
685
291
390
285
769
231
945
627
632
841
848
703
458
348
616
758
764
403
641
285
305
550
527
960
475
355
719
249
104
159
682
525
33
97
526
54
355
21
837
80
593
963
83
351
461
579
560
220
493
234
519
40
936
128
138
412
983
865
35
832
157
825
772
82
844
205
461
15
156
512
195
968
231
195
941
715
378
974
477
385
701
797
456
944
595
686
842
735
995
539
566
474
293
981
555
793
788
988
749
243
132
628
912
96
886
496
826
397
854
591
490
176
493
328
229
533
77
237
76
880
144
17
414
129
943
168
221
727
755
578
215
66
410
23
61
574
615
391
580
795
167
993
775
100
675
544
505
99
687
38
239
749
815
136
749
256
280
111
746
975
436
824
939
152
245
766
339
76
338
820
249
697
511
223
719
129
572
967
801
569
502
848
871
279
268
493
411
590
738
65
922
177
664
521
237
603
817
113
437
479
200
892
457
806
524
271
131
647
518
995
803
592
365
399
672
150
378
990
763
282
706
550
641
424
44
465
703
27
55
797
984
863
743
30
84
634
839
54
909
207
697
304
89
813
523
488
1
381
867
621
678
232
997
335
438
268
608
368
292
399
406
666
679
319
148
967
807
71
705
570
973
165
102
135
649
810
345
202
527
596
536
24
420
475
908
854
2
855
991
751
684
146
928
303
610
625
370
351
707
22
561
112
368
874
126
78
766
857
613
669
97
844
762
654
851
853
644
881
589
646
286
993
257
437
270
415
818
345
596
36
222
843
165
202
258
604
341
754
804
582
651
80
622
113
833
330
593
489
241
792
628
945
789
467
106
534
974
151
725
535
860
916
620
716
504
95
18
468
938
888
323
889
929
725
47
226
26
890
629
846
562
298
204
457
626
183
615
993
620
710
198
544
842
716
988
183
159
596
335
66
534
906
349
300
512
632
455
618
408
601
264
935
192
685
556
572
369
205
680
954
318
116
577
284
332
445
802
940
602
251
242
343
785
214
232
83
771
950
724
294
209
221
281
351
442
433
261
837
685
186
800
114
870
726
65
729
414
74
457
277
42
76
731
988
748
777
632
276
220
685
495
78
39
141
447
485
17
811
372
187
878
375
392
917
430
546
450
461
358
302
353
981
523
357
221
739
950
67
500
353
453
200
403
908
709
179
626
421
85
715
983
31
192
143
974
365
17
193
748
450
738
988
243
785
164
573
947
12
764
214
609
99
497
421
405
806
961
362
38
89
301
286
373
421
880
336
927
706
262
854
325
950
948
919
248
670
897
435
549
644
345
588
623
17
935
640
640
179
258
12
881
624
150
985
856
647
868
101
775
443
381
133
857
669
555
254
305
476
583
553
448
119
218
632
838
756
889
758
256
885
1
914
127
402
383
65
