2000
587940 282463
439871 630010
916525 905494
98034 954865
512110 928109
623323 421357
594896 885895
517516 243635
669258 82212
326628 482726
429392 559009
717815 871292
606052 26261
517719 801193
551348 556227
776406 138151
697084 86895
405117 99568
838122 410716
160142 637305
760894 784610
989447 571748
260932 37107
732744 335775
876491 799940
594059 407392
834053 862876
136425 534872
203853 716162
482745 940470
398400 365581
988454 548026
121951 943301
518879 296202
137846 578722
796579 778347
836584 15860
802600 431513
526475 36162
787537 766833
980557 836576
615735 112638
168343 418455
695711 681612
35690 521545
972434 94734
834620 566975
302438 682267
557580 380696
60620 972595
685495 542599
308951 79595
884379 859122
214503 298041
17829 852786
629630 175913
90639 6429
979805 478900
663572 957430
911132 524562
657548 223708
939614 116335
56163 46958
779777 900670
472953 49328
535873 216405
607621 828934
622923 93335
842856 74998
767895 615943
830537 869942
222903 691655
321851 973414
147526 951357
442307 933551
651959 803064
106872 172232
160662 417698
388027 20935
481219 858131
372304 245708
723792 990215
883513 158305
100848 331580
572063 928566
94442 571391
294893 448198
293712 800050
1123 375816
552612 297041
406152 721617
369627 592286
13456 379001
276411 782670
739357 477297
848199 588419
567799 417218
810815 823024
370371 305445
255577 554608
484211 600160
822110 989860
318020 696006
672708 320624
299416 27081
156022 554183
978010 598295
868524 394764
642693 709505
783387 790974
987270 943164
764688 352662
892290 35740
95777 563899
810417 920365
620774 234388
989258 305310
436310 533992
492632 373802
704067 71867
528883 53400
195437 209417
684158 178888
977873 404193
324189 56198
766546 736811
146443 513046
296703 574027
746951 237150
285528 866622
169661 557884
36890 406343
507452 527238
481515 59761
548535 995239
953748 444008
608121 738469
393213 645469
212680 29706
660757 614727
4842 495465
669836 54040
646787 998401
339999 100457
531043 495482
4856 359608
234987 946732
861757 644328
973244 280590
367967 950710
733964 121600
10069 244855
391678 962869
210242 375802
122987 983985
730019 858534
600545 446612
850969 483549
517190 105611
783731 715268
976801 926978
873583 907084
548769 573762
44630 278594
717050 519815
204591 107601
920410 533592
101128 232851
73864 479611
124991 397882
528318 279937
488249 41818
978281 130330
552128 973661
174337 879666
790029 812973
612556 794294
159682 617003
649404 766175
837987 517290
574790 601269
618850 245968
896501 835488
12481 15711
106796 210487
963100 932091
74898 179001
987089 803727
840210 938714
724169 357935
703070 757593
332199 186126
368419 794415
880268 14889
261042 176432
889892 470902
952090 337947
206795 700246
670106 747643
59414 423892
326868 569615
573063 418425
481115 965420
464051 641599
613256 123648
860633 428657
594210 125800
690555 553586
348283 762199
254571 985298
111994 994198
859539 318433
2871 228876
65887 669249
671986 765642
596971 524260
204759 499948
171167 793133
551966 996411
794757 873423
425085 191786
43611 5872
771965 393138
993761 125542
535465 793169
374593 399815
61505 806953
347120 736822
335459 201216
800435 795344
796937 11885
684802 694243
839385 819552
272277 499454
300568 609508
632344 870331
861582 627256
265333 123445
753833 423535
440366 417332
957247 366815
813759 392059
289646 613043
73861 610294
491490 699740
536965 360415
534888 942425
804045 671693
401081 351219
71992 642781
496618 564138
863933 446496
322709 112217
250868 455912
519459 19906
11210 344207
847136 566626
847080 200165
93973 643003
456540 115253
333387 370562
491709 120578
731960 539197
664506 511544
60378 740809
140926 173136
135952 131967
691036 463515
848910 714254
2023 551173
556757 218471
626476 446075
958792 594029
553315 850108
610677 869024
340519 185544
212254 358167
357748 684870
631413 388041
732367 670951
956029 784073
988 487230
843179 626601
468032 67179
7000 818431
467292 273376
824366 20985
543233 383381
87619 790185
999582 677656
952959 685463
752330 560065
719839 427843
383467 179249
729812 339184
22717 48208
14861 666863
148932 919811
491872 415338
853481 927537
540633 31504
996391 539160
48536 753949
518725 974828
945623 511014
187596 401347
118174 141269
911179 499620
23645 97709
326271 329701
140391 24871
162982 661685
206558 765605
487374 679571
370733 513544
955318 581585
520484 122761
847631 888612
344379 148401
716035 102325
710059 810418
568932 998588
918756 338222
320846 704175
776420 554167
703739 290364
390700 63199
632834 416340
122550 777984
9719 93443
936208 938575
397875 699789
395005 528385
492936 107623
34888 573515
220886 20390
384552 369255
21234 44081
417085 700619
442995 386395
663994 599196
262126 138358
870496 568553
110500 685487
761422 403759
289470 739592
790466 147452
971724 435087
466456 164890
784967 797291
472918 833889
732971 205047
153965 428760
309041 820615
945974 119217
904052 555650
255331 134491
82529 627204
976922 825162
171685 958874
801278 616389
859798 163138
375326 729364
284794 899130
760927 243948
209273 616269
146353 132056
801657 978240
55567 351036
293097 302137
847445 480218
682777 948133
594916 305270
456140 285889
82085 434367
629229 255812
431539 323476
158260 442097
352313 260842
348377 757692
652893 584867
370078 304051
494284 169948
140755 846957
181062 775957
845399 311980
265034 440605
590593 186005
282449 3433
914806 395704
821124 626488
516692 678892
348381 586996
776097 249355
98019 865427
401366 778076
62485 368600
817402 840656
939723 841545
590635 533258
640004 797714
183761 589460
653071 440737
570912 220938
224911 886731
806426 380109
174816 457529
183778 744001
111449 857114
864241 901545
398684 851183
303009 558051
864266 351653
692941 728437
834526 755408
9154 680318
731119 108282
205148 9343
629207 196730
388750 583484
677264 526730
667590 244659
157273 383853
838662 13652
45584 642443
316461 932509
21298 956961
966983 595981
212981 612095
700628 721091
25738 723737
871137 695996
914544 546194
902503 682129
477233 993014
191221 907955
316314 561497
826847 347774
524220 505916
742136 675403
35798 655818
767852 110002
566046 340442
157882 314606
790776 938250
692057 145258
641178 800805
831557 877417
760840 841095
773492 422026
523376 216656
155834 73140
657423 449034
674333 648570
236701 892020
714765 992506
104908 420261
483035 564553
74764 654819
122229 619465
688414 121398
124415 720512
372671 196279
173828 431791
525653 497686
98857 864191
304994 207931
696309 599106
255562 72038
554343 359450
431160 949891
487284 319606
439296 36767
498814 447393
999508 35788
771953 875503
545869 405639
417063 129752
720088 272099
622842 879101
600256 245058
973592 265463
358540 287133
888458 569775
302760 215984
509550 972993
879765 805226
786062 261732
165141 994951
870295 918015
868222 192236
508039 414460
173010 716381
146705 100752
641679 861094
54172 107552
837112 296394
987784 392407
812502 477876
280577 226132
564924 465896
316227 575666
729937 737401
676728 417265
337951 121984
418260 62765
227860 334902
69622 159986
538758 472504
714662 660879
497496 155343
10143 691283
514220 779300
291995 758741
845785 475028
898852 581771
153365 448683
54426 370357
37902 717788
109705 456291
962425 829444
387414 588875
222239 23083
373999 45118
899838 38011
470173 265040
604580 394777
396965 662765
389575 111583
311547 657928
348306 933311
98940 937446
235407 939968
676524 841205
997698 948613
623937 897163
739740 844787
148112 998093
854053 994387
895038 948163
293858 313868
163379 3543
535091 703930
595326 820150
962537 490485
232374 926612
132858 563679
793049 198194
390731 811860
889513 884031
154524 750276
128524 777768
343443 147233
52200 29072
179365 594797
686511 957390
368084 687823
700648 192829
781936 456164
185139 211110
593877 109557
696221 431495
346018 493562
45552 856767
923191 929394
859218 238624
193884 99945
512475 908665
878929 279018
651424 534994
294069 602954
774465 528822
495627 505945
55602 934676
631044 659269
430405 820661
946086 393088
896834 559909
256731 78710
277500 483979
50296 639244
8383 33373
545946 600931
958844 749969
530799 874076
504178 862540
416239 984675
37402 84087
262883 50005
321864 65393
123114 66472
249544 169493
134383 27195
891046 597278
176901 969133
908017 592066
326876 795608
42216 297625
865033 890094
960873 609779
591299 468693
773004 460147
870904 324948
766484 90107
582654 556322
379493 953749
894334 400367
914462 954554
757044 696525
113668 271170
210775 649961
260460 561857
199946 651874
466616 81784
941135 820371
199092 506838
360416 121144
928195 707295
273978 68677
495863 375073
133237 932286
495994 394371
500545 261628
128645 233450
215636 633887
103203 819248
86889 97561
12651 366694
19401 927591
672343 72623
746524 708909
801809 206292
927967 601906
776076 908860
795337 500419
833003 795706
507956 522922
792109 132679
324020 364397
646711 805017
99287 937371
411828 60957
963220 546549
122328 828243
607902 792090
211809 241376
643237 534171
574576 773373
205993 798817
213663 714717
418967 77579
596629 203719
25757 764353
221000 583106
411032 134020
718740 69165
921138 361848
790588 122007
738371 806569
917892 53587
635336 200547
744421 219227
819569 79474
233551 603719
639279 131991
703587 188601
225621 51372
424518 625168
640205 342675
277288 466024
592852 332235
59336 712119
221303 408368
407646 274635
58380 172756
344046 437216
234926 652519
862562 744630
610915 663855
398733 148215
644801 814567
62753 194358
80655 328877
555614 507200
406330 340144
25766 501566
329616 75116
557024 791525
942180 422673
74768 363532
978813 550989
679047 938756
23954 982668
556564 432694
417449 795878
334987 295995
212768 489227
697167 479479
292944 792261
611039 636049
288552 608584
137706 234000
418196 980819
689863 579502
102655 108241
360648 246417
632301 27758
262504 227629
604760 117316
355233 188474
956838 809580
293540 455226
999188 253591
335133 709668
976478 174758
106053 367344
793091 24632
339008 72512
619580 940254
320387 73356
887488 605179
889246 843400
391903 134150
198864 953687
173945 231163
775946 825238
101923 278113
682933 92302
518281 937702
38337 858999
594032 909906
254251 509210
606631 453506
535609 34337
963620 609111
787979 946306
760011 689478
534705 911675
529460 339729
339197 337863
174826 796572
319334 808386
397670 492764
479647 731743
657800 742195
689263 124509
857499 505640
46756 260545
659139 248669
763205 46973
628050 822841
88654 399645
517182 905919
183138 51546
96 844660
596430 790218
530711 820085
333284 437555
529601 275870
689072 532001
663179 237296
850973 746356
894007 910756
449897 349900
804088 204663
113434 862863
346777 895869
931268 505197
303394 23114
361323 568534
652512 5066
746462 51586
153938 344873
744622 280568
750986 167153
903603 573865
643227 254395
933243 162885
547922 128135
72198 351984
553889 833863
201685 599201
586959 809509
703685 738034
284413 244661
785781 252445
163587 650475
484449 446721
600566 832088
607987 871008
122689 633846
554082 444368
29030 222559
50696 947295
125144 868006
534620 410737
975129 563370
320305 833555
827453 985013
964097 154187
711941 164634
230556 376120
767644 132871
933562 398962
609295 845449
498486 458562
683793 362528
55562 156301
24875 681772
692332 895783
341215 785024
561430 643584
18834 973873
136679 420175
227729 10192
160776 571071
746184 503023
11429 672441
685361 676624
609489 266263
29885 376524
496773 342302
846254 418771
402633 26954
737492 226081
100753 60510
688597 169952
275114 950248
48424 840294
856639 340767
48550 706064
393989 756678
130153 321254
126851 741383
461742 358522
510182 834572
911396 562261
985003 969955
140450 297897
295130 138985
221954 762125
438137 374509
36493 845075
787385 813286
832822 229883
520258 210952
969900 734086
806797 956484
560503 356829
131155 828134
541101 586637
97403 975513
177724 266210
906634 392935
857532 103421
938650 517598
346411 279277
620231 442918
893856 983733
637710 777712
210539 21142
726561 739143
486980 610589
631164 674860
263962 16384
275079 168102
235330 126507
112503 724253
891745 309572
952033 374426
668762 60446
520571 764476
82514 339861
832047 262403
270542 63894
261461 452444
945418 624179
348371 509759
87798 973836
197327 289148
199146 928067
576007 466335
845450 436006
405561 482754
434984 190751
808512 940333
708379 996672
710456 781868
328398 128756
487403 698693
987253 764266
706376 170197
451349 889685
467439 228138
144077 670202
298161 801648
320077 276418
347779 78686
915439 38218
861152 671342
720491 616749
14820 495179
891715 150934
132434 957659
826225 886296
939844 674585
761739 437134
391215 901543
369010 67834
23853 528757
744020 439615
639706 413342
298302 608271
60776 279021
583188 793726
259099 236245
221215 363280
595630 823090
969063 136252
180739 290238
718184 226832
437466 248267
124832 596568
307811 269877
171552 486918
547577 280530
988141 246196
702154 236390
628149 588657
482514 805944
668208 583798
757777 554692
663766 548270
854150 799553
360725 960190
926791 432100
659648 992212
573174 953044
647534 301600
495034 128607
812085 213989
732198 234980
42187 11439
710848 124906
659040 131385
799412 705100
219948 910655
572451 525666
732026 978582
950844 963102
96596 865288
859371 724079
441762 657987
366738 379947
730733 837035
478734 743469
198709 980284
824017 264287
386247 385132
338812 343266
103155 754803
209514 897563
567814 494591
222150 605158
352415 655639
731753 943679
562767 166995
928869 995955
697582 439414
163306 982894
570698 285086
677101 311628
514233 185744
199872 118866
385733 83346
357479 788616
74106 695837
598795 568248
539715 946522
41793 599036
772108 942893
883051 665917
814989 563396
239748 603253
330584 748830
855340 899509
804524 447368
895139 554325
258194 768724
950569 334803
10722 82747
340676 441491
592882 264178
430214 518191
979127 661113
432515 419747
140633 9597
981931 703911
344107 20926
525169 712064
854970 306241
489360 191385
499961 111397
546017 748349
190041 551813
48000 1020
129841 873378
570660 473561
184989 430624
480421 443779
631166 903509
966666 468216
419802 912265
863107 193696
868874 974096
66076 195414
447325 918288
465992 978180
634570 560515
768320 136558
766004 661770
989659 963409
612581 531540
616281 5473
421508 333118
576051 425214
127743 383339
662973 113057
566748 632998
735563 846598
76177 698284
420080 339016
214031 73843
246840 651003
968854 487189
416423 734575
435936 265319
373457 863440
534999 846561
271966 42040
947915 980395
346397 943890
241490 573855
581198 934292
625985 430337
459725 808869
304509 430788
279808 648724
733487 414741
777160 173787
243413 95090
368370 160098
987101 137540
360965 585255
155920 205597
567235 508366
597495 785319
962140 717278
751408 32357
860280 916880
229934 564166
149301 914586
720627 640196
967195 268861
880065 838268
658079 63878
689903 502616
485919 235393
286406 922683
731437 422985
868211 443188
932663 314294
278976 50158
171165 207441
386141 181756
246672 401891
71193 510305
179861 407293
350578 70928
527864 50729
461382 12993
836299 50177
712880 809159
848261 433341
995562 140023
778276 973137
663475 622786
807083 946685
661625 763029
538284 882585
461389 835952
150970 896029
743880 488817
273334 838142
399730 213166
276259 772648
644724 432122
238955 966288
620248 889522
638621 665936
718356 575440
816114 587470
738296 413884
986191 32774
762420 803403
884049 720108
955265 546084
699684 375494
897668 927308
231515 664953
434948 37448
21403 78622
692353 20157
673504 170558
149361 319440
972590 577398
372426 867143
632731 444257
24349 30769
59542 938027
936155 8050
959003 77078
618978 773507
920258 118628
519197 842275
296164 507850
243825 407508
641441 105530
631271 80829
639455 475905
530227 742201
156722 450954
973569 891036
704391 256858
498306 586073
252425 881381
189741 137154
62140 274274
561431 770830
431570 69899
363121 940638
487499 678252
221888 799190
550507 886599
81153 640709
329216 320231
828044 515276
481950 48795
203084 647789
643579 257720
307402 811171
548379 911682
252005 204262
543190 406342
158552 417082
59598 297340
97785 253557
964485 571527
352520 863386
105277 417929
864501 467137
435916 377775
563753 14499
55788 360990
629772 899196
972860 206815
624328 935284
818796 935020
701459 459607
286967 779762
744120 747197
687988 962867
521918 348892
411164 969180
140534 739473
263462 570195
793912 436802
852821 985549
741154 82539
407782 373338
394201 59096
445603 443125
197848 309877
834901 945810
193704 988252
813179 636834
314125 60537
42237 209106
586157 765691
738244 523349
399729 399949
657732 163511
213523 18821
993717 986121
27593 710266
593389 984619
567797 778265
19006 459445
680294 929279
164669 558317
205739 968530
861588 359565
49962 826764
95481 480323
845990 924228
678152 116183
577065 228256
779453 45619
705043 618521
779580 11609
369535 274065
109570 947389
782731 778043
57881 502004
751481 441465
702379 459989
328886 229880
663562 812369
57945 373511
523049 675849
520407 540979
844318 738470
439839 629444
151268 607254
520706 52948
208985 659894
952041 905800
570948 121510
454615 497145
108243 14033
827557 267630
251632 833628
895553 900792
918850 499486
666019 494449
660289 740729
65496 363531
394478 536406
165038 558132
272475 509028
23634 183090
123208 871837
462492 840593
242601 871920
797831 47729
793888 737169
592 807663
449537 536613
100672 408889
816279 986049
327361 472335
488240 556736
715747 380736
929544 431351
651685 155499
179937 491168
676944 659727
840436 116110
947663 867041
397393 16257
468397 405820
322411 101406
489850 797893
531836 375102
720912 755411
56889 971512
223030 652314
142663 603567
294386 40385
916686 82425
268968 428591
635264 174290
946485 63602
136342 588818
726411 582053
38134 143299
536306 139682
141413 888531
785757 365514
97195 999349
331681 910934
865881 889553
780649 384086
297800 364763
305395 230872
939507 84993
687198 617123
477228 925724
434617 304241
506928 741878
590164 508486
977308 765493
256011 615346
553708 516751
370236 226564
155739 779447
14529 817887
375595 462074
609992 101766
46555 414931
31027 628728
597283 533075
948602 374400
523764 673962
526672 179700
172768 780596
438034 880328
818386 363572
952521 98208
393079 205450
610892 44304
513610 799942
254975 541726
999740 364219
722614 358749
559819 998382
552412 376310
420308 614873
807682 430095
333374 412447
580491 310188
580066 872924
462964 483164
758598 77192
458864 652187
564946 749609
60924 626584
213297 585482
54572 438116
607545 408055
898561 169240
650825 131156
564633 985062
888382 686655
178667 435227
470065 112579
566103 46285
322420 150402
511887 519354
484993 541736
609034 477352
252725 691624
239107 908641
477634 173652
555812 985508
909807 511909
446378 442662
919073 908299
181989 364932
476284 818716
199206 306075
152593 263353
385392 582452
652349 488456
271611 761609
535615 275711
353828 171000
624581 53705
339893 386198
620142 549350
905962 534482
124885 351281
912306 836677
837363 224863
122815 151384
509987 635615
36471 153678
613776 443195
259455 309836
76702 956760
731057 993538
893952 635081
556547 805680
278179 351743
458912 489348
918166 828361
41887 477910
595972 903195
609451 800755
578870 381018
723890 307465
564713 570537
583534 131446
981019 201698
400278 711824
700306 452809
177585 732267
958417 476889
327854 480046
314164 880924
610097 433557
296970 367692
913955 924828
98352 744245
386165 416304
401202 590186
149553 560248
387620 755592
173356 563537
156466 496265
168951 527002
123706 416295
324097 474311
810711 144808
364122 868002
612091 877450
567587 824033
489718 269208
236522 162492
468638 219015
18505 708038
50164 314555
891071 599301
218369 337992
949864 13453
384399 696961
279130 962751
247945 461381
837394 111756
360990 421962
346383 762049
35745 649653
405104 939
942842 941001
759030 518755
131551 281097
198457 847447
435558 485578
347845 449180
184013 388234
902088 482526
603463 236197
775705 570254
777906 455637
635112 651524
556877 103049
815813 215701
266316 726608
841185 813720
428513 581169
579057 231791
732332 304758
104444 959456
133728 548895
878848 666938
905553 774474
856166 461992
430128 66771
235746 429164
519359 780337
185143 503560
856124 193991
817060 269471
487667 625047
742190 128679
349145 996781
757330 62990
543579 78146
674188 964559
601244 20837
237163 363176
540250 320271
969638 708811
920742 81026
667777 362543
872095 82247
512984 955372
332594 896661
511884 896238
867142 259438
280284 486119
929671 52214
954939 670146
250824 312994
557192 841313
352008 540450
750774 325500
189594 742518
676170 26952
945726 877514
45717 798549
113314 739685
499844 423247
661541 462155
448866 137570
180085 753573
504298 574543
617517 173172
168280 85993
262819 616941
265322 731195
576793 545747
413279 532212
404378 342746
621986 212550
642512 574130
902429 375022
46307 997635
641056 197274
6830 947821
258506 301590
930730 588177
411309 971142
595475 933569
453154 755093
912690 313622
780527 518019
787036 522270
60259 208844
73984 468263
764708 303483
720428 191567
343670 454138
171144 592772
840058 551494
995823 448511
671586 413734
343575 248467
669129 878951
281844 444046
767466 249767
147620 628756
430913 515430
832922 846289
359360 329148
701404 504347
76912 709065
424981 487953
149855 132322
970094 341124
254078 26548
548970 469474
516386 379396
963209 973791
622439 872923
714018 444571
731957 226912
576738 179414
594138 646036
746937 669951
678673 603681
431518 221137
52077 456417
677117 73602
217017 348398
268334 961820
505983 356460
644928 39550
337948 233762
115499 559727
956789 707932
667797 154914
561803 386308
911837 883296
945566 39093
338363 621096
251066 442458
477789 799127
712197 276352
112265 877312
26124 269892
688696 744708
26348 44509
504028 438289
817674 239682
796078 597153
830141 702186
678204 305322
811080 45662
274181 745477
121108 245647
630972 313686
287574 988183
317780 909934
663492 615771
191055 42362
309484 568068
259739 689898
113781 398092
61227 846479
280807 828921
965605 678019
772643 270262
381702 474541
353552 691478
871855 371225
875008 774882
46701 911389
862442 339707
700750 961091
660137 395366
327999 588206
61631 675044
979505 848849
73244 519650
183474 227134
554657 929911
738066 498696
662605 562135
295096 770758
573345 434190
583174 737196
858101 870764
114854 557075
702538 915201
789482 965121
589521 977230
563693 565203
375992 644203
721734 979525
423641 643184
456032 925850
457462 237511
578776 152535
414462 892848
893153 638802
718365 35640
677451 611005
695115 314871
678016 20006
344128 85759
14592 434229
174092 933402
492263 22438
454365 184148
408663 540546
112908 974874
844000 25629
271890 812609
731010 98419
321003 369899
234533 236074
421788 887769
972583 7892
998158 877365
714320 859393
527248 194543
627803 271459
386862 386238
74471 948635
991950 227103
899132 851235
644433 918565
188994 667809
538979 601485
971658 701577
743882 278295
879785 617357
722097 282974
669100 351133
390164 972805
743290 199919
695964 172891
174460 967650
83584 940704
116652 36810
916882 390333
271961 376348
588661 582272
315667 795617
307419 278314
678612 594552
534228 595623
699844 768423
380917 339311
879564 768103
251948 896837
751617 208495
629244 475953
890285 712047
130804 191427
525866 400923
812181 500287
681286 227838
760229 940854
849267 510199
66068 124242
402921 710662
744231 221697
36113 396629
80446 3924
67130 880548
502308 455005
831484 715331
231758 239605
532639 601830
28426 388837
906587 299221
790513 165780
253257 952989
231727 174070
678438 658730
146255 128807
244251 263696
948642 137899
337745 500372
934377 643305
333837 50372
25246 253182
263260 635955
678855 533877
824717 369024
874473 802556
801218 125354
38554 654734
289860 706885
44562 814298
867306 226947
507860 686616
536544 646179
461015 410504
853610 323587
310611 888060
507176 158505
264277 725113
275999 407390
758466 59842
788222 225497
844169 715020
18003 823413
87593 518739
820614 446614
61937 18250
249136 945078
156869 879708
808879 908877
963020 812593
408516 630783
225093 537834
551616 553063
55960 775130
49247 752566
440607 923271
109305 225297
1032 101201
439607 895685
204731 313265
7268 6173
872363 314261
170608 803934
877661 866005
510679 679981
634022 571825
519429 477392
573694 514955
68808 9670
410891 851128
20744 733236
646910 888395
34952 472281
225173 698063
676547 718183
498902 758750
399780 101240
476620 608001
846946 231389
570897 118648
143549 562596
507269 296859
653138 136518
268377 330272
20038 496897
410557 308069
671947 657474
544497 544645
233334 581067
801533 281365
310294 238346
509267 849202
299127 166632
248069 339401
755960 358236
208050 956251
693938 490875
438265 557928
988307 65278
325258 149062
47688 401387
981623 36891
581560 239257
840930 392478
896979 216663
800266 771300
177986 810250
760346 69608
379316 952478
568988 530102
632488 440041
362477 397724
398252 39040
634856 894253
796713 902936
808684 575791
116135 26002
749101 881048
339028 951919
801768 855966
598998 206376
869835 899025
439985 521269
16836 371125
277795 796569
970503 583476
855394 79435
246003 345779
53859 177218
40983 34586
744173 78964
798032 35241
352104 616847
212568 668438
36466 782683
691197 12481
388943 289672
591323 213453
904817 685705
852214 943417
587011 415835
177404 114626
344664 88541
991721 830709
386415 984477
104559 634857
647908 458629
167585 119494
389784 278290
493826 483636
815460 221769
300087 973364
878710 465822
533966 433141
594486 749080
200431 34490
331727 828735
738936 515868
119668 309098
606107 715720
253646 501984
851025 360629
856174 85206
344688 494491
860913 584395
487735 143589
108918 975854
65201 959456
938657 691171
260911 560657
644802 708975
190778 866175
748902 554275
302420 209593
183218 745807
428967 475878
517128 739272
705101 897824
613272 2389
156219 607482
457792 18944
443007 372953
234957 388346
120647 843242
37203 563888
112293 101464
617114 256898
865953 412378
854953 660624
698767 993548
375791 645122
490554 563877
264259 476338
656332 954297
106185 825919
714018 410122
6771 253170
778648 903931
234819 502465
129266 2031
536481 457600
667545 353124
973554 747184
612811 127876
461868 872969
53773 861055
92545 966375
510154 144717
214833 114987
948259 304593
172316 591302
268527 354202
295385 380365
464281 52047
981650 186726
721991 612604
152009 342851
794977 304290
618139 898322
743976 196747
809751 645788
20187 803670
936985 217854
878099 163437
351531 921442
472952 628565
469633 321203
34109 995030
915251 756844
478067 345454
490617 770582
273737 88025
696116 792450
477920 4482
860469 219716
644282 285010
665516 858012
712453 842133
459886 726829
525721 207371
336504 574396
88593 883271
982778 613324
557416 308027
689298 530991
928346 179467
935186 498445
937247 515917
452820 74440
677753 958829
573964 653195
699985 319657
625494 858945
470548 752923
493480 819635
153584 6911
559046 754206
308931 632013
36368 761184
497228 9831
266077 186687
790717 174071
359749 490058
642757 937325
150394 758253
943343 938293
768187 374324
185259 663438
43025 534797
60273 102448
229386 854817
585353 712966
49614 152946
557168 424814
4202 635779
495323 914281
882405 197884
862397 970386
912022 724440
291408 834731
313907 293518
355252 131816
844265 495040
31207 868041
674832 605726
165059 152802
238094 119093
451381 924840
76609 456106
264786 339870
615645 771397
143352 923454
954048 902452
610621 878941
934750 52880
906154 610845
255294 571673
62106 796012
399694 612258
130023 503793
918265 829329
984271 934447
686840 49043
369333 880781
627866 178025
50023 223961
241465 761020
324812 771260
834885 153205
131535 273679
919473 420372
7835 606477
521015 210063
592843 919395
242581 245696
603411 791915
404232 583795
802331 212435
436201 534591
853871 225645
758794 273661
577342 429657
847416 66884
