200
1 124007
819750 1
724944 1000000
711271 1000000
35699 1000000
1 465411
1000000 696688
346746 1000000
126537 1
421401 1000000
203080 1000000
1000000 44840
1000000 253875
210991 1
1 860972
500439 1000000
356320 1000000
557311 1000000
746491 1000000
198505 1000000
1 230654
930797 1
1 401606
511624 1000000
649850 1000000
1000000 433102
1 487382
1 284940
1 983371
1 451660
1 389712
163715 1000000
1000000 131381
692532 1
1 439837
1000000 221053
15154 1000000
38787 1000000
198085 1
1000000 93929
570145 1000000
1 345384
1 303825
1000000 926247
1000000 293886
219688 1
336447 1
740063 1
597245 1000000
1 276210
409913 1000000
1000000 380179
1000000 32137
1000000 667851
1000000 372036
794201 1000000
712893 1000000
831662 1
15604 1000000
1000000 568653
79077 1000000
1 579463
779768 1000000
913172 1000000
145636 1000000
1 608984
1000000 13454
1000000 465075
1000000 820669
450981 1
1 667464
1000000 755082
812454 1
845832 1
214631 1000000
40277 1
1000000 767042
1 340842
490892 1
423812 1
425015 1000000
288787 1000000
396019 1000000
1 672468
1 527874
626051 1
1 974837
562668 1000000
62746 1
980100 1000000
1000000 288050
331305 1000000
512100 1
778575 1000000
1 594119
1 881150
1 96753
1000000 699884
688513 1000000
720947 1000000
72493 1
782420 1000000
725707 1
1000000 14878
1000000 606962
640375 1
1 156694
309531 1
1000000 772977
808216 1
31120 1000000
848814 1000000
1 944099
1 900908
829707 1
69040 1000000
1 156656
820287 1
1000000 32079
631870 1000000
795226 1
208285 1
490245 1000000
1000000 109700
605628 1000000
593897 1000000
1000000 510236
822520 1000000
807068 1
578777 1
45517 1
398258 1000000
590971 1
1 150423
1 264451
1000000 515495
1 364453
729716 1
445977 1000000
263030 1
693956 1
760503 1
14390 1
1 401327
322042 1
957103 1
710026 1000000
1 445666
1 496872
721543 1000000
796429 1000000
418586 1
1000000 315658
680349 1000000
972371 1000000
273877 1000000
1 281142
1000000 63806
958863 1000000
1000000 44653
832775 1
567753 1000000
1 166834
1000000 316605
981070 1000000
1 721269
1 925588
1000000 445098
1 218353
222764 1000000
61942 1
635850 1000000
743220 1000000
130810 1000000
382113 1
18081 1000000
233301 1000000
1 972413
1000000 416348
922809 1
1000000 549970
1000000 886775
804530 1
157544 1000000
527427 1000000
369297 1
1 275709
1000000 55859
475753 1000000
94451 1000000
1 673797
1 321069
1000000 436937
1000000 455270
133163 1000000
1000000 8158
918661 1000000
474967 1
255138 1
786171 1
