200
230351 443723
492307 443723
699934 443723
435578 443723
500569 443723
618560 443723
134273 443723
479641 443723
491508 443723
757323 443723
267123 443723
917575 443723
921832 443723
543440 443723
90372 443723
596371 443723
181360 443723
271270 443723
424598 443723
914405 443723
716706 443723
178066 443723
465855 443723
422008 443723
279978 443723
123537 443723
951713 443723
583065 443723
906926 443723
879518 443723
557008 443723
612546 443723
471038 443723
565804 443723
912038 443723
720387 443723
555479 443723
986315 443723
352604 443723
10835 443723
280711 443723
499687 443723
606045 443723
213987 443723
619895 443723
614482 443723
916703 443723
130032 443723
40770 443723
227152 443723
798096 443723
707945 443723
9534 443723
301965 443723
313903 443723
367024 443723
773618 443723
888976 443723
221892 443723
995491 443723
203109 443723
577862 443723
907500 443723
931572 443723
356016 443723
409544 443723
252704 443723
324282 443723
280726 443723
895066 443723
529112 443723
694092 443723
756130 443723
861256 443723
935290 443723
290971 443723
635166 443723
130435 443723
944782 443723
17610 443723
334249 443723
232483 443723
825409 443723
134507 443723
297912 443723
170451 443723
883338 443723
130 443723
994615 443723
739871 443723
605597 443723
297482 443723
308314 443723
963249 443723
937634 443723
221667 443723
524055 443723
409966 443723
716480 443723
407676 443723
815642 443723
414224 443723
169630 443723
289518 443723
319210 443723
63852 443723
238671 443723
931581 443723
849095 443723
484717 443723
40714 443723
271098 443723
702099 443723
739693 443723
474193 443723
390005 443723
299087 443723
214300 443723
582586 443723
133748 443723
612658 443723
603578 443723
289655 443723
94790 443723
285892 443723
623842 443723
666489 443723
924984 443723
694413 443723
976869 443723
353886 443723
585261 443723
140369 443723
645762 443723
444564 443723
594105 443723
291926 443723
59764 443723
916287 443723
982 443723
274691 443723
204785 443723
281902 443723
811142 443723
262769 443723
456134 443723
281121 443723
658373 443723
696817 443723
432364 443723
312121 443723
38272 443723
799434 443723
408316 443723
850428 443723
502609 443723
530557 443723
994162 443723
796678 443723
846681 443723
356416 443723
264488 443723
456952 443723
237401 443723
102102 443723
293568 443723
756921 443723
209686 443723
173575 443723
695637 443723
200620 443723
559733 443723
57185 443723
253607 443723
975399 443723
285598 443723
794193 443723
718294 443723
282535 443723
311910 443723
327723 443723
469958 443723
516046 443723
33286 443723
810274 443723
566992 443723
729683 443723
693703 443723
320106 443723
728358 443723
884596 443723
655520 443723
323541 443723
424469 443723
675233 443723
378073 443723
133561 443723
778648 443723
866827 443723
236149 443723
