200
267506 233502
887638 54849
198014 530180
588260 991545
134256 925150
301412 482797
348381 7065
264607 45322
660444 570285
658266 221711
320614 48762
976197 54873
637304 861200
68960 293947
984926 774857
601360 786643
245269 423303
163459 907920
135231 620203
824520 618676
279879 482574
174542 902971
710299 185621
76958 666771
791560 318751
315080 519025
81550 824511
809565 254352
413200 157787
31625 619517
901842 211373
739911 245054
556929 354189
659860 5592
26939 848671
620240 299453
685350 307827
919531 478515
642601 168661
34324 44936
963216 715827
416046 341991
333258 268744
685718 73014
102918 333029
6727 933754
408396 203083
377876 232675
482710 949715
259579 195164
110289 165089
521038 240338
536496 185684
683784 665976
271631 909503
904107 314365
281977 173465
459317 564048
645555 231427
402198 464303
626766 122752
289719 168410
44669 501370
679891 70434
706890 116813
907127 185784
329870 545802
367332 972377
979010 298150
900941 826720
396112 536152
695014 514918
350101 644501
154961 532054
245250 52494
958060 63368
891847 641871
562293 973471
725764 688080
863575 109000
5947 952733
490261 370778
567014 261662
726610 709218
775055 518555
316714 94285
918284 63067
320728 466363
242890 222278
245761 834840
646000 734507
993431 507584
783028 592370
867947 780552
411019 408487
743899 582466
747467 637874
102646 371950
289992 67779
839081 275591
400196 859175
818416 764288
648128 66583
668382 351381
702028 117595
447846 766670
94610 559361
693620 171661
486260 159928
716381 766468
463517 988341
474902 439616
853946 702672
846523 482605
380633 391553
997925 961258
225633 443276
590646 78859
44145 127127
174370 808928
792143 344272
384009 245357
649486 739816
509754 762966
458877 77412
412463 759527
372451 651979
115891 673225
613929 730553
784858 40768
835219 181370
741962 958413
662571 551035
332255 527896
161864 904491
918398 705651
7323 889295
966962 708819
969045 818675
559555 517399
852093 888047
631682 176241
64760 214200
984467 495686
507136 446722
340605 638691
469862 671283
194330 452375
86947 188411
361896 813754
200010 578173
106635 804821
98413 258743
519891 254369
24134 510906
927447 778550
352186 229181
233251 446980
220830 612136
122009 842919
211609 532867
242577 335881
910030 812436
343945 963456
708781 362805
574160 953944
207555 637013
669518 861729
459082 811610
392551 996761
965113 48636
52994 209932
934978 560562
440709 18550
254665 41515
90264 605154
116027 229198
498603 488587
134031 867461
550214 386832
164733 378030
478704 798887
521936 676938
898621 77197
832451 610332
900804 799943
256539 383697
332965 68412
320299 358049
493649 657796
715935 632437
423894 216332
262367 50957
52705 483715
997495 409026
502948 182981
543208 124946
191734 168508
739962 464377
451194 488948
