200
628643 32676
628643 95076
628643 31861
628643 561839
628643 79179
628643 811361
628643 351057
628643 409555
628643 981679
628643 722882
628643 566950
628643 346894
628643 951072
628643 510794
628643 660071
628643 156016
628643 360616
628643 29579
628643 808336
628643 21516
628643 505183
628643 302095
628643 611778
628643 152640
628643 734467
628643 727027
628643 177688
628643 259707
628643 79901
628643 767474
628643 167086
628643 750219
628643 814554
628643 792582
628643 743096
628643 301994
628643 658628
628643 179370
628643 625609
628643 275167
628643 991442
628643 23116
628643 461562
628643 618026
628643 697635
628643 945292
628643 904584
628643 56177
628643 935636
628643 41676
628643 109673
628643 64674
628643 721223
628643 211226
628643 311305
628643 249389
628643 512648
628643 592881
628643 204086
628643 720641
628643 661134
628643 799150
628643 845961
628643 675103
628643 588318
628643 510202
628643 870970
628643 611775
628643 498302
628643 863567
628643 361198
628643 745651
628643 738013
628643 58141
628643 341946
628643 605161
628643 985672
628643 706613
628643 743207
628643 299612
628643 477310
628643 134566
628643 362876
628643 720102
628643 481603
628643 624341
628643 788355
628643 452668
628643 656121
628643 645984
628643 915973
628643 33353
628643 441669
628643 397656
628643 296919
628643 375996
628643 778508
628643 762271
628643 681519
628643 88536
628643 413492
628643 307636
628643 919181
628643 58687
628643 40957
628643 494870
628643 961301
628643 112971
628643 589751
628643 970328
628643 654109
628643 41139
628643 143074
628643 738757
628643 328733
628643 246452
628643 6512
628643 416017
628643 235429
628643 160471
628643 953948
628643 530593
628643 841137
628643 472327
628643 318365
628643 529326
628643 116502
628643 799220
628643 344922
628643 884698
628643 914185
628643 840701
628643 157026
628643 881673
628643 633815
628643 709065
628643 18157
628643 88519
628643 339495
628643 871242
628643 449994
628643 161033
628643 186327
628643 781126
628643 507120
628643 16957
628643 835881
628643 316015
628643 383907
628643 322800
628643 562170
628643 915464
628643 876221
628643 499654
628643 330729
628643 55811
628643 729906
628643 848340
628643 39998
628643 294288
628643 190259
628643 554614
628643 403982
628643 210840
628643 291167
628643 625520
628643 487404
628643 9688
628643 209311
628643 232872
628643 25568
628643 61742
628643 34881
628643 688650
628643 54089
628643 128598
628643 325548
628643 283481
628643 905721
628643 219283
628643 555888
628643 322089
628643 791133
628643 385885
628643 627185
628643 888110
628643 25134
628643 287380
628643 455785
628643 166214
628643 62583
628643 13457
628643 924974
628643 107027
628643 46820
628643 775779
628643 713915
628643 425436
628643 795976
628643 916151
