100 1
946019
668712
132951
806227
202112
673098
828994
664127
910709
292494
352733
872562
195786
843271
617237
629739
274620
301667
904894
147840
508594
709478
377315
922919
868684
583119
833137
546348
972624
792354
884807
620871
994180
367725
50003
328622
711956
500660
594250
388695
388271
235467
411248
930621
97549
182208
294947
245839
363661
757701
238382
959367
275525
494464
102361
366368
185843
9949
357119
890818
35101
90883
158356
494726
690259
758636
790365
18858
113430
781975
329140
665455
517817
268530
369162
902141
955197
443154
961413
6173
195282
677548
251894
367464
193061
563151
613017
946109
143731
16342
18852
369813
116053
554679
588945
158409
328436
170302
472208
185878
0.003 0.935 36 82
