128 127
620240
299453
685350
307827
919531
478515
642601
168661
34324
44936
963216
715827
416046
341991
333258
268744
685718
73014
102918
333029
6727
933754
408396
203083
377876
232675
482710
949715
259579
195164
110289
165089
521038
240338
536496
185684
683784
665976
271631
909503
904107
314365
281977
173465
459317
564048
645555
231427
402198
464303
626766
122752
289719
168410
44669
501370
679891
70434
706890
116813
907127
185784
329870
545802
367332
972377
979010
298150
900941
826720
396112
536152
695014
514918
350101
644501
154961
532054
245250
52494
958060
63368
891847
641871
562293
973471
725764
688080
863575
109000
5947
952733
490261
370778
567014
261662
726610
709218
775055
518555
316714
94285
918284
63067
320728
466363
242890
222278
245761
834840
646000
734507
993431
507584
783028
592370
867947
780552
411019
408487
743899
582466
747467
637874
102646
371950
289992
67779
0.373 0.128 1 2
0.018 0.629 3 4
0.163 0.159 5 6
0.999 0.001 7 8
0.117 0.615 9 10
0.793 0.071 11 12
0.125 0.295 13 14
0.969 0.014 15 16
0.540 0.361 17 18
0.084 0.736 19 20
0.540 0.348 21 22
0.484 0.385 23 24
0.730 0.096 25 26
0.732 0.204 27 28
0.941 0.022 29 30
0.473 0.324 31 32
0.918 0.060 33 34
0.680 0.076 35 36
0.202 0.431 37 38
0.945 0.007 39 40
0.301 0.016 41 42
0.910 0.042 43 44
0.708 0.093 45 46
0.406 0.412 47 48
0.250 0.466 49 50
0.172 0.576 51 52
0.005 0.652 53 54
0.891 0.001 55 56
0.496 0.401 57 58
0.548 0.165 59 60
0.490 0.468 61 62
0.110 0.020 63 64
0.999 0.001 65 66
0.013 0.217 67 68
0.450 0.446 69 70
0.958 0.009 71 72
0.196 0.215 73 74
0.388 0.151 75 76
0.574 0.313 77 78
0.447 0.085 79 80
0.343 0.348 81 82
0.760 0.207 83 84
0.634 0.355 85 86
0.193 0.779 87 88
0.637 0.196 89 90
0.879 0.084 91 92
0.918 0.055 93 94
0.151 0.646 95 96
0.866 0.049 97 98
0.640 0.291 99 100
0.889 0.041 101 102
0.218 0.313 103 104
0.178 0.167 105 106
0.712 0.151 107 108
0.445 0.524 109 110
0.364 0.154 111 112
0.421 0.440 113 114
0.908 0.073 115 116
0.398 0.340 117 118
0.182 0.466 119 120
0.792 0.167 121 122
0.152 0.019 123 124
0.179 0.245 125 126
0.701 0.289 127 128
0.667 0.254 129 130
0.033 0.562 131 132
0.737 0.066 133 134
0.118 0.445 135 136
0.734 0.053 137 138
0.721 0.162 139 140
0.749 0.038 141 142
0.457 0.058 143 144
0.902 0.038 145 146
0.196 0.066 147 148
0.049 0.274 149 150
0.993 0.001 151 152
0.294 0.684 153 154
0.708 0.154 155 156
0.266 0.695 157 158
0.674 0.215 159 160
0.358 0.452 161 162
0.991 0.001 163 164
0.893 0.063 165 166
0.298 0.006 167 168
0.352 0.621 169 170
0.021 0.551 171 172
0.098 0.209 173 174
0.855 0.027 175 176
0.057 0.516 177 178
0.858 0.075 179 180
0.947 0.032 181 182
0.832 0.021 183 184
0.286 0.062 185 186
0.287 0.077 187 188
0.182 0.081 189 190
0.358 0.138 191 192
0.448 0.053 193 194
0.959 0.018 195 196
0.512 0.252 197 198
0.720 0.097 199 200
0.497 0.417 201 202
0.221 0.362 203 204
0.344 0.410 205 206
0.932 0.038 207 208
0.184 0.561 209 210
0.400 0.109 211 212
0.716 0.169 213 214
0.999 0.001 215 216
0.347 0.120 217 218
0.390 0.082 219 220
0.536 0.406 221 222
0.380 0.549 223 224
0.054 0.788 225 226
0.828 0.121 227 228
0.072 0.905 229 230
0.458 0.357 231 232
0.048 0.175 233 234
0.053 0.492 235 236
0.183 0.111 237 238
0.616 0.348 239 240
0.381 0.008 241 242
0.681 0.092 243 244
0.534 0.096 245 246
0.752 0.171 247 248
0.512 0.399 249 250
0.316 0.020 251 252
0.038 0.288 253 254
