100 100
197957
197957
197957
197957
197957
197957
197957
197957
197957
197957
197957
197957
197957
197957
197957
197957
197957
197957
197957
197957
197957
197957
197957
197957
197957
197957
197957
197957
197957
197957
197957
197957
197957
197957
197957
197957
197957
197957
197957
197957
197957
197957
197957
197957
197957
197957
197957
197957
197957
197957
197957
197957
197957
197957
197957
197957
197957
197957
197957
197957
197957
197957
197957
197957
197957
197957
197957
197957
197957
197957
197957
197957
197957
197957
197957
197957
197957
197957
197957
197957
197957
197957
197957
197957
197957
197957
197957
197957
197957
197957
197957
197957
197957
197957
197957
197957
197957
197957
197957
197957
0.650 0.117 72 94
0.948 0.012 67 45
0.534 0.258 43 94
0.866 0.100 103 57
0.667 0.269 85 37
0.153 0.125 66 52
0.718 0.172 40 42
0.316 0.074 51 25
0.220 0.141 18 41
0.905 0.001 77 61
0.090 0.095 99 24
0.380 0.048 57 20
0.854 0.066 78 6
0.569 0.232 78 87
0.422 0.118 113 62
0.348 0.331 41 6
0.726 0.263 116 15
0.300 0.238 44 35
0.997 0.002 105 32
0.575 0.289 39 5
0.072 0.890 63 23
0.549 0.150 100 80
0.191 0.672 100 43
0.650 0.179 30 39
0.519 0.439 21 28
0.235 0.412 35 6
0.323 0.546 25 31
0.879 0.057 107 28
0.321 0.227 32 64
0.305 0.643 78 70
0.084 0.133 4 83
0.750 0.019 97 32
0.668 0.137 128 88
0.475 0.103 128 65
0.087 0.518 107 28
0.420 0.256 55 50
0.966 0.020 130 121
0.936 0.013 88 7
0.212 0.380 104 85
0.853 0.136 30 66
0.696 0.228 73 42
0.315 0.528 71 81
0.463 0.005 129 50
0.061 0.449 32 52
0.703 0.181 142 40
0.941 0.046 107 93
0.105 0.741 139 81
0.550 0.062 19 80
0.610 0.374 100 142
0.692 0.274 43 20
0.795 0.049 132 43
0.319 0.128 136 26
0.588 0.008 110 15
0.707 0.056 13 43
0.572 0.194 114 65
0.008 0.413 125 61
0.151 0.270 86 109
0.976 0.014 10 30
0.918 0.038 124 2
0.475 0.070 139 96
0.575 0.253 119 59
0.899 0.043 150 57
0.813 0.106 103 17
0.033 0.486 82 27
0.463 0.488 16 120
0.314 0.221 38 77
0.294 0.479 142 12
0.572 0.163 120 93
0.596 0.106 111 67
0.171 0.575 29 137
0.195 0.358 14 46
0.367 0.114 34 161
0.605 0.208 19 137
0.818 0.030 169 114
0.978 0.011 172 95
0.699 0.232 41 92
0.182 0.264 145 54
0.827 0.106 62 3
0.026 0.234 98 125
0.389 0.463 37 91
0.628 0.194 90 33
0.773 0.013 158 26
0.468 0.291 166 158
0.176 0.744 49 179
0.390 0.289 183 113
0.495 0.357 48 178
0.904 0.092 174 71
0.621 0.261 5 78
0.212 0.166 144 33
0.708 0.044 130 182
0.741 0.242 97 57
0.481 0.416 148 25
0.575 0.091 28 18
0.158 0.388 132 172
0.161 0.138 122 50
0.917 0.081 13 60
0.209 0.287 161 98
0.799 0.117 8 156
0.503 0.468 147 12
0.443 0.197 13 161
