100 1000
210438
838364
464367
322459
853068
622987
775522
620824
799495
680865
968110
153375
281119
220600
443252
244721
718653
678746
500073
91755
477016
604472
613803
575005
832040
413532
863754
129477
341091
565032
905910
163802
205547
668241
363324
555924
461406
242663
364327
878158
472488
877006
799201
359841
697544
575273
694288
258046
368730
557907
233247
827363
8471
843486
919157
1015
354224
9903
7433
92471
330399
763523
758873
454323
17487
681681
261945
85074
824575
420182
465492
377823
753418
258472
888651
933634
105327
703741
954563
390883
12573
614225
270036
555445
217874
956031
60269
666465
524199
41275
351386
965992
438266
215021
757457
908993
348640
969433
225908
841316
0.489 0.237 100 42
0.146 0.826 101 55
0.040 0.386 102 58
0.658 0.138 103 33
0.566 0.193 104 10
0.201 0.147 105 91
0.690 0.107 106 9
0.135 0.764 107 57
0.350 0.081 108 80
0.659 0.144 109 4
0.236 0.051 110 6
0.363 0.545 111 76
0.253 0.547 112 56
0.834 0.038 113 97
0.735 0.253 114 18
0.267 0.409 115 17
0.290 0.135 116 114
0.608 0.106 117 65
0.680 0.229 118 83
0.055 0.484 119 114
0.032 0.227 120 101
0.314 0.325 121 87
0.224 0.567 122 40
0.807 0.085 123 94
0.091 0.598 124 19
0.958 0.029 125 13
0.580 0.014 126 123
0.679 0.236 127 71
0.126 0.432 128 113
0.515 0.060 129 65
0.396 0.180 130 30
0.653 0.310 131 112
0.848 0.060 132 80
0.288 0.196 133 43
0.412 0.327 134 54
0.464 0.007 135 1
0.265 0.323 136 44
0.013 0.331 137 8
0.205 0.475 138 63
0.149 0.533 139 31
0.371 0.053 140 93
0.061 0.515 141 68
0.171 0.480 142 126
0.591 0.023 143 114
0.948 0.052 144 33
0.660 0.001 145 21
0.658 0.014 146 76
0.245 0.569 147 141
0.819 0.068 148 36
0.136 0.441 149 52
0.141 0.146 150 69
0.991 0.007 151 60
0.455 0.033 152 3
0.692 0.187 153 115
0.822 0.078 154 59
0.592 0.179 155 98
0.813 0.029 156 143
0.050 0.649 157 91
0.325 0.297 158 131
0.718 0.001 159 133
0.305 0.141 160 22
0.040 0.345 161 133
0.608 0.158 162 47
0.301 0.298 163 160
0.283 0.572 164 79
0.471 0.016 165 97
0.620 0.069 166 42
0.715 0.189 167 131
0.287 0.572 168 80
0.466 0.130 169 157
0.860 0.034 170 99
0.371 0.053 171 166
0.235 0.193 172 9
0.067 0.206 173 11
0.816 0.184 174 172
0.328 0.235 175 22
0.317 0.061 176 101
0.182 0.483 177 23
0.933 0.029 178 149
0.541 0.175 179 46
0.258 0.309 180 101
0.932 0.046 181 38
0.783 0.083 182 181
0.971 0.001 183 62
0.002 0.243 184 122
0.800 0.076 185 131
0.002 0.226 186 71
0.275 0.286 187 49
0.512 0.373 188 47
0.635 0.183 189 127
0.512 0.022 190 149
0.690 0.150 191 136
0.753 0.136 192 175
0.636 0.078 193 79
0.705 0.025 194 134
0.229 0.142 195 107
0.863 0.100 196 119
0.779 0.199 197 43
0.059 0.532 198 189
0.596 0.261 199 40
0.853 0.012 200 157
0.783 0.144 201 35
0.535 0.389 202 156
0.601 0.078 203 6
0.734 0.108 204 139
0.287 0.511 205 41
0.087 0.706 206 96
0.938 0.061 207 147
0.045 0.775 208 71
0.762 0.116 209 119
0.655 0.274 210 110
0.432 0.054 211 81
0.077 0.232 212 42
0.347 0.365 213 4
0.513 0.033 214 6
0.623 0.205 215 132
0.232 0.601 216 23
0.267 0.566 217 105
0.493 0.337 218 117
0.990 0.007 219 203
0.792 0.155 220 159
0.936 0.013 221 125
0.612 0.205 222 58
0.055 0.204 223 160
0.871 0.016 224 150
0.952 0.017 225 4
0.666 0.204 226 171
0.417 0.116 227 165
0.052 0.415 228 43
0.544 0.131 229 69
0.702 0.261 230 52
0.963 0.003 231 18
0.480 0.350 232 95
0.289 0.672 233 170
0.355 0.439 234 182
0.830 0.056 235 56
0.706 0.109 236 141
0.938 0.011 237 232
0.590 0.076 238 96
0.203 0.113 239 192
0.517 0.071 240 222
0.925 0.008 241 32
0.838 0.023 242 178
0.291 0.321 243 225
0.774 0.202 244 113
0.660 0.225 245 49
0.115 0.021 246 238
0.201 0.417 247 216
0.342 0.092 248 211
0.721 0.219 249 217
0.037 0.700 250 150
0.604 0.168 251 98
0.577 0.347 252 237
0.645 0.093 253 228
0.035 0.540 254 117
0.744 0.246 255 22
0.369 0.290 256 27
0.660 0.338 257 47
0.520 0.340 258 104
0.211 0.568 259 200
0.804 0.096 260 168
0.436 0.071 261 47
0.883 0.074 262 157
0.293 0.041 263 59
0.137 0.167 264 102
0.843 0.139 265 162
0.508 0.392 266 120
0.484 0.020 267 251
0.225 0.475 268 105
0.496 0.138 269 51
0.129 0.754 270 56
0.071 0.099 271 87
0.665 0.268 272 225
0.313 0.050 273 82
0.270 0.270 274 214
0.785 0.005 275 75
0.184 0.692 276 214
0.275 0.045 277 87
0.839 0.114 278 233
0.064 0.349 279 250
0.090 0.544 280 220
0.056 0.899 281 129
0.491 0.077 282 33
0.708 0.269 283 168
0.708 0.223 284 29
0.170 0.406 285 101
0.681 0.023 286 23
0.898 0.085 287 261
0.404 0.298 288 92
0.114 0.468 289 30
0.433 0.437 290 199
0.950 0.029 291 55
0.811 0.047 292 260
0.735 0.118 293 3
0.125 0.712 294 165
0.320 0.537 295 172
0.050 0.306 296 36
0.327 0.360 297 244
0.656 0.126 298 114
0.646 0.219 299 255
0.858 0.013 300 140
0.665 0.040 301 268
0.955 0.008 302 139
0.353 0.295 303 299
0.341 0.185 304 295
0.314 0.167 305 6
0.675 0.267 306 56
0.984 0.012 307 242
0.581 0.291 308 92
0.663 0.198 309 82
0.076 0.924 310 60
0.574 0.067 311 206
0.563 0.211 312 249
0.767 0.084 313 304
0.100 0.561 314 184
0.161 0.490 315 45
0.691 0.307 316 211
0.537 0.406 317 178
0.519 0.078 318 136
0.198 0.759 319 104
0.397 0.444 320 241
0.103 0.307 321 153
0.649 0.048 322 195
0.613 0.359 323 70
0.712 0.115 324 105
0.376 0.419 325 68
0.701 0.140 326 180
0.082 0.599 327 203
0.110 0.179 328 218
0.089 0.577 329 319
0.889 0.012 330 326
0.698 0.022 331 236
0.879 0.119 332 114
0.109 0.468 333 16
0.297 0.416 334 217
0.389 0.412 335 333
0.950 0.028 336 6
0.294 0.026 337 279
0.558 0.001 338 281
0.767 0.151 339 158
0.454 0.009 340 141
0.966 0.018 341 272
0.133 0.648 342 80
0.703 0.272 343 64
0.947 0.044 344 76
0.159 0.187 345 317
0.432 0.407 346 236
0.796 0.118 347 309
0.893 0.072 348 194
0.607 0.020 349 321
0.296 0.645 350 144
0.147 0.758 351 259
0.473 0.518 352 225
0.764 0.063 353 314
0.549 0.290 354 178
0.616 0.004 355 201
0.703 0.170 356 251
0.440 0.505 357 299
0.115 0.193 358 351
0.127 0.192 359 253
0.074 0.017 360 292
0.066 0.092 361 338
0.730 0.198 362 50
0.042 0.897 363 285
0.330 0.098 364 238
0.630 0.170 365 30
0.502 0.378 366 173
0.612 0.012 367 189
0.071 0.364 368 147
0.199 0.367 369 250
0.938 0.050 370 169
0.120 0.048 371 24
0.705 0.154 372 294
0.848 0.080 373 274
0.811 0.030 374 238
0.224 0.420 375 222
0.642 0.006 376 214
0.640 0.024 377 359
0.664 0.261 378 202
0.839 0.044 379 183
0.783 0.085 380 6
0.603 0.108 381 141
0.511 0.481 382 210
0.630 0.362 383 190
0.961 0.011 384 300
0.859 0.097 385 67
0.532 0.029 386 208
0.612 0.251 387 200
0.726 0.186 388 380
0.631 0.139 389 29
0.932 0.007 390 230
0.774 0.167 391 251
0.632 0.279 392 321
0.587 0.308 393 327
0.127 0.083 394 72
0.219 0.064 395 220
0.540 0.096 396 324
0.568 0.321 397 110
0.683 0.182 398 375
0.550 0.204 399 390
0.038 0.250 400 316
0.640 0.028 401 174
0.019 0.322 402 340
0.161 0.554 403 69
0.986 0.009 404 27
0.331 0.025 405 263
0.841 0.056 406 275
0.389 0.151 407 13
0.931 0.056 408 161
0.840 0.119 409 401
0.261 0.604 410 351
0.019 0.775 411 41
0.659 0.063 412 38
0.128 0.496 413 281
0.342 0.097 414 402
0.243 0.129 415 412
0.912 0.075 416 299
0.643 0.333 417 216
0.865 0.071 418 66
0.712 0.087 419 325
0.341 0.594 420 111
0.011 0.208 421 118
0.844 0.109 422 190
0.440 0.018 423 276
0.874 0.110 424 239
0.222 0.665 425 195
0.169 0.471 426 411
0.603 0.380 427 28
0.668 0.020 428 170
0.480 0.494 429 115
0.777 0.168 430 140
0.064 0.672 431 320
0.359 0.347 432 345
0.136 0.638 433 289
0.674 0.024 434 308
0.593 0.190 435 422
0.800 0.137 436 396
0.444 0.058 437 336
0.199 0.100 438 239
0.050 0.213 439 427
0.473 0.070 440 424
0.949 0.012 441 104
0.337 0.525 442 64
0.926 0.073 443 242
0.792 0.009 444 359
0.163 0.252 445 100
0.003 0.916 446 15
0.789 0.129 447 410
0.115 0.189 448 220
0.059 0.656 449 223
0.838 0.013 450 166
0.335 0.221 451 32
0.816 0.182 452 184
0.469 0.129 453 29
0.727 0.020 454 35
0.751 0.055 455 410
0.469 0.099 456 334
0.226 0.452 457 87
0.979 0.019 458 155
0.021 0.354 459 350
0.674 0.277 460 341
0.966 0.021 461 25
0.709 0.003 462 354
0.527 0.463 463 36
0.601 0.328 464 12
0.530 0.084 465 346
0.738 0.120 466 420
0.361 0.282 467 223
0.428 0.291 468 199
0.869 0.089 469 215
0.153 0.234 470 287
0.558 0.120 471 20
0.120 0.697 472 399
0.205 0.176 473 111
0.331 0.662 474 253
0.930 0.047 475 217
0.686 0.023 476 447
0.873 0.038 477 322
0.316 0.554 478 413
0.008 0.342 479 159
0.031 0.268 480 206
0.714 0.245 481 369
0.370 0.230 482 41
0.840 0.018 483 126
0.091 0.586 484 131
0.955 0.019 485 70
0.347 0.177 486 65
0.615 0.006 487 314
0.079 0.170 488 50
0.202 0.727 489 355
0.102 0.569 490 256
0.968 0.024 491 415
0.710 0.088 492 303
0.444 0.510 493 253
0.537 0.349 494 66
0.482 0.187 495 37
0.361 0.622 496 178
0.163 0.660 497 195
0.057 0.685 498 489
0.652 0.037 499 30
0.868 0.101 500 499
0.392 0.411 501 78
0.436 0.327 502 172
0.762 0.121 503 112
0.643 0.263 504 250
0.888 0.037 505 54
0.500 0.277 506 264
0.467 0.054 507 260
0.164 0.307 508 458
0.609 0.213 509 350
0.489 0.302 510 282
0.345 0.045 511 500
0.621 0.032 512 366
0.015 0.414 513 62
0.517 0.375 514 387
0.059 0.857 515 190
0.058 0.771 516 175
0.400 0.232 517 443
0.639 0.125 518 153
0.335 0.103 519 295
0.093 0.347 520 519
0.632 0.073 521 426
0.855 0.105 522 421
0.777 0.042 523 473
0.153 0.477 524 309
0.568 0.273 525 517
0.988 0.009 526 211
0.007 0.061 527 485
0.428 0.122 528 480
0.045 0.452 529 385
0.607 0.225 530 321
0.516 0.400 531 108
0.911 0.060 532 330
0.350 0.630 533 16
0.676 0.110 534 89
0.424 0.406 535 493
0.136 0.818 536 370
0.349 0.542 537 150
0.733 0.258 538 328
0.972 0.004 539 151
0.335 0.005 540 301
0.687 0.217 541 491
0.699 0.188 542 17
0.436 0.006 543 492
0.003 0.919 544 273
0.190 0.539 545 228
0.036 0.312 546 508
0.573 0.418 547 136
0.508 0.013 548 385
0.061 0.316 549 46
0.523 0.188 550 467
0.289 0.389 551 550
0.661 0.046 552 231
0.090 0.016 553 313
0.504 0.417 554 407
0.998 0.002 555 19
0.323 0.577 556 317
0.674 0.316 557 34
0.372 0.022 558 11
0.260 0.499 559 504
0.955 0.002 560 93
0.721 0.145 561 264
0.675 0.229 562 493
0.949 0.022 563 225
0.058 0.455 564 102
0.293 0.206 565 455
0.648 0.007 566 372
0.277 0.341 567 20
0.607 0.121 568 225
0.261 0.001 569 544
0.771 0.032 570 425
0.791 0.073 571 101
0.279 0.580 572 492
0.973 0.017 573 27
0.438 0.490 574 167
0.736 0.040 575 375
0.110 0.789 576 282
0.637 0.112 577 505
0.533 0.107 578 294
0.570 0.015 579 564
0.071 0.209 580 49
0.729 0.034 581 18
0.587 0.182 582 116
0.583 0.306 583 389
0.275 0.118 584 270
0.933 0.018 585 479
0.597 0.153 586 192
0.227 0.256 587 187
0.721 0.250 588 395
0.931 0.007 589 46
0.261 0.489 590 400
0.748 0.175 591 522
0.290 0.684 592 454
0.235 0.739 593 133
0.138 0.630 594 428
0.145 0.832 595 20
0.238 0.175 596 422
0.147 0.272 597 476
0.895 0.034 598 217
0.625 0.089 599 375
0.443 0.331 600 91
0.137 0.527 601 578
0.690 0.052 602 132
0.520 0.252 603 467
0.228 0.548 604 280
0.451 0.477 605 522
0.149 0.190 606 535
0.696 0.216 607 220
0.627 0.102 608 376
0.397 0.603 609 449
0.994 0.006 610 479
0.035 0.536 611 591
0.946 0.023 612 370
0.266 0.138 613 463
0.432 0.231 614 183
0.428 0.396 615 339
0.591 0.330 616 346
0.746 0.145 617 293
0.437 0.421 618 265
0.163 0.139 619 124
0.103 0.474 620 411
0.326 0.343 621 353
0.965 0.003 622 559
0.920 0.042 623 16
0.488 0.483 624 79
0.945 0.016 625 23
0.144 0.208 626 52
0.630 0.259 627 134
0.690 0.184 628 84
0.376 0.429 629 392
0.668 0.005 630 326
0.998 0.002 631 606
0.716 0.006 632 563
0.906 0.002 633 220
0.635 0.326 634 78
0.428 0.206 635 326
0.807 0.173 636 327
0.051 0.514 637 88
0.554 0.092 638 62
0.872 0.110 639 319
0.515 0.166 640 367
0.384 0.055 641 591
0.255 0.266 642 387
0.980 0.010 643 622
0.943 0.020 644 588
0.266 0.376 645 256
0.026 0.420 646 449
0.465 0.111 647 61
0.337 0.406 648 606
0.262 0.004 649 238
0.352 0.499 650 111
0.104 0.181 651 222
0.265 0.435 652 311
0.259 0.562 653 67
0.367 0.316 654 16
0.945 0.042 655 211
0.423 0.063 656 458
0.440 0.313 657 457
0.120 0.391 658 189
0.659 0.215 659 142
0.914 0.001 660 516
0.433 0.323 661 387
0.439 0.241 662 338
0.362 0.379 663 479
0.379 0.393 664 645
0.189 0.444 665 554
0.537 0.413 666 289
0.107 0.770 667 342
0.913 0.055 668 380
0.882 0.062 669 436
0.198 0.295 670 502
0.799 0.199 671 42
0.704 0.022 672 36
0.680 0.232 673 48
0.522 0.364 674 496
0.921 0.057 675 671
0.720 0.039 676 430
0.263 0.485 677 520
0.672 0.191 678 466
0.862 0.084 679 170
0.239 0.670 680 304
0.932 0.066 681 639
0.560 0.201 682 223
0.174 0.290 683 71
0.383 0.424 684 82
0.418 0.220 685 392
0.609 0.213 686 325
0.038 0.483 687 570
0.655 0.170 688 304
0.779 0.197 689 315
0.900 0.017 690 32
0.563 0.213 691 444
0.089 0.317 692 412
0.741 0.183 693 473
0.493 0.178 694 496
0.601 0.388 695 578
0.594 0.331 696 681
0.031 0.225 697 490
0.297 0.365 698 372
0.386 0.208 699 220
0.989 0.002 700 651
0.630 0.225 701 650
0.654 0.132 702 9
0.754 0.049 703 691
0.859 0.019 704 28
0.390 0.195 705 265
0.329 0.160 706 155
0.411 0.506 707 567
0.152 0.234 708 410
0.057 0.399 709 113
0.248 0.492 710 493
0.942 0.041 711 487
0.472 0.117 712 657
0.202 0.327 713 450
0.585 0.145 714 705
0.935 0.039 715 155
0.818 0.081 716 662
0.759 0.127 717 565
0.240 0.555 718 329
0.101 0.095 719 413
0.866 0.058 720 541
0.728 0.120 721 247
0.986 0.011 722 497
0.025 0.933 723 197
0.240 0.002 724 53
0.855 0.080 725 73
0.699 0.172 726 144
0.684 0.083 727 486
0.829 0.142 728 401
0.233 0.762 729 200
0.654 0.246 730 570
0.493 0.076 731 501
0.893 0.078 732 392
0.164 0.678 733 412
0.912 0.077 734 73
0.491 0.008 735 108
0.083 0.440 736 262
0.134 0.846 737 233
0.933 0.024 738 438
0.734 0.080 739 593
0.382 0.295 740 313
0.127 0.315 741 264
0.275 0.015 742 645
0.658 0.145 743 309
0.197 0.059 744 576
0.546 0.403 745 226
0.204 0.140 746 129
0.519 0.244 747 477
0.747 0.253 748 329
0.154 0.130 749 53
0.344 0.171 750 564
0.674 0.164 751 51
0.659 0.316 752 383
0.195 0.057 753 259
0.907 0.052 754 279
0.718 0.051 755 418
0.428 0.260 756 390
0.864 0.094 757 190
0.022 0.068 758 115
0.319 0.574 759 534
0.441 0.181 760 221
0.447 0.186 761 266
0.809 0.188 762 561
0.947 0.038 763 25
0.526 0.202 764 217
0.544 0.302 765 719
0.390 0.166 766 407
0.726 0.244 767 3
0.734 0.188 768 408
0.515 0.319 769 520
0.796 0.071 770 222
0.533 0.199 771 488
0.982 0.009 772 605
0.566 0.062 773 407
0.744 0.119 774 118
0.110 0.146 775 4
0.792 0.038 776 18
0.665 0.028 777 356
0.069 0.849 778 376
0.891 0.031 779 231
0.356 0.364 780 690
0.480 0.196 781 440
0.477 0.300 782 347
0.764 0.030 783 324
0.067 0.061 784 429
0.214 0.687 785 38
0.086 0.580 786 362
0.429 0.214 787 578
0.668 0.328 788 595
0.879 0.069 789 157
0.081 0.230 790 667
0.812 0.071 791 671
0.397 0.156 792 464
0.874 0.123 793 323
0.915 0.081 794 668
0.976 0.009 795 21
0.171 0.529 796 581
0.622 0.238 797 109
0.547 0.449 798 215
0.874 0.002 799 569
0.404 0.545 800 414
0.389 0.253 801 95
0.116 0.133 802 614
0.493 0.115 803 699
0.483 0.128 804 619
0.853 0.109 805 525
0.807 0.034 806 673
0.922 0.061 807 187
0.642 0.202 808 797
0.063 0.915 809 137
0.205 0.347 810 65
0.666 0.167 811 408
0.436 0.487 812 253
0.170 0.819 813 78
0.891 0.103 814 431
0.594 0.329 815 212
0.109 0.276 816 249
0.446 0.415 817 371
0.584 0.121 818 810
0.626 0.102 819 303
0.031 0.363 820 153
0.904 0.095 821 267
0.436 0.160 822 527
0.552 0.316 823 721
0.859 0.115 824 56
0.780 0.030 825 530
0.541 0.389 826 182
0.781 0.178 827 461
0.959 0.027 828 357
0.473 0.476 829 739
0.759 0.189 830 640
0.740 0.172 831 555
0.967 0.006 832 303
0.987 0.007 833 650
0.894 0.081 834 446
0.139 0.650 835 71
0.021 0.195 836 402
0.619 0.351 837 379
0.789 0.007 838 479
0.648 0.123 839 780
0.152 0.083 840 695
0.417 0.235 841 833
0.385 0.012 842 206
0.124 0.013 843 637
0.395 0.019 844 601
0.693 0.233 845 736
0.141 0.661 846 776
0.182 0.075 847 714
0.329 0.338 848 426
0.521 0.237 849 366
0.913 0.014 850 230
0.626 0.349 851 561
0.549 0.267 852 374
0.011 0.186 853 388
0.848 0.011 854 276
0.383 0.381 855 349
0.816 0.015 856 313
0.030 0.539 857 53
0.849 0.147 858 730
0.561 0.417 859 566
0.204 0.248 860 634
0.679 0.156 861 416
0.942 0.031 862 296
0.554 0.160 863 563
0.863 0.073 864 556
0.912 0.088 865 835
0.783 0.133 866 116
0.432 0.366 867 641
0.488 0.353 868 393
0.360 0.416 869 837
0.098 0.615 870 201
0.276 0.150 871 240
0.763 0.085 872 868
0.716 0.056 873 152
0.899 0.050 874 673
0.466 0.470 875 641
0.284 0.254 876 90
0.084 0.853 877 1
0.317 0.371 878 343
0.575 0.228 879 656
0.221 0.072 880 610
0.463 0.246 881 860
0.040 0.882 882 631
0.355 0.187 883 691
0.211 0.073 884 796
0.455 0.158 885 303
0.953 0.015 886 33
0.723 0.193 887 355
0.121 0.732 888 148
0.813 0.183 889 161
0.533 0.162 890 91
0.462 0.159 891 676
0.538 0.271 892 879
0.829 0.047 893 229
0.163 0.147 894 611
0.096 0.354 895 281
0.590 0.361 896 555
0.802 0.178 897 675
0.769 0.121 898 192
0.469 0.170 899 880
0.703 0.177 900 657
0.717 0.166 901 491
0.904 0.082 902 187
0.662 0.093 903 488
0.097 0.508 904 373
0.591 0.332 905 256
0.392 0.401 906 855
0.306 0.282 907 205
0.145 0.293 908 772
0.714 0.043 909 64
0.361 0.626 910 301
0.743 0.029 911 489
0.443 0.483 912 620
0.598 0.012 913 724
0.279 0.226 914 546
0.867 0.078 915 62
0.537 0.249 916 845
0.575 0.004 917 103
0.768 0.141 918 793
0.896 0.043 919 723
0.788 0.174 920 572
0.434 0.484 921 775
0.994 0.004 922 287
0.286 0.669 923 20
0.428 0.323 924 161
0.577 0.209 925 272
0.038 0.167 926 222
0.154 0.621 927 340
0.676 0.154 928 875
0.256 0.592 929 580
0.746 0.146 930 600
0.184 0.470 931 561
0.631 0.106 932 547
0.607 0.034 933 271
0.635 0.081 934 647
0.338 0.453 935 93
0.378 0.476 936 179
0.932 0.015 937 574
0.042 0.597 938 383
0.853 0.131 939 888
0.962 0.033 940 551
0.659 0.204 941 759
0.271 0.606 942 659
0.858 0.040 943 134
0.151 0.446 944 897
0.412 0.265 945 587
0.675 0.281 946 487
0.090 0.526 947 847
0.504 0.204 948 395
0.976 0.001 949 392
0.616 0.168 950 294
0.203 0.013 951 729
0.812 0.119 952 618
0.800 0.106 953 298
0.808 0.092 954 504
0.801 0.149 955 125
0.785 0.049 956 699
0.796 0.052 957 261
0.333 0.436 958 414
0.109 0.379 959 860
0.478 0.213 960 550
0.093 0.305 961 122
0.871 0.115 962 781
0.132 0.419 963 907
0.805 0.109 964 879
0.121 0.387 965 715
0.952 0.033 966 665
0.635 0.028 967 870
0.063 0.779 968 450
0.481 0.443 969 854
0.820 0.157 970 684
0.912 0.018 971 829
0.691 0.294 972 291
0.466 0.509 973 948
0.926 0.034 974 668
0.566 0.410 975 419
0.552 0.339 976 147
0.502 0.323 977 87
0.338 0.076 978 500
0.095 0.621 979 96
0.922 0.070 980 914
0.423 0.426 981 593
0.682 0.027 982 247
0.946 0.006 983 47
0.426 0.132 984 55
0.365 0.517 985 540
0.529 0.213 986 933
0.704 0.016 987 704
0.921 0.010 988 849
0.352 0.069 989 70
0.424 0.470 990 432
0.870 0.009 991 190
0.166 0.028 992 173
0.798 0.096 993 386
0.208 0.781 994 678
0.509 0.408 995 379
0.095 0.558 996 748
0.976 0.015 997 616
0.383 0.125 998 411
0.547 0.177 999 216
0.264 0.361 1000 815
0.368 0.181 1001 381
0.776 0.020 1002 581
0.884 0.026 1003 149
0.377 0.509 1004 332
0.233 0.006 1005 500
0.153 0.674 1006 102
0.295 0.547 1007 138
0.149 0.737 1008 912
0.221 0.672 1009 447
0.843 0.138 1010 603
0.582 0.154 1011 474
0.718 0.071 1012 46
0.141 0.557 1013 20
0.696 0.036 1014 385
0.433 0.282 1015 694
0.561 0.039 1016 833
0.165 0.291 1017 277
0.136 0.336 1018 752
0.847 0.114 1019 29
0.951 0.010 1020 671
0.212 0.182 1021 12
0.852 0.105 1022 228
0.532 0.437 1023 938
0.101 0.216 1024 953
0.826 0.018 1025 14
0.469 0.019 1026 199
0.979 0.006 1027 772
0.716 0.276 1028 165
0.648 0.035 1029 739
0.805 0.074 1030 447
0.501 0.266 1031 397
0.979 0.012 1032 71
0.975 0.024 1033 680
0.658 0.036 1034 457
0.859 0.028 1035 254
0.072 0.119 1036 315
0.816 0.073 1037 863
0.467 0.028 1038 410
0.448 0.104 1039 662
0.934 0.032 1040 374
0.588 0.294 1041 183
0.694 0.049 1042 831
0.465 0.333 1043 70
0.087 0.411 1044 280
0.557 0.295 1045 431
0.189 0.710 1046 488
0.729 0.186 1047 316
0.186 0.170 1048 298
0.787 0.172 1049 33
0.892 0.041 1050 626
0.196 0.653 1051 596
0.011 0.181 1052 435
0.874 0.068 1053 927
0.286 0.208 1054 656
0.527 0.151 1055 229
0.394 0.520 1056 607
0.196 0.021 1057 389
0.523 0.358 1058 217
0.418 0.183 1059 727
0.334 0.646 1060 763
0.381 0.482 1061 879
0.108 0.453 1062 126
0.128 0.071 1063 226
0.008 0.444 1064 331
0.761 0.111 1065 307
0.679 0.041 1066 494
0.487 0.195 1067 641
0.243 0.750 1068 71
0.184 0.679 1069 1041
0.178 0.194 1070 624
0.410 0.081 1071 684
0.689 0.273 1072 316
0.158 0.179 1073 62
0.908 0.085 1074 210
0.496 0.102 1075 900
0.408 0.454 1076 405
0.678 0.197 1077 254
0.918 0.058 1078 48
0.408 0.258 1079 738
0.687 0.240 1080 173
0.036 0.334 1081 550
0.438 0.474 1082 635
0.901 0.085 1083 845
0.669 0.142 1084 243
0.114 0.447 1085 414
0.469 0.028 1086 374
0.944 0.032 1087 128
0.058 0.588 1088 644
0.761 0.111 1089 542
0.468 0.256 1090 818
0.184 0.311 1091 199
0.323 0.356 1092 1071
0.656 0.104 1093 749
0.803 0.023 1094 495
0.126 0.577 1095 383
0.018 0.810 1096 314
0.177 0.338 1097 108
0.750 0.147 1098 433
0.570 0.127 1099 399
