1000 1
628307
378628
681634
88712
823512
796712
352292
776307
852938
440916
665054
171416
610868
997844
575889
820937
663006
872120
456150
809719
452768
30999
959391
847940
256682
714700
915127
511404
501124
313831
857701
614109
241697
872894
810900
308572
485709
461362
298342
722747
126762
926285
450660
75365
166223
277225
634235
575561
124629
490792
842688
677474
925080
111507
182506
614382
104240
875614
638611
994489
286378
711983
135459
644871
350712
532541
883131
258010
228774
160579
328997
294907
556739
26767
204018
518104
356342
251423
985040
672856
379265
983540
972810
693456
383729
917994
45762
616281
959588
838550
362652
623789
847667
29707
611722
46749
222485
245712
587948
279075
708897
691033
491118
89704
86712
953387
788387
529592
628865
242658
555201
668386
574172
965878
82390
394996
419325
797438
419082
770627
99734
332235
986740
338570
464694
208479
188486
436443
895907
626607
730302
300891
919068
26955
220353
185450
400566
376284
753337
623043
10159
238093
448025
507852
621363
260512
280594
643385
451994
646277
407792
37566
614415
602535
623914
373848
216631
673365
549769
946345
245268
686573
310359
648635
211129
180061
79554
39556
923550
916392
568848
448672
148750
200017
266234
138224
117550
57772
901870
938179
578775
812256
535075
761467
470983
642903
259713
788220
502607
401680
313469
332135
984116
755619
816167
896890
712018
48339
438169
713324
381797
439336
393940
367783
778394
497365
708069
664459
914777
293088
628926
498678
701610
338036
870808
916714
10858
941620
814280
188989
138187
349950
560801
585777
404129
713339
808654
436430
497415
613472
18468
321319
375583
418200
166076
148525
994600
226770
884198
675648
121306
800681
445935
485778
456617
532849
531568
391713
859422
649326
688912
868934
523685
348771
21117
444376
258896
402357
985520
764790
925990
656752
458105
944288
320536
246415
962667
397955
816130
930547
44528
348532
79173
683755
647955
746706
227680
614819
903323
689036
617093
977307
711057
62980
794934
673243
536133
233898
101109
323192
349139
984588
477544
307907
240592
58945
713488
884449
957122
624148
292972
866462
688441
674047
396709
818688
3882
31374
685499
983430
353808
202365
998086
283129
394242
119371
444224
796063
955003
186622
924050
128083
782335
796562
153491
450738
999877
181177
537006
223037
660400
538438
623769
913855
281245
318061
267433
931154
828911
254292
142167
959883
965882
964231
250592
266105
10310
92297
52793
645596
999309
690616
537291
859548
868116
872728
456167
409260
630075
652350
611489
213265
42777
474686
896179
624376
504285
390770
903035
760743
196057
213841
279767
566627
801089
487411
890648
859465
401478
946721
987508
400001
745860
820584
173656
255923
574533
68296
220466
167087
171604
864983
322796
53936
857150
154803
367099
146428
261062
480955
968803
805202
949842
500173
865358
594310
108105
794395
702367
448157
24627
860881
950903
857680
303522
21530
545564
903124
657585
749479
499591
749266
770156
286938
948315
176472
474683
777183
487861
234069
149866
116378
573666
88163
739201
171419
795032
201877
143250
429605
391672
722458
492224
376333
74143
201829
519734
129181
709141
895885
706707
758477
753847
618949
722120
73398
15483
803438
127882
892997
306749
505099
671495
383343
109580
516124
551338
348839
4060
701537
256530
280876
357522
142413
316814
367814
76448
140920
417601
258423
438896
980388
400831
471992
224562
622377
146183
936720
800007
711553
490400
698851
256946
478574
31875
885081
919940
225528
232590
904820
927221
561186
748525
319933
416906
536887
113738
231866
735963
209911
217420
191270
257802
600940
281943
907467
104105
212797
560127
384591
500561
212283
117473
629575
178375
818240
645945
510970
969826
275690
312829
321986
6349
760577
926705
187999
476739
410786
105745
312421
294283
791548
612943
903909
463506
681949
148147
950176
49280
585370
953215
226380
399262
125306
880720
942132
154767
238077
467697
988974
296197
968843
955345
850941
674507
378582
179877
860411
165143
898757
126621
323659
658016
727700
308840
922449
290457
575278
209116
997266
324767
175667
690277
356792
685608
419627
317015
617519
592943
313980
424800
721543
51694
610237
780093
741256
213235
782930
964791
121650
945989
283365
779986
218985
483261
293795
209152
391199
211552
576041
637012
422962
387840
896921
571517
119042
132089
128026
184661
806164
495563
793411
127463
245801
182635
650758
509259
618163
155705
734482
393706
401199
937670
466471
185250
182166
707379
960337
367173
605976
244570
527640
567561
182965
67469
625357
66429
52544
469940
46501
229975
690620
898789
826256
416916
155421
44901
424384
478790
609243
347658
513277
248937
360369
191592
463415
292476
179210
286962
799301
703330
143125
188726
785807
725670
451367
974713
738334
477309
716072
64962
452177
546585
380731
503153
307017
633929
732388
703167
375225
62608
28428
94024
251529
278086
291734
866335
25790
63845
718409
939851
813590
630898
440818
701648
399187
409004
604645
555534
888380
659878
494858
85122
667732
842745
81464
330328
769656
331844
953918
628778
907846
661971
122672
902554
908926
981688
545570
795528
517878
670853
802501
713389
294091
163419
396049
155005
370023
423930
458940
233735
530410
944167
834390
415563
490736
317484
596410
44604
494574
30117
73519
198615
316235
624106
806619
440924
852605
309599
528634
262
21515
488833
889230
634333
513358
881648
641657
902905
265717
535132
446214
839934
229138
440666
856276
49187
666198
13209
233698
952744
405580
714572
791092
468056
777778
863163
304043
473473
945296
94840
817149
791470
781428
195532
371117
738777
122399
894185
537624
892923
684965
943130
604606
846018
528519
909505
663524
86485
844354
529998
308801
190807
150931
736705
319846
585680
718562
73118
599168
665936
317856
652142
639043
674862
24080
67544
17364
332737
612173
785702
800283
32487
827382
629363
303684
712044
874333
532126
191941
958819
379
712290
413593
390741
259101
508012
678634
900458
359950
592365
22186
883772
934939
833277
678438
419596
476495
2639
205429
52129
660573
230667
35206
455292
287244
976704
53149
334780
295887
127317
186094
21539
256693
674256
466993
742563
557345
134029
472890
876760
688759
706409
440942
321267
281103
138339
923916
276944
970279
131592
818509
268877
992946
221740
586606
970871
596908
93521
431583
429896
353471
17842
18871
234939
566615
764229
159270
245350
32506
763189
433340
561771
68058
473871
610499
208991
799821
774524
714846
531402
212167
763581
475074
801669
968481
793732
558937
923899
68721
959816
168925
827599
729339
95060
518086
682933
150149
290248
290471
1374
721546
609737
519000
68203
180635
845546
142359
284334
776177
502468
881475
725729
617129
249459
40422
690919
412425
916061
520875
718235
504776
954463
981686
911091
856699
406879
848101
354767
755391
778797
976664
388243
528881
651926
984938
762395
243956
712505
388253
45711
47081
975563
306250
72529
139702
138250
603082
780001
237271
760762
49384
352489
725896
760556
370058
763822
830906
992214
876808
0.041 0.262 393 177
