1 1000
56076
0.134 0.293 1 1
0.265 0.654 1 1
0.126 0.221 3 1
0.149 0.700 2 1
0.140 0.588 3 4
0.283 0.040 1 5
0.575 0.283 2 1
0.262 0.162 3 3
0.230 0.698 4 4
0.709 0.280 10 2
0.638 0.083 9 3
0.267 0.238 7 8
0.588 0.049 9 11
0.836 0.158 1 9
0.256 0.469 6 14
0.958 0.035 9 15
0.830 0.110 13 14
0.835 0.089 1 4
0.208 0.611 13 13
0.064 0.629 20 13
0.469 0.434 15 2
0.557 0.127 8 20
0.152 0.629 22 14
0.956 0.004 15 20
0.382 0.387 17 16
0.352 0.188 12 15
0.611 0.078 8 26
0.699 0.128 2 27
0.455 0.075 28 7
0.104 0.274 7 27
0.857 0.140 8 11
0.763 0.202 21 19
0.143 0.625 10 20
0.555 0.039 12 6
0.326 0.162 11 25
0.792 0.081 36 11
0.809 0.022 18 17
0.303 0.683 8 2
0.889 0.096 25 39
0.375 0.391 32 12
0.513 0.018 29 3
0.883 0.091 21 37
0.957 0.006 18 17
0.954 0.020 44 39
0.963 0.015 30 9
0.107 0.012 42 39
0.861 0.048 16 22
0.258 0.240 44 43
0.638 0.253 48 22
0.145 0.098 12 27
0.892 0.019 11 23
0.143 0.702 52 46
0.144 0.204 47 20
0.933 0.061 7 38
0.612 0.263 1 23
0.341 0.545 28 10
0.558 0.083 8 17
0.813 0.134 11 36
0.428 0.332 5 47
0.248 0.540 14 7
0.243 0.210 43 2
0.010 0.316 18 10
0.542 0.388 5 61
0.392 0.071 31 45
0.303 0.251 41 2
0.517 0.295 24 66
0.657 0.178 36 27
0.702 0.062 68 8
0.526 0.107 64 54
0.116 0.314 33 2
0.961 0.032 47 71
0.020 0.328 56 13
0.715 0.140 18 41
0.193 0.557 8 16
0.228 0.269 26 71
0.643 0.148 39 52
0.418 0.254 11 36
0.921 0.056 6 26
0.159 0.497 54 43
0.143 0.832 80 45
0.852 0.029 15 51
0.145 0.478 23 81
0.547 0.254 82 32
0.966 0.025 37 52
0.654 0.222 81 54
0.396 0.320 34 82
0.039 0.952 8 31
0.328 0.544 33 63
0.704 0.163 33 3
0.752 0.185 10 62
0.680 0.271 26 7
0.775 0.096 89 55
0.902 0.059 20 37
0.529 0.191 21 48
0.170 0.774 34 49
0.775 0.083 61 19
0.194 0.052 57 71
0.884 0.001 81 42
0.586 0.114 5 18
0.746 0.106 99 85
0.931 0.057 69 41
0.044 0.173 67 57
0.180 0.607 97 10
0.500 0.090 10 71
0.845 0.148 97 43
0.635 0.202 90 80
0.648 0.327 1 7
0.839 0.116 78 39
0.872 0.060 50 5
0.134 0.574 21 43
0.934 0.026 69 106
0.673 0.092 62 18
0.548 0.225 53 35
0.503 0.377 67 96
0.704 0.201 65 5
0.716 0.126 59 76
0.756 0.115 15 68
0.341 0.440 97 12
0.277 0.416 74 52
0.782 0.058 45 7
0.713 0.018 48 34
0.170 0.742 23 59
0.088 0.230 45 31
0.586 0.404 28 49
0.658 0.091 93 91
0.153 0.504 66 4
0.789 0.104 106 112
0.723 0.187 105 51
0.670 0.170 80 107
0.235 0.188 92 128
0.043 0.890 103 59
0.509 0.014 27 63
0.554 0.161 89 106
0.200 0.595 59 122
0.674 0.260 67 87
0.574 0.057 47 127
0.946 0.027 1 73
0.152 0.155 90 111
0.881 0.114 94 83
0.535 0.114 95 28
0.521 0.224 52 116
0.120 0.670 35 52
0.943 0.045 30 130
0.799 0.048 62 20
0.142 0.613 100 52
0.345 0.457 110 52
0.080 0.695 69 69
0.525 0.284 89 109
0.637 0.068 42 57
0.739 0.152 112 53
0.581 0.006 74 120
0.970 0.014 120 47
0.143 0.373 95 99
0.333 0.555 45 27
0.263 0.072 65 143
0.062 0.618 63 133
0.435 0.004 63 144
0.528 0.194 108 77
0.238 0.508 87 2
0.848 0.078 5 95
0.377 0.350 57 23
0.518 0.389 102 40
0.136 0.579 71 62
0.970 0.003 73 148
0.920 0.052 111 89
0.904 0.046 94 20
0.970 0.030 27 15
0.048 0.675 58 107
0.646 0.313 154 21
0.981 0.011 111 88
0.740 0.085 163 92
0.131 0.673 82 114
0.805 0.115 74 120
0.208 0.164 36 112
0.147 0.350 102 147
0.555 0.074 131 87
0.009 0.914 24 85
0.877 0.067 15 86
0.927 0.064 143 81
0.457 0.134 109 79
0.030 0.791 74 161
0.967 0.030 44 70
0.749 0.013 86 56
0.462 0.227 21 96
0.110 0.628 184 183
0.117 0.141 184 144
0.118 0.561 29 6
0.424 0.425 146 66
0.193 0.255 109 29
0.291 0.438 124 85
0.164 0.333 176 47
0.937 0.018 146 139
0.630 0.238 124 54
0.932 0.031 101 55
0.398 0.248 38 78
0.228 0.185 40 129
0.208 0.509 136 123
0.732 0.228 174 44
0.376 0.257 180 146
0.409 0.419 60 80
0.828 0.019 185 135
0.909 0.050 85 13
0.411 0.104 71 131
0.521 0.261 44 197
0.785 0.090 12 99
0.024 0.819 4 90
0.938 0.029 46 27
0.054 0.923 95 149
0.191 0.388 116 111
0.029 0.734 138 163
0.948 0.012 71 55
0.636 0.259 87 145
0.552 0.318 205 50
0.893 0.084 84 104
0.353 0.353 104 62
0.040 0.013 29 18
0.107 0.872 74 4
0.044 0.236 69 155
0.374 0.172 83 88
0.048 0.488 128 113
0.909 0.012 99 176
0.600 0.214 72 199
0.855 0.017 69 212
0.508 0.079 11 218
0.113 0.615 55 40
0.969 0.016 6 15
0.249 0.742 87 181
0.681 0.015 25 47
0.281 0.305 207 224
0.708 0.184 86 33
0.568 0.232 6 130
0.549 0.372 75 209
0.434 0.289 20 33
0.371 0.612 106 69
0.561 0.205 165 114
0.341 0.485 93 105
0.851 0.090 135 109
0.957 0.025 151 220
0.619 0.303 118 102
0.042 0.598 226 36
0.164 0.148 155 199
0.295 0.027 168 159
0.174 0.003 85 158
0.115 0.305 31 65
0.906 0.028 57 179
0.870 0.105 3 188
0.841 0.031 219 62
0.395 0.455 54 10
0.905 0.092 137 63
0.785 0.079 69 179
0.334 0.132 213 70
0.041 0.809 236 127
0.263 0.081 45 179
0.276 0.207 109 245
0.794 0.046 128 149
0.913 0.018 150 88
0.516 0.167 175 18
0.484 0.211 188 72
0.155 0.481 15 141
0.009 0.610 122 2
0.234 0.539 201 88
0.831 0.143 23 97
0.475 0.392 215 234
0.387 0.558 22 224
0.422 0.274 219 223
0.131 0.605 12 192
0.294 0.257 125 136
0.889 0.006 69 247
0.274 0.568 136 254
0.054 0.672 88 111
0.730 0.042 26 192
0.085 0.203 163 251
0.883 0.015 110 126
0.818 0.104 118 95
0.317 0.063 51 46
0.543 0.318 169 150
0.316 0.408 203 131
0.491 0.339 96 238
0.907 0.004 17 34
0.748 0.112 230 128
0.044 0.688 171 58
0.074 0.008 133 184
0.106 0.692 40 65
0.415 0.578 146 278
0.481 0.305 219 6
0.242 0.215 74 225
0.763 0.079 82 259
0.538 0.369 152 113
0.632 0.356 47 4
0.136 0.801 202 229
0.854 0.034 93 121
0.709 0.105 170 78
0.405 0.398 208 254
0.155 0.682 104 286
0.799 0.140 104 147
0.561 0.249 221 176
0.121 0.556 266 235
0.114 0.126 20 158
0.764 0.052 7 213
0.403 0.476 25 119
0.126 0.775 235 249
0.887 0.019 136 65
0.333 0.360 263 151
0.609 0.148 153 258
0.835 0.013 87 269
0.708 0.203 100 82
0.323 0.260 285 11
0.467 0.269 281 266
0.067 0.293 266 247
0.847 0.022 34 170
0.932 0.033 290 188
0.050 0.493 264 209
0.360 0.170 201 2
0.700 0.010 228 152
0.403 0.464 112 98
0.675 0.290 174 14
0.265 0.706 90 76
0.821 0.054 244 172
0.390 0.543 132 94
0.224 0.354 97 220
0.533 0.172 193 142
0.083 0.503 233 171
0.739 0.217 302 2
0.914 0.021 43 119
0.741 0.174 236 24
0.523 0.424 33 200
0.290 0.667 164 130
0.172 0.773 119 87
0.410 0.519 95 317
0.944 0.050 79 166
0.955 0.018 210 266
0.496 0.213 321 143
0.360 0.176 240 190
0.951 0.029 221 83
0.457 0.075 271 151
0.871 0.108 85 183
0.692 0.205 273 231
0.937 0.039 101 28
0.866 0.131 224 281
0.207 0.474 98 185
0.845 0.015 166 240
0.411 0.212 189 329
0.323 0.638 138 320
0.756 0.124 223 280
0.188 0.783 27 2
0.022 0.719 282 193
0.126 0.393 307 191
0.902 0.018 51 138
0.371 0.527 57 245
0.750 0.147 139 310
0.915 0.017 83 268
0.112 0.779 29 38
0.636 0.065 245 294
0.411 0.498 239 57
0.712 0.068 65 272
0.254 0.613 314 351
0.923 0.074 115 38
0.412 0.068 91 44
0.958 0.019 257 356
0.672 0.032 217 92
0.516 0.482 160 50
0.655 0.317 188 207
0.204 0.074 117 1
0.289 0.611 301 191
0.463 0.299 199 316
0.013 0.657 274 84
0.698 0.300 58 273
0.742 0.197 199 276
0.358 0.419 184 348
0.469 0.032 90 218
0.271 0.661 81 13
0.870 0.001 264 238
0.068 0.120 244 302
0.691 0.184 323 350
0.711 0.077 336 317
0.783 0.001 349 271
0.158 0.817 336 369
0.883 0.008 189 55
0.376 0.219 219 350
0.589 0.025 250 247
0.219 0.591 315 193
0.993 0.001 107 5
0.478 0.295 259 64
0.492 0.352 21 20
0.072 0.844 344 168
0.091 0.391 157 363
0.018 0.548 331 357
0.249 0.651 341 209
0.978 0.006 6 326
0.313 0.018 139 16
0.210 0.434 197 248
0.708 0.141 31 321
0.191 0.380 76 327
0.974 0.014 91 380
0.424 0.121 140 101
0.600 0.083 173 140
0.398 0.466 324 385
0.887 0.021 375 164
0.090 0.178 189 13
0.109 0.693 150 131
0.737 0.051 364 50
0.304 0.621 181 286
0.591 0.150 243 150
0.603 0.389 203 190
0.158 0.019 287 101
0.164 0.463 19 289
0.601 0.025 178 378
0.171 0.402 365 391
0.186 0.696 148 20
0.880 0.064 64 346
0.246 0.488 18 349
0.300 0.224 277 43
0.550 0.254 396 222
0.070 0.543 340 181
0.111 0.342 55 412
0.540 0.424 321 40
0.452 0.231 400 205
0.672 0.175 286 299
0.151 0.001 198 377
0.325 0.012 256 35
0.750 0.189 412 213
0.955 0.034 377 35
0.781 0.060 42 74
0.110 0.258 26 238
0.328 0.134 219 163
0.408 0.301 67 334
0.551 0.315 212 338
0.252 0.420 178 377
0.482 0.435 409 181
0.023 0.707 131 171
0.706 0.017 162 120
0.012 0.194 402 427
0.333 0.191 416 380
0.354 0.486 53 100
0.680 0.246 205 278
0.875 0.068 283 52
0.082 0.724 85 353
0.274 0.644 217 217
0.421 0.176 279 425
0.598 0.239 30 439
0.382 0.439 269 266
0.346 0.426 237 191
0.875 0.071 367 404
0.759 0.222 22 198
0.143 0.789 427 363
0.683 0.283 72 316
0.581 0.406 427 138
0.366 0.388 216 109
0.839 0.058 119 204
0.775 0.014 185 385
0.883 0.116 25 18
0.902 0.032 97 313
0.977 0.004 160 87
0.658 0.124 88 109
0.461 0.340 134 27
0.192 0.249 130 346
0.768 0.221 36 229
0.637 0.066 259 434
0.357 0.190 33 73
0.701 0.283 97 140
0.113 0.703 362 243
0.234 0.162 330 135
0.290 0.075 402 383
0.176 0.114 257 72
0.314 0.456 56 337
0.925 0.034 218 300
0.986 0.007 84 277
0.121 0.105 88 304
0.535 0.443 274 72
0.950 0.049 46 363
0.960 0.023 430 78
0.709 0.046 134 194
0.802 0.152 156 146
0.482 0.078 180 252
0.719 0.151 373 45
0.584 0.322 384 184
0.062 0.330 113 289
0.438 0.337 413 373
0.143 0.531 470 198
0.392 0.531 283 5
0.968 0.013 73 312
0.733 0.231 480 291
0.948 0.049 100 40
0.576 0.193 298 425
0.990 0.005 350 109
0.393 0.142 207 414
0.180 0.690 155 196
0.099 0.317 199 187
0.841 0.072 18 409
0.111 0.230 190 309
0.531 0.266 165 327
0.764 0.019 149 248
0.556 0.322 69 257
0.252 0.014 352 191
0.294 0.698 401 126
0.433 0.035 360 240
0.505 0.116 85 444
0.164 0.440 473 158
0.125 0.558 494 127
0.572 0.250 288 340
0.775 0.104 491 434
0.052 0.576 14 477
0.202 0.674 496 217
0.069 0.037 225 61
0.365 0.103 158 471
0.421 0.512 356 391
0.541 0.313 453 143
0.268 0.434 316 275
0.803 0.132 361 304
0.681 0.134 279 353
0.138 0.208 403 246
0.141 0.474 370 187
0.798 0.169 366 31
0.183 0.679 113 168
0.449 0.183 192 515
0.008 0.055 241 395
0.267 0.677 223 343
0.017 0.870 222 303
0.681 0.086 33 98
0.412 0.161 115 171
0.630 0.162 61 237
0.370 0.240 325 210
0.457 0.054 488 373
0.360 0.440 310 98
0.474 0.433 489 264
0.489 0.169 145 73
0.281 0.706 318 465
0.275 0.427 316 379
0.871 0.017 154 473
0.628 0.165 145 461
0.114 0.377 134 347
0.592 0.191 467 245
0.067 0.051 261 155
0.631 0.314 388 221
0.188 0.537 34 504
0.281 0.510 26 183
0.291 0.469 77 372
0.523 0.329 272 165
0.928 0.068 7 337
0.280 0.709 104 140
0.329 0.370 67 79
0.971 0.004 447 250
0.017 0.929 376 247
0.157 0.330 61 3
0.798 0.006 45 71
0.912 0.088 315 163
0.707 0.235 104 174
0.568 0.118 472 158
0.517 0.035 60 517
0.002 0.236 168 176
0.598 0.025 418 312
0.228 0.037 194 207
0.954 0.026 143 475
0.094 0.389 36 284
0.304 0.483 467 399
0.295 0.149 384 321
0.624 0.111 362 305
0.919 0.052 93 60
0.375 0.335 66 78
0.496 0.337 453 356
0.072 0.391 348 351
0.607 0.291 369 226
0.836 0.093 196 201
0.149 0.232 474 403
0.105 0.350 17 340
0.926 0.036 455 221
0.101 0.154 276 136
0.100 0.296 512 495
0.161 0.078 183 455
0.601 0.383 385 385
0.547 0.008 547 390
0.664 0.326 252 423
0.995 0.005 473 180
0.176 0.123 152 253
0.591 0.082 166 10
0.257 0.058 328 338
0.838 0.159 535 260
0.411 0.329 466 235
0.965 0.014 151 36
0.163 0.753 211 28
0.429 0.542 9 406
0.838 0.160 413 363
0.081 0.156 465 530
0.677 0.082 135 258
0.678 0.073 559 220
0.244 0.079 461 80
0.490 0.397 137 130
0.487 0.284 262 381
0.226 0.192 26 109
0.208 0.261 233 142
0.073 0.432 523 163
0.033 0.859 443 509
0.772 0.208 215 570
0.426 0.458 435 77
0.527 0.272 532 364
0.847 0.118 228 527
0.650 0.056 75 467
0.372 0.518 128 392
0.940 0.057 12 333
0.196 0.618 189 266
0.655 0.189 234 288
0.733 0.094 292 66
0.229 0.093 410 237
0.764 0.061 49 10
0.604 0.334 163 550
0.415 0.039 526 6
0.956 0.013 213 66
0.018 0.970 241 356
0.981 0.019 23 218
0.974 0.006 166 49
0.391 0.171 356 587
0.151 0.175 142 29
0.966 0.008 203 34
0.427 0.523 341 316
0.684 0.147 191 341
0.934 0.023 178 343
0.512 0.363 345 594
0.400 0.591 458 159
0.803 0.113 498 242
0.630 0.055 139 562
0.923 0.053 578 258
0.727 0.224 317 499
0.890 0.029 125 206
0.348 0.587 249 375
0.733 0.264 583 94
0.326 0.153 278 26
0.114 0.069 517 569
0.433 0.103 10 224
0.657 0.340 119 405
0.568 0.216 450 315
0.065 0.835 389 518
0.530 0.037 603 552
0.978 0.009 489 460
0.367 0.040 177 250
0.747 0.170 154 190
0.861 0.056 356 395
0.328 0.533 410 418
0.877 0.080 565 611
0.048 0.847 364 121
0.132 0.377 606 618
0.311 0.437 222 303
0.582 0.141 99 421
0.466 0.165 239 317
0.220 0.317 129 496
0.037 0.323 280 288
0.439 0.054 517 224
0.689 0.107 343 609
0.488 0.468 101 491
0.473 0.208 282 43
0.258 0.339 443 68
0.638 0.222 223 567
0.457 0.074 433 203
0.004 0.475 284 590
0.923 0.040 131 592
0.623 0.080 14 34
0.967 0.005 616 323
0.609 0.332 247 115
0.406 0.180 134 441
0.411 0.320 197 110
0.342 0.375 424 122
0.890 0.058 261 205
0.153 0.241 258 362
0.376 0.027 239 63
0.873 0.119 458 504
0.524 0.140 171 568
0.593 0.221 557 133
0.144 0.718 298 345
0.803 0.001 390 148
0.336 0.550 417 530
0.887 0.109 220 7
0.356 0.087 498 578
0.140 0.857 596 114
0.530 0.112 608 263
0.155 0.202 324 194
0.435 0.091 648 391
0.221 0.112 405 269
0.755 0.008 558 230
0.599 0.128 504 160
0.805 0.111 215 629
0.855 0.022 657 467
0.787 0.125 65 350
0.301 0.415 635 461
0.138 0.791 458 363
0.689 0.112 499 434
0.041 0.184 107 164
0.664 0.124 363 16
0.504 0.019 266 487
0.197 0.707 433 623
0.864 0.030 670 384
0.650 0.187 472 307
0.006 0.009 406 33
0.160 0.469 514 334
0.160 0.600 360 246
0.676 0.071 156 597
0.975 0.015 94 432
0.675 0.314 311 146
0.653 0.126 306 490
0.066 0.796 560 376
0.416 0.038 453 509
0.578 0.196 391 416
0.500 0.012 509 218
0.683 0.180 606 42
0.185 0.414 493 557
0.520 0.277 297 605
0.515 0.445 181 613
0.394 0.057 468 62
0.922 0.024 429 104
0.980 0.004 266 352
0.973 0.012 178 93
0.257 0.127 709 222
0.895 0.091 585 613
0.800 0.039 579 76
0.177 0.137 461 83
0.883 0.077 108 611
0.280 0.701 192 119
0.363 0.237 159 511
0.866 0.053 401 306
0.509 0.452 638 553
0.066 0.169 570 272
0.864 0.010 298 626
0.538 0.304 81 8
0.623 0.093 404 93
0.506 0.025 244 23
0.327 0.614 449 362
0.649 0.095 326 189
0.872 0.018 349 159
0.986 0.011 90 484
0.131 0.317 210 660
0.337 0.175 368 336
0.790 0.170 581 538
0.507 0.435 593 429
0.729 0.094 289 476
0.155 0.754 445 201
0.202 0.103 212 594
0.007 0.521 655 329
0.201 0.018 101 674
0.631 0.050 471 365
0.423 0.330 84 702
0.286 0.100 608 586
0.679 0.222 637 354
0.021 0.196 630 591
0.339 0.472 209 510
0.684 0.209 85 628
0.264 0.093 710 132
0.234 0.010 44 461
0.073 0.015 439 515
0.717 0.046 350 379
0.077 0.643 444 180
0.837 0.100 223 70
0.353 0.292 257 178
0.294 0.406 283 282
0.516 0.078 613 513
0.331 0.350 387 384
0.877 0.060 734 646
0.826 0.023 72 317
0.112 0.359 153 741
0.354 0.329 290 379
0.788 0.004 669 363
0.014 0.323 714 417
0.176 0.629 250 288
0.277 0.561 225 614
0.222 0.744 643 268
0.026 0.899 618 225
0.370 0.003 666 102
0.095 0.582 605 670
0.559 0.231 151 686
0.589 0.125 662 391
0.969 0.027 732 39
0.364 0.166 416 683
0.700 0.171 581 664
0.381 0.560 556 343
0.200 0.045 242 419
0.529 0.453 702 742
0.600 0.094 28 659
0.609 0.124 611 405
0.604 0.234 228 136
0.695 0.053 642 719
0.143 0.139 298 297
0.652 0.272 463 703
0.807 0.115 169 663
0.760 0.077 240 126
0.067 0.815 226 10
0.626 0.107 312 734
0.655 0.208 292 327
0.614 0.328 242 157
0.286 0.236 712 336
0.690 0.095 339 660
0.616 0.372 480 618
0.290 0.097 68 737
0.511 0.146 521 102
0.829 0.138 266 191
0.080 0.735 142 641
0.839 0.051 211 634
0.083 0.679 277 77
0.976 0.024 458 444
0.739 0.064 689 246
0.978 0.007 37 705
0.990 0.001 326 84
0.369 0.345 43 528
0.212 0.418 248 620
0.672 0.113 415 236
0.882 0.085 194 702
0.234 0.579 544 147
0.400 0.491 142 151
0.281 0.235 481 61
0.465 0.329 399 157
0.242 0.359 361 587
0.998 0.002 484 40
0.895 0.027 608 734
0.074 0.020 372 469
0.267 0.656 651 7
0.726 0.124 580 418
0.793 0.037 123 720
0.853 0.017 809 397
0.064 0.602 125 428
0.911 0.082 568 142
0.785 0.171 633 190
0.392 0.544 310 514
0.866 0.123 346 11
0.395 0.304 223 649
0.076 0.658 386 48
0.151 0.346 390 742
0.949 0.039 663 530
0.817 0.031 495 691
0.161 0.548 117 616
0.004 0.422 269 568
0.201 0.357 738 70
0.513 0.307 56 184
0.078 0.411 219 44
0.998 0.002 717 677
0.331 0.660 168 353
0.763 0.070 583 227
0.932 0.030 829 384
0.030 0.600 295 661
0.377 0.136 82 437
0.843 0.093 25 694
0.031 0.234 427 704
0.659 0.174 833 539
0.923 0.048 230 798
0.238 0.060 76 156
0.211 0.683 802 219
0.050 0.168 740 328
0.460 0.385 317 367
0.606 0.383 18 734
0.175 0.587 184 36
0.042 0.282 278 92
0.703 0.004 780 386
0.572 0.253 115 603
0.119 0.674 816 373
0.557 0.242 672 296
0.830 0.059 204 683
0.097 0.880 499 632
0.982 0.016 741 448
0.954 0.015 608 224
0.655 0.159 771 612
0.012 0.847 277 415
0.891 0.092 717 16
0.344 0.563 194 831
0.701 0.279 457 277
0.346 0.371 472 60
0.986 0.001 275 468
0.654 0.078 783 571
0.192 0.468 459 188
0.929 0.059 394 442
0.417 0.490 28 204
0.510 0.180 153 366
0.965 0.015 661 597
0.640 0.048 9 668
0.102 0.302 750 248
0.021 0.631 802 300
0.065 0.424 230 391
0.115 0.250 809 187
0.055 0.090 710 606
0.298 0.293 238 371
0.754 0.145 363 387
0.164 0.346 802 307
0.651 0.187 406 34
0.124 0.428 832 489
0.554 0.134 267 91
0.937 0.036 754 434
0.895 0.064 854 218
0.079 0.036 251 612
0.922 0.067 303 476
0.303 0.298 521 752
0.278 0.092 537 41
0.743 0.124 620 71
0.651 0.262 873 134
0.888 0.067 367 654
0.891 0.052 769 269
0.188 0.557 95 220
0.117 0.771 146 301
0.324 0.102 828 615
0.450 0.243 825 590
0.946 0.008 149 337
0.065 0.756 469 642
0.720 0.121 832 540
0.131 0.768 149 870
0.268 0.644 420 675
0.264 0.421 899 886
0.548 0.098 463 609
0.844 0.110 673 713
0.083 0.688 77 336
0.072 0.168 447 618
0.711 0.079 564 342
0.069 0.504 247 862
0.856 0.118 581 444
0.939 0.056 442 15
0.242 0.436 399 467
0.243 0.158 15 279
0.375 0.533 508 609
0.323 0.617 128 827
0.094 0.820 478 517
0.079 0.193 215 164
0.446 0.368 292 683
0.901 0.076 858 55
0.136 0.561 156 860
0.141 0.379 121 9
0.210 0.091 264 125
0.180 0.794 606 84
0.800 0.121 745 549
0.909 0.084 572 692
0.488 0.198 912 741
0.952 0.036 293 23
0.613 0.378 898 415
0.173 0.737 315 103
0.454 0.139 633 479
0.699 0.037 360 189
0.714 0.200 110 407
0.822 0.036 320 655
0.045 0.179 484 93
0.603 0.241 216 122
0.865 0.001 843 130
0.984 0.014 680 713
0.321 0.061 590 131
0.575 0.200 99 197
0.556 0.288 861 763
0.475 0.218 922 487
0.876 0.094 354 661
0.725 0.123 243 218
0.008 0.719 905 862
0.807 0.174 870 613
0.152 0.411 658 232
0.095 0.279 943 785
0.859 0.124 531 783
0.167 0.252 249 613
0.184 0.367 447 197
0.481 0.271 873 588
0.368 0.511 209 539
0.070 0.035 292 67
0.272 0.599 931 838
0.529 0.142 177 706
0.090 0.377 740 715
0.276 0.503 98 936
0.578 0.035 217 873
0.284 0.007 713 857
0.528 0.404 582 306
0.843 0.131 408 284
0.125 0.040 525 700
0.937 0.033 94 161
0.703 0.206 624 889
0.736 0.213 661 142
0.378 0.538 64 661
0.521 0.423 420 6
0.859 0.072 754 14
0.319 0.540 687 84
0.278 0.036 749 711
0.242 0.534 914 341
0.942 0.045 369 836
0.935 0.024 452 785
0.733 0.246 104 703
0.033 0.313 138 827
0.735 0.227 877 141
0.894 0.056 626 713
0.470 0.056 506 564
0.970 0.008 111 714
0.662 0.227 755 205
0.233 0.230 413 18
0.169 0.826 301 409
0.784 0.051 453 210
0.079 0.244 889 278
0.558 0.027 680 214
0.141 0.519 952 56
0.057 0.328 358 786
0.993 0.007 209 487
0.861 0.109 117 265
0.493 0.268 172 49
0.107 0.842 99 357
0.934 0.006 632 274
0.149 0.739 539 856
0.271 0.541 688 44
0.814 0.099 518 61
0.891 0.083 410 694
0.620 0.053 349 719
0.119 0.296 230 122
0.378 0.369 861 336
0.459 0.065 909 330
0.628 0.116 138 652
0.169 0.712 250 424
0.624 0.059 914 935
0.191 0.396 133 696
