100 1000
144167
378262
684532
120093
969193
305387
116919
203027
218809
453899
530880
244989
726789
553881
949825
574897
421393
449504
758807
738894
217280
763238
963113
620121
182008
304471
576101
14913
542317
706741
247236
983275
249382
228778
410660
194044
537900
984383
89876
568305
122892
290327
836639
741244
876376
651019
215883
753662
799030
425053
604888
221195
819234
720204
59037
802770
856722
175990
599147
640349
857150
490740
109557
119658
774085
617352
387933
507668
981229
307822
343784
580077
694534
947143
703776
778516
684021
132331
508167
324862
976099
20087
735020
556458
628711
431347
598337
389922
66936
696176
170991
353480
511849
871135
647722
654158
729477
30469
611010
983436
0.544 0.012 100 39
0.799 0.076 101 75
0.365 0.591 102 33
0.623 0.162 103 92
0.873 0.042 104 61
0.388 0.323 105 82
0.242 0.665 106 60
0.089 0.285 107 11
0.760 0.162 108 78
0.739 0.095 109 7
0.209 0.127 110 24
0.339 0.073 111 98
0.613 0.167 112 12
0.130 0.633 113 102
0.766 0.184 114 74
0.947 0.041 115 82
0.822 0.066 116 3
0.642 0.329 117 8
0.456 0.052 118 19
0.137 0.199 119 42
0.288 0.260 120 59
0.970 0.014 121 68
0.515 0.117 122 100
0.577 0.075 123 86
0.831 0.139 124 74
0.738 0.258 125 58
0.982 0.006 126 124
0.592 0.135 127 55
0.438 0.215 128 13
0.906 0.052 129 23
0.342 0.020 130 6
0.704 0.107 131 90
0.997 0.003 132 96
0.839 0.054 133 38
0.203 0.169 134 7
0.560 0.260 135 69
0.160 0.050 136 25
0.587 0.310 137 44
0.333 0.050 138 118
0.640 0.345 139 72
0.698 0.034 140 132
0.534 0.395 141 2
0.385 0.257 142 59
0.363 0.028 143 130
0.576 0.264 144 117
0.397 0.522 145 46
0.780 0.074 146 109
0.276 0.528 147 62
0.118 0.369 148 66
0.156 0.405 149 64
0.932 0.057 150 136
0.153 0.590 151 120
0.786 0.006 152 128
0.461 0.146 153 78
0.625 0.046 154 90
0.716 0.152 155 121
0.205 0.404 156 71
0.922 0.057 157 51
0.632 0.023 158 112
0.265 0.135 159 52
0.142 0.706 160 158
0.477 0.080 161 67
0.326 0.453 162 56
0.403 0.243 163 57
0.573 0.237 164 118
0.741 0.130 165 24
0.178 0.763 166 64
0.517 0.176 167 70
0.329 0.359 168 53
0.966 0.001 169 83
0.805 0.150 170 140
0.897 0.079 171 78
0.478 0.062 172 96
0.025 0.781 173 2
0.721 0.253 174 153
0.202 0.441 175 147
0.420 0.169 176 24
0.716 0.014 177 99
0.313 0.225 178 162
0.041 0.325 179 18
0.715 0.101 180 82
0.885 0.030 181 174
0.398 0.304 182 55
0.445 0.010 183 65
0.812 0.138 184 112
0.805 0.156 185 162
0.786 0.077 186 179
0.729 0.205 187 62
0.398 0.013 188 169
0.304 0.320 189 105
0.553 0.277 190 162
0.260 0.480 191 46
0.918 0.006 192 125
0.903 0.064 193 121
0.021 0.848 194 111
0.461 0.507 195 60
0.321 0.257 196 34
0.164 0.178 197 47
0.721 0.233 198 162
0.599 0.146 199 71
0.403 0.488 200 108
0.512 0.075 201 121
0.796 0.175 202 98
0.754 0.183 203 71
0.953 0.035 204 32
0.125 0.271 205 9
0.802 0.106 206 85
0.107 0.616 207 197
0.464 0.049 208 57
0.942 0.057 209 149
0.136 0.377 210 52
0.680 0.054 211 192
0.165 0.395 212 75
0.121 0.573 213 93
0.615 0.041 214 207
0.626 0.300 215 57
0.216 0.331 216 183
0.979 0.019 217 66
0.444 0.119 218 68
0.056 0.217 219 8
0.036 0.483 220 66
0.426 0.040 221 83
0.649 0.155 222 99
0.303 0.235 223 88
0.084 0.474 224 48
0.669 0.225 225 48
0.563 0.218 226 84
0.711 0.146 227 103
0.803 0.134 228 81
0.539 0.329 229 98
0.598 0.002 230 212
0.585 0.233 231 135
0.350 0.446 232 20
0.681 0.273 233 194
0.441 0.025 234 171
0.847 0.149 235 171
0.632 0.122 236 11
0.842 0.123 237 109
0.157 0.300 238 134
0.902 0.072 239 87
0.106 0.756 240 137
0.083 0.625 241 80
0.095 0.514 242 86
0.998 0.002 243 143
0.828 0.062 244 182
0.040 0.911 245 110
0.139 0.009 246 155
0.685 0.004 247 20
0.292 0.594 248 64
0.653 0.143 249 184
0.644 0.197 250 72
0.796 0.038 251 171
0.932 0.014 252 7
0.421 0.100 253 160
0.495 0.178 254 136
0.721 0.258 255 5
0.246 0.281 256 251
0.746 0.184 257 10
0.928 0.021 258 204
0.812 0.031 259 180
0.615 0.098 260 225
0.060 0.790 261 79
0.072 0.078 262 60
0.192 0.091 263 126
0.018 0.580 264 223
0.412 0.543 265 10
0.970 0.007 266 93
0.253 0.143 267 67
0.855 0.145 268 63
0.515 0.119 269 191
0.638 0.263 270 244
0.745 0.102 271 6
0.396 0.369 272 159
0.571 0.046 273 273
0.881 0.119 274 199
0.544 0.179 275 61
0.645 0.019 276 28
0.090 0.198 277 123
0.561 0.359 278 86
0.014 0.325 279 215
0.825 0.091 280 138
0.493 0.224 281 237
0.104 0.452 282 42
0.799 0.030 283 187
0.902 0.023 284 201
0.200 0.353 285 61
0.848 0.050 286 211
0.699 0.048 287 263
0.158 0.597 288 151
0.145 0.103 289 109
0.684 0.068 290 128
0.519 0.301 291 18
0.749 0.166 292 5
0.286 0.538 293 198
0.877 0.033 294 100
0.731 0.048 295 61
0.259 0.244 296 226
0.771 0.223 297 180
0.073 0.757 298 61
0.217 0.334 299 142
0.516 0.179 300 210
0.565 0.232 301 118
0.649 0.101 302 102
0.644 0.318 303 189
0.021 0.186 304 19
0.793 0.090 305 265
0.573 0.386 306 99
0.634 0.363 307 204
0.277 0.599 308 218
0.405 0.351 309 163
0.099 0.546 310 247
0.200 0.759 311 43
0.272 0.669 312 195
0.451 0.528 313 130
0.840 0.056 314 294
0.187 0.714 315 294
0.726 0.264 316 316
0.728 0.213 317 48
0.413 0.552 318 81
0.935 0.029 319 192
0.022 0.491 320 254
0.571 0.124 321 28
0.044 0.875 322 106
0.356 0.201 323 105
0.401 0.534 324 226
0.345 0.095 325 237
0.412 0.351 326 284
0.224 0.251 327 172
0.138 0.390 328 226
0.286 0.447 329 272
0.768 0.183 330 261
0.109 0.173 331 251
0.177 0.651 332 269
0.714 0.161 333 240
0.305 0.294 334 277
0.687 0.052 335 216
0.091 0.197 336 217
0.398 0.402 337 22
0.391 0.254 338 25
0.571 0.344 339 284
0.875 0.101 340 97
0.487 0.465 341 139
0.367 0.479 342 341
0.193 0.340 343 107
0.276 0.059 344 1
0.115 0.418 345 19
0.423 0.362 346 186
0.830 0.142 347 143
0.023 0.717 348 315
0.269 0.101 349 64
0.354 0.255 350 114
0.476 0.437 351 219
0.456 0.252 352 24
0.109 0.484 353 16
0.267 0.103 354 279
0.327 0.136 355 2
0.307 0.525 356 119
0.545 0.046 357 354
0.523 0.416 358 341
0.761 0.127 359 103
0.579 0.208 360 277
0.020 0.061 361 305
0.837 0.079 362 313
0.422 0.462 363 320
0.526 0.269 364 253
0.046 0.112 365 310
0.664 0.313 366 316
0.742 0.051 367 252
0.155 0.354 368 314
0.003 0.769 369 208
0.398 0.401 370 236
0.106 0.861 371 184
0.668 0.134 372 302
0.488 0.184 373 181
0.101 0.846 374 148
0.421 0.355 375 130
0.782 0.098 376 115
0.737 0.263 377 345
0.637 0.105 378 305
0.596 0.025 379 62
0.976 0.015 380 343
0.072 0.579 381 45
0.598 0.024 382 146
0.208 0.630 383 204
0.773 0.102 384 241
0.754 0.199 385 322
0.829 0.018 386 234
0.802 0.017 387 25
0.966 0.014 388 240
0.361 0.082 389 140
0.958 0.001 390 58
0.734 0.139 391 34
0.986 0.013 392 367
0.962 0.010 393 9
0.759 0.185 394 14
0.877 0.091 395 30
0.388 0.318 396 153
0.006 0.569 397 160
0.196 0.037 398 225
0.585 0.285 399 297
0.094 0.718 400 169
0.388 0.392 401 27
0.312 0.226 402 133
0.645 0.153 403 43
0.988 0.005 404 112
0.104 0.391 405 200
0.430 0.047 406 142
0.197 0.263 407 30
0.634 0.033 408 392
0.804 0.172 409 205
0.855 0.026 410 128
0.291 0.362 411 139
0.287 0.473 412 255
0.452 0.288 413 176
0.868 0.050 414 318
0.835 0.045 415 110
0.701 0.089 416 244
0.241 0.604 417 153
0.021 0.501 418 416
0.213 0.300 419 95
0.651 0.060 420 238
0.992 0.007 421 253
0.245 0.250 422 288
0.498 0.401 423 90
0.239 0.079 424 243
0.655 0.034 425 40
0.290 0.419 426 56
0.365 0.275 427 30
0.712 0.119 428 253
0.989 0.004 429 217
0.322 0.544 430 147
0.902 0.081 431 105
0.066 0.630 432 57
0.771 0.103 433 2
0.165 0.722 434 351
0.924 0.049 435 221
0.235 0.640 436 22
0.487 0.154 437 415
0.074 0.912 438 321
0.676 0.134 439 125
0.402 0.415 440 418
0.665 0.267 441 305
0.192 0.096 442 421
0.013 0.297 443 367
0.053 0.748 444 109
0.878 0.013 445 192
0.966 0.028 446 405
0.518 0.276 447 90
0.073 0.802 448 233
0.043 0.715 449 416
0.242 0.055 450 21
0.172 0.016 451 334
0.693 0.003 452 400
0.726 0.204 453 226
0.094 0.631 454 108
0.670 0.115 455 59
0.549 0.433 456 181
0.780 0.086 457 414
0.268 0.340 458 322
0.644 0.089 459 21
0.120 0.665 460 59
0.387 0.461 461 291
0.931 0.018 462 158
0.310 0.677 463 154
0.704 0.028 464 333
0.840 0.022 465 328
0.222 0.330 466 357
0.503 0.275 467 334
0.090 0.462 468 84
0.230 0.593 469 54
0.125 0.176 470 373
0.765 0.217 471 139
0.081 0.007 472 437
0.466 0.437 473 145
0.241 0.480 474 405
0.792 0.148 475 128
0.848 0.013 476 180
0.508 0.299 477 78
0.030 0.053 478 175
0.439 0.187 479 245
0.382 0.081 480 198
0.464 0.223 481 393
0.784 0.140 482 398
0.018 0.251 483 43
0.532 0.273 484 174
0.071 0.681 485 424
0.519 0.468 486 293
0.732 0.074 487 300
0.896 0.098 488 439
0.155 0.607 489 284
0.091 0.795 490 212
0.021 0.344 491 106
0.625 0.309 492 458
0.416 0.345 493 130
0.967 0.026 494 189
0.517 0.142 495 409
0.289 0.605 496 428
0.780 0.162 497 356
0.669 0.093 498 487
0.722 0.200 499 249
0.714 0.259 500 197
0.748 0.211 501 376
0.686 0.203 502 212
0.999 0.001 503 18
0.288 0.670 504 94
0.172 0.420 505 75
0.300 0.300 506 434
0.953 0.045 507 412
0.512 0.275 508 318
0.975 0.006 509 486
0.968 0.014 510 281
0.714 0.276 511 468
0.955 0.016 512 304
0.078 0.345 513 84
0.191 0.505 514 504
0.677 0.016 515 405
0.393 0.580 516 320
0.634 0.340 517 497
0.959 0.039 518 308
0.281 0.473 519 472
0.720 0.247 520 139
0.958 0.010 521 492
0.956 0.004 522 8
0.908 0.024 523 104
0.568 0.257 524 455
0.382 0.022 525 387
0.409 0.305 526 298
0.457 0.402 527 281
0.001 0.582 528 147
0.874 0.024 529 433
0.754 0.054 530 435
0.019 0.302 531 410
0.038 0.171 532 520
0.284 0.273 533 352
0.221 0.151 534 514
0.671 0.266 535 380
0.136 0.712 536 246
0.576 0.283 537 22
0.421 0.449 538 441
0.998 0.001 539 433
0.915 0.009 540 25
0.795 0.131 541 315
0.971 0.010 542 64
0.876 0.004 543 171
0.072 0.068 544 61
0.905 0.004 545 452
0.147 0.244 546 50
0.265 0.065 547 285
0.727 0.165 548 275
0.402 0.495 549 517
0.981 0.009 550 515
0.183 0.058 551 215
0.375 0.103 552 431
0.218 0.170 553 295
0.338 0.256 554 422
0.539 0.060 555 210
0.347 0.124 556 145
0.945 0.051 557 38
0.530 0.288 558 218
0.088 0.789 559 266
0.983 0.011 560 388
0.975 0.025 561 281
0.924 0.014 562 16
0.377 0.055 563 210
0.495 0.431 564 103
0.458 0.406 565 422
0.687 0.208 566 83
0.454 0.285 567 420
0.945 0.015 568 172
0.716 0.065 569 76
0.325 0.186 570 564
0.826 0.040 571 467
0.899 0.025 572 130
0.678 0.109 573 214
0.127 0.444 574 191
0.770 0.228 575 415
0.707 0.023 576 173
0.219 0.522 577 576
0.363 0.019 578 280
0.478 0.302 579 398
0.642 0.298 580 535
0.138 0.482 581 190
0.958 0.030 582 146
0.537 0.202 583 259
0.021 0.122 584 235
0.554 0.130 585 365
0.861 0.059 586 61
0.840 0.157 587 414
0.208 0.419 588 436
0.553 0.316 589 393
0.682 0.150 590 111
0.440 0.375 591 479
0.008 0.682 592 449
0.172 0.419 593 584
0.770 0.181 594 544
0.133 0.250 595 11
0.261 0.734 596 157
0.829 0.058 597 482
0.747 0.093 598 525
0.719 0.145 599 592
0.055 0.057 600 39
0.078 0.699 601 550
0.609 0.131 602 523
0.478 0.304 603 502
0.828 0.120 604 116
0.241 0.526 605 35
0.002 0.971 606 284
0.928 0.059 607 71
0.322 0.651 608 436
0.245 0.700 609 462
0.188 0.561 610 33
0.346 0.313 611 317
0.158 0.095 612 48
0.112 0.534 613 237
0.213 0.690 614 456
0.499 0.139 615 477
0.184 0.498 616 462
0.036 0.948 617 503
0.643 0.332 618 174
0.919 0.031 619 578
0.967 0.028 620 481
0.522 0.477 621 383
0.519 0.308 622 162
0.090 0.087 623 460
0.638 0.211 624 499
0.822 0.076 625 449
0.661 0.114 626 152
0.733 0.077 627 402
0.895 0.025 628 50
0.915 0.024 629 394
0.367 0.429 630 479
0.630 0.185 631 251
0.638 0.354 632 9
0.052 0.117 633 627
0.073 0.447 634 577
0.284 0.622 635 611
0.382 0.431 636 186
0.762 0.004 637 225
0.190 0.459 638 40
0.487 0.062 639 572
0.512 0.327 640 80
0.504 0.396 641 607
0.846 0.012 642 304
0.885 0.030 643 610
0.330 0.136 644 22
0.788 0.099 645 420
0.910 0.027 646 6
0.900 0.091 647 363
0.295 0.493 648 624
0.790 0.017 649 451
0.114 0.033 650 234
0.504 0.079 651 565
0.609 0.054 652 363
0.695 0.160 653 65
0.436 0.390 654 639
0.009 0.334 655 156
0.370 0.218 656 608
0.584 0.272 657 484
0.551 0.088 658 195
0.907 0.045 659 523
0.164 0.594 660 227
0.832 0.008 661 76
0.391 0.311 662 364
0.265 0.372 663 440
0.716 0.211 664 215
0.338 0.605 665 660
0.452 0.232 666 170
0.150 0.392 667 453
0.896 0.023 668 625
0.117 0.156 669 366
0.475 0.156 670 164
0.637 0.111 671 668
0.214 0.425 672 320
0.617 0.044 673 183
0.137 0.692 674 661
0.539 0.159 675 117
0.789 0.084 676 86
0.481 0.222 677 422
0.571 0.085 678 633
0.402 0.396 679 45
0.019 0.980 680 163
0.413 0.009 681 435
0.396 0.211 682 606
0.645 0.015 683 62
0.382 0.289 684 239
0.046 0.201 685 514
0.135 0.545 686 211
0.722 0.180 687 526
0.704 0.186 688 633
0.628 0.143 689 319
0.477 0.293 690 573
0.308 0.613 691 145
0.207 0.495 692 661
0.485 0.434 693 459
0.184 0.526 694 283
0.106 0.012 695 509
0.522 0.190 696 274
0.377 0.241 697 695
0.839 0.019 698 23
0.024 0.025 699 398
0.331 0.332 700 376
0.912 0.004 701 343
0.356 0.534 702 247
0.576 0.198 703 358
0.802 0.004 704 649
0.018 0.201 705 341
0.862 0.060 706 335
0.101 0.814 707 698
0.842 0.057 708 134
0.223 0.265 709 113
0.654 0.131 710 232
0.848 0.150 711 535
0.637 0.070 712 158
0.095 0.896 713 319
0.562 0.127 714 314
0.444 0.481 715 233
0.094 0.431 716 660
0.092 0.398 717 681
0.850 0.019 718 369
0.607 0.100 719 5
0.331 0.468 720 389
0.255 0.332 721 267
0.116 0.655 722 242
0.308 0.406 723 196
0.477 0.442 724 97
0.097 0.521 725 565
0.290 0.408 726 651
0.734 0.056 727 158
0.118 0.062 728 624
0.372 0.547 729 321
0.406 0.277 730 328
0.435 0.362 731 712
0.984 0.007 732 266
0.001 0.930 733 80
0.374 0.173 734 13
0.562 0.390 735 281
0.129 0.773 736 580
0.879 0.045 737 372
0.928 0.067 738 405
0.611 0.225 739 530
0.275 0.338 740 85
0.398 0.570 741 296
0.936 0.056 742 311
0.524 0.329 743 548
0.656 0.018 744 193
0.662 0.171 745 678
0.058 0.616 746 500
0.710 0.241 747 295
0.242 0.170 748 430
0.993 0.003 749 414
0.952 0.047 750 142
0.068 0.826 751 406
0.185 0.419 752 557
0.711 0.181 753 696
0.921 0.065 754 299
0.656 0.213 755 357
0.529 0.397 756 105
0.553 0.159 757 390
0.573 0.097 758 217
0.657 0.267 759 347
0.291 0.092 760 243
0.961 0.012 761 513
0.952 0.011 762 298
0.108 0.139 763 702
0.963 0.023 764 560
0.707 0.188 765 749
0.223 0.099 766 128
0.806 0.127 767 78
0.046 0.550 768 263
0.078 0.646 769 337
0.190 0.220 770 575
0.812 0.182 771 513
0.663 0.211 772 538
0.127 0.321 773 96
0.170 0.605 774 605
0.093 0.579 775 452
0.533 0.381 776 705
0.138 0.250 777 721
0.033 0.411 778 195
0.021 0.180 779 673
0.407 0.318 780 623
0.842 0.088 781 705
0.761 0.153 782 563
0.404 0.544 783 679
0.460 0.246 784 512
0.087 0.117 785 602
0.820 0.070 786 589
0.470 0.445 787 483
0.512 0.169 788 670
0.685 0.136 789 265
0.168 0.524 790 38
0.737 0.148 791 172
0.649 0.063 792 160
0.108 0.162 793 692
0.540 0.292 794 499
0.492 0.009 795 613
0.022 0.952 796 653
0.282 0.571 797 330
0.484 0.103 798 382
0.044 0.568 799 426
0.738 0.024 800 606
0.714 0.242 801 612
0.332 0.112 802 19
0.397 0.346 803 104
0.114 0.113 804 697
0.278 0.083 805 235
0.958 0.037 806 763
0.168 0.099 807 64
0.234 0.707 808 661
0.244 0.656 809 108
0.041 0.899 810 366
0.257 0.405 811 699
0.284 0.064 812 420
0.442 0.054 813 421
0.187 0.316 814 453
0.759 0.005 815 131
0.288 0.627 816 63
0.290 0.047 817 275
0.490 0.155 818 229
0.036 0.591 819 416
0.753 0.234 820 465
0.670 0.113 821 144
0.862 0.013 822 129
0.902 0.074 823 27
0.866 0.039 824 300
0.919 0.066 825 233
0.905 0.006 826 75
0.773 0.075 827 727
0.732 0.249 828 546
0.624 0.244 829 263
0.698 0.020 830 39
0.238 0.037 831 516
0.797 0.107 832 616
0.404 0.491 833 294
0.196 0.771 834 468
0.675 0.318 835 636
0.335 0.392 836 817
0.814 0.081 837 329
0.640 0.219 838 493
0.670 0.150 839 425
0.375 0.578 840 230
0.272 0.566 841 256
0.356 0.333 842 829
0.392 0.412 843 258
0.310 0.158 844 416
0.027 0.919 845 588
0.056 0.772 846 56
0.537 0.437 847 632
0.992 0.007 848 776
0.771 0.003 849 552
0.845 0.128 850 771
0.827 0.058 851 109
0.632 0.087 852 523
0.073 0.913 853 295
0.383 0.016 854 835
0.342 0.638 855 112
0.210 0.613 856 243
0.539 0.212 857 37
0.246 0.163 858 841
0.741 0.232 859 746
0.539 0.193 860 359
0.757 0.232 861 362
0.004 0.521 862 669
0.596 0.117 863 548
0.818 0.036 864 206
0.638 0.023 865 404
0.313 0.305 866 59
0.732 0.099 867 128
0.826 0.001 868 534
0.294 0.216 869 566
0.992 0.004 870 164
0.717 0.163 871 162
0.829 0.021 872 140
0.427 0.300 873 156
0.922 0.052 874 785
0.844 0.053 875 49
0.558 0.418 876 175
0.530 0.314 877 152
0.667 0.226 878 75
0.621 0.233 879 555
0.850 0.022 880 157
0.352 0.473 881 708
0.842 0.073 882 237
0.895 0.039 883 327
0.647 0.248 884 507
0.999 0.001 885 645
0.218 0.766 886 773
0.302 0.302 887 883
0.858 0.136 888 13
0.993 0.002 889 361
0.838 0.037 890 883
0.512 0.157 891 762
0.865 0.079 892 48
0.903 0.036 893 134
0.271 0.132 894 306
0.539 0.069 895 180
0.631 0.026 896 377
0.418 0.232 897 111
0.070 0.374 898 527
0.341 0.598 899 812
0.980 0.014 900 429
0.142 0.735 901 71
0.677 0.003 902 363
0.749 0.110 903 861
0.301 0.376 904 270
0.447 0.112 905 646
0.034 0.086 906 496
0.817 0.070 907 464
0.281 0.679 908 646
0.312 0.674 909 807
0.144 0.710 910 685
0.960 0.003 911 652
0.116 0.276 912 70
0.579 0.074 913 426
0.962 0.020 914 394
0.338 0.296 915 249
0.991 0.001 916 80
0.548 0.118 917 354
0.345 0.195 918 110
0.464 0.467 919 882
0.917 0.028 920 609
0.419 0.085 921 518
0.599 0.211 922 447
0.739 0.094 923 187
0.926 0.019 924 793
0.009 0.967 925 52
0.772 0.213 926 30
0.454 0.445 927 293
0.634 0.349 928 729
0.031 0.747 929 293
0.038 0.747 930 534
0.711 0.136 931 690
0.965 0.033 932 324
0.239 0.683 933 575
0.001 0.202 934 250
0.103 0.841 935 480
0.186 0.372 936 241
0.181 0.593 937 805
0.871 0.071 938 715
0.285 0.342 939 484
0.176 0.790 940 54
0.207 0.291 941 659
0.330 0.260 942 137
0.766 0.030 943 290
0.435 0.212 944 419
0.071 0.810 945 115
0.156 0.419 946 393
0.818 0.106 947 762
0.838 0.099 948 89
0.554 0.077 949 176
0.439 0.252 950 295
0.936 0.050 951 709
0.617 0.259 952 584
0.186 0.111 953 410
0.639 0.016 954 138
0.213 0.567 955 608
0.507 0.196 956 209
0.038 0.403 957 267
0.551 0.144 958 437
0.421 0.445 959 310
0.767 0.029 960 892
0.277 0.118 961 398
0.638 0.322 962 673
0.975 0.025 963 448
0.478 0.123 964 686
0.748 0.080 965 783
0.214 0.078 966 218
0.105 0.245 967 572
0.095 0.214 968 352
0.243 0.498 969 511
0.560 0.055 970 507
0.825 0.058 971 284
0.115 0.744 972 74
0.644 0.055 973 846
0.242 0.123 974 662
0.191 0.339 975 295
0.242 0.076 976 824
0.318 0.101 977 404
0.515 0.053 978 479
0.635 0.189 979 690
0.537 0.269 980 304
0.278 0.197 981 674
0.525 0.158 982 350
0.259 0.246 983 290
0.984 0.002 984 808
0.869 0.036 985 866
0.738 0.130 986 133
0.560 0.357 987 239
0.660 0.018 988 637
0.166 0.666 989 886
0.622 0.213 990 209
0.553 0.403 991 545
0.514 0.353 992 61
0.824 0.169 993 823
0.750 0.213 994 670
0.471 0.505 995 432
0.015 0.493 996 558
0.543 0.320 997 653
0.889 0.090 998 855
0.976 0.001 999 396
0.029 0.008 1000 318
0.451 0.215 1001 766
0.183 0.660 1002 477
0.965 0.030 1003 217
0.179 0.755 1004 489
0.183 0.211 1005 614
0.769 0.228 1006 104
0.983 0.012 1007 785
0.349 0.300 1008 782
0.758 0.079 1009 438
0.154 0.717 1010 359
0.283 0.472 1011 853
0.389 0.326 1012 610
0.882 0.017 1013 746
0.230 0.601 1014 505
0.846 0.025 1015 549
0.323 0.072 1016 70
0.209 0.127 1017 155
0.017 0.908 1018 216
0.447 0.214 1019 106
0.343 0.262 1020 516
0.790 0.189 1021 295
0.431 0.464 1022 84
0.529 0.120 1023 806
0.001 0.632 1024 420
0.981 0.018 1025 581
0.780 0.030 1026 70
0.935 0.013 1027 531
0.102 0.571 1028 306
0.208 0.128 1029 759
0.766 0.168 1030 73
0.314 0.436 1031 733
0.228 0.751 1032 32
0.559 0.232 1033 254
0.231 0.042 1034 621
0.003 0.169 1035 952
0.742 0.095 1036 521
0.139 0.268 1037 249
0.777 0.130 1038 675
0.004 0.749 1039 959
0.153 0.093 1040 208
0.753 0.077 1041 258
0.504 0.176 1042 448
0.093 0.684 1043 1026
0.273 0.534 1044 476
0.958 0.024 1045 726
0.902 0.045 1046 815
0.872 0.058 1047 914
0.492 0.059 1048 869
0.229 0.600 1049 441
0.354 0.343 1050 218
0.953 0.011 1051 396
0.120 0.602 1052 445
0.538 0.419 1053 741
0.626 0.364 1054 979
0.809 0.009 1055 804
0.280 0.174 1056 802
0.143 0.563 1057 839
0.553 0.443 1058 364
0.246 0.253 1059 208
0.660 0.255 1060 348
0.413 0.454 1061 878
0.799 0.047 1062 496
0.904 0.034 1063 935
0.279 0.460 1064 707
0.037 0.283 1065 82
0.228 0.048 1066 978
0.650 0.295 1067 58
0.377 0.273 1068 391
0.954 0.043 1069 227
0.387 0.572 1070 859
0.189 0.126 1071 330
0.657 0.159 1072 830
0.750 0.011 1073 288
0.398 0.529 1074 818
0.926 0.059 1075 179
0.071 0.167 1076 884
0.794 0.036 1077 544
0.324 0.109 1078 459
0.714 0.107 1079 788
0.807 0.151 1080 949
0.689 0.295 1081 33
0.836 0.058 1082 812
0.577 0.138 1083 908
0.676 0.277 1084 38
0.260 0.399 1085 298
0.667 0.050 1086 255
0.908 0.088 1087 243
0.139 0.779 1088 116
0.956 0.031 1089 667
0.014 0.981 1090 736
0.020 0.152 1091 284
0.614 0.226 1092 106
0.570 0.408 1093 499
0.726 0.235 1094 931
0.263 0.693 1095 283
0.222 0.324 1096 1090
0.248 0.319 1097 503
0.183 0.807 1098 576
0.651 0.081 1099 846
