1000 1000
563264
651094
209650
405712
983601
781185
182461
777409
782707
303297
14449
54952
571091
236396
977701
261326
639410
508810
562386
43517
705819
568518
552322
507345
927423
14775
306317
203293
562629
810053
602931
45797
179538
293002
508266
329647
27470
863689
688302
734602
96659
16761
5860
481268
773528
464006
389974
326492
173280
431624
68307
925464
589812
401228
550599
502031
508212
195381
187948
669696
267038
401421
872328
288273
814585
941544
160460
78900
778801
870077
50938
19229
735273
365114
135767
602228
861088
924550
86010
525576
609512
392915
486621
896487
426198
540128
837096
733262
5235
298526
723303
780874
6701
502589
442421
801559
63430
18057
928611
975598
234170
876946
957271
846629
128000
337480
466992
175194
478325
835782
804872
209343
135703
971190
644128
577143
886314
609794
581226
152402
591544
729590
862919
538165
165421
375284
735283
212815
209550
304085
106655
999319
337759
507944
691220
533842
584489
711254
728403
221417
766266
701908
734417
758530
593372
274601
509814
278938
676408
867113
343824
283567
184714
250430
774502
344169
566053
101673
499329
277994
876897
866609
581399
445625
998766
528436
115788
764723
833943
217961
591005
363790
593981
976282
18694
843927
254602
858260
62277
970030
760500
296767
975000
712260
559787
943867
127521
749461
447015
413584
301193
893851
468294
83392
572473
30941
135245
339413
750521
400704
303323
235915
913261
289144
271211
968687
988482
35877
779901
22924
14815
886166
428332
679704
24907
451300
949372
835760
321265
758555
872921
911481
228237
911011
30367
632118
298324
780303
620052
288374
803192
544658
280839
642301
737680
336336
789120
75709
4786
417524
507188
696532
630149
106038
762471
964982
802137
349234
742988
149881
365804
377007
481150
42089
432378
431762
329006
96955
359042
668270
961212
500015
831671
412181
718563
549642
581570
700749
969012
715509
565697
575875
393438
462650
214589
1446
991896
652870
109386
42477
568592
133717
914581
879186
205834
351868
185490
399022
507379
957566
931288
283726
216896
823326
132712
585956
326050
27550
105230
846017
697033
694581
116222
256377
935287
730039
247024
820077
153304
555908
778646
330059
577410
382597
251382
436789
928539
729109
2220
445392
798586
883441
567907
332416
846536
800124
360018
574972
197431
525404
173685
702567
727978
685844
746425
546040
976427
237816
79633
586136
417499
970934
771637
452981
1242
323824
614001
241576
881856
185953
338505
230810
181299
264385
139935
861636
7856
131167
699690
616529
5529
793700
743975
705813
838378
153157
746121
986588
239174
771588
301704
960987
986547
959394
558856
359992
923125
20571
723393
257943
51697
133852
106214
705311
962444
401510
362625
169325
923397
629020
676618
994890
750886
250728
866006
87183
337796
162263
605014
343194
448968
889069
577404
947293
299264
268995
453347
341400
143159
820671
166818
178236
682813
659207
385871
620437
862953
791878
74728
188562
340436
160460
664569
116240
394718
728883
669479
666627
656642
120279
16234
705082
787913
509232
113787
728829
662699
479935
663261
311768
645420
90334
942786
245043
318836
9851
510794
854725
495930
736123
858903
234559
471513
505151
470296
968340
430216
43770
442788
284675
327155
992499
315850
388386
821398
900805
508093
817466
228730
344506
623436
97454
902503
846796
188765
402470
901602
284696
133716
613546
180582
389063
29066
302825
92206
153682
224005
728535
274558
653530
758741
3333
515534
430399
116164
601067
73119
131002
251911
965098
402475
284144
233653
448416
19346
933372
919768
522582
247276
53797
382790
824734
571117
334920
891863
346881
708534
471644
31816
422788
698121
721308
404449
330084
688015
371443
924919
438641
621557
86001
407805
147136
803903
209469
871658
41876
770675
697839
781231
41591
80104
434492
871117
443154
644023
909531
111569
440681
43040
184423
689495
465655
755531
295560
104461
759703
938923
459429
476096
197105
731957
881304
169482
210313
598007
283510
872408
791290
944879
515342
576000
355198
330840
223978
331147
472345
167996
523236
723520
727274
924081
116965
837908
499083
98063
297254
50289
169710
685828
555642
739094
743556
842664
80467
59158
682653
917560
929752
715673
282792
924020
301398
114311
907335
343392
880074
547646
978934
156252
395159
483990
653130
727438
415665
840746
396066
707782
631345
581782
493615
503793
86771
625207
157419
765993
251969
69464
287074
501727
182964
801
430740
126030
580578
796413
283226
546091
30965
896604
259700
121429
534110
271937
432258
309114
31233
843774
523387
150031
852340
990373
691660
122094
407048
211780
751508
581893
978032
570296
301941
566987
559898
282547
166349
25161
810958
308636
982313
761504
533494
114666
294224
548054
947520
276527
297034
148158
547152
984493
196459
493110
939209
519668
337143
829470
27253
774765
211590
454638
311970
954388
849734
202626
170061
696725
34049
246992
681174
538600
369783
651841
97775
766911
650826
894263
243801
126341
258793
359473
325765
640472
525085
962283
538039
700016
582334
402392
832462
706747
758634
887544
719727
504463
455335
265138
85777
409304
809365
826593
39706
208825
962398
148054
558660
696816
786636
60753
454654
946343
759111
648916
465201
197469
957581
732129
138778
449465
679513
547394
49012
96244
119527
717600
846496
733651
971382
90780
180291
635820
133285
188867
657455
678142
845398
347029
894862
654512
511634
177036
195505
415518
869773
278171
425089
544317
761397
731567
536216
783874
912463
892062
92624
480272
379961
293199
47878
51734
789248
967228
667779
491199
289504
33152
825994
299694
733373
704943
21668
9279
474241
423298
691979
566106
238406
388986
624102
189623
182320
420951
347506
263884
176859
841638
810973
581434
790937
206103
758824
225136
981198
703426
333752
152364
930419
888379
843437
778006
888156
254720
526360
354492
653342
200863
920801
139867
546969
735071
773595
644768
854971
61208
123250
3116
260935
620883
970010
46029
624682
392356
37466
987995
244542
602901
104536
986708
167364
280471
403961
57456
39081
431816
184563
664373
880470
328796
284603
339525
631633
457853
937489
227601
335220
820483
734779
295747
800407
666195
13873
719772
988719
45124
638240
653702
132529
260197
659449
780842
117269
846350
398171
885173
923415
523671
117173
18707
504243
566179
908540
975808
531201
896791
622597
821650
114403
609682
783346
376745
854591
588036
406861
987323
239984
821065
647793
597024
857666
345301
878955
187130
478591
940001
827352
91428
567424
344817
456784
426711
206990
608210
980677
77802
157019
858028
798778
213293
56429
571019
409883
144230
82735
878382
877473
891718
831758
385722
86610
376130
849532
403536
862730
719554
928222
563035
40336
153925
206724
836166
977072
193575
772152
583449
573880
978838
359253
420526
777536
320702
384054
780622
804570
135742
994435
174497
580899
518853
886722
712868
307365
419825
767873
249518
638203
333674
263457
905860
398431
239135
466985
859754
832965
28367
330538
237930
457368
945841
491648
427312
366148
238997
682459
0.619 0.381 559 403
0.466 0.534 371 141
0.717 0.283 532 349
0.587 0.413 356 674
0.896 0.104 481 373
0.461 0.539 380 930
0.840 0.160 919 234
0.039 0.961 255 1001
0.335 0.665 951 332
0.238 0.762 402 356
0.125 0.875 265 352
0.591 0.409 577 153
0.448 0.552 644 577
0.858 0.142 488 314
0.798 0.202 923 670
0.945 0.055 886 703
0.850 0.150 123 551
0.536 0.464 862 37
0.761 0.239 521 957
0.781 0.219 697 403
0.708 0.292 377 619
0.511 0.489 317 805
0.801 0.199 551 823
0.638 0.362 155 281
0.338 0.662 9 276
0.784 0.216 735 794
0.942 0.058 450 218
0.658 0.342 1002 760
0.247 0.753 1015 766
0.263 0.737 258 542
0.262 0.738 699 394
0.558 0.442 780 341
0.841 0.159 747 334
0.918 0.082 908 694
0.622 0.378 546 391
0.022 0.978 979 421
0.668 0.332 955 242
0.155 0.845 830 677
0.453 0.547 355 254
0.391 0.609 597 166
0.679 0.321 856 151
0.401 0.599 694 49
0.261 0.739 265 741
0.007 0.993 31 683
0.551 0.449 290 781
0.943 0.057 35 959
0.870 0.130 495 773
0.672 0.328 499 849
0.628 0.372 606 177
0.364 0.636 1026 224
0.476 0.524 969 881
0.229 0.771 478 1026
0.296 0.704 521 1042
0.459 0.541 28 138
0.095 0.905 158 689
0.546 0.454 761 236
0.699 0.301 463 425
0.611 0.389 625 110
0.399 0.601 898 117
0.593 0.407 842 785
0.474 0.526 717 782
0.544 0.456 331 858
0.552 0.448 742 1004
0.323 0.677 325 944
0.271 0.729 99 370
0.803 0.197 989 1053
0.335 0.665 845 790
0.056 0.944 271 287
0.269 0.731 921 520
0.020 0.980 1046 559
0.871 0.129 88 863
0.210 0.790 207 111
0.551 0.449 913 860
0.756 0.244 874 701
0.478 0.522 148 189
0.460 0.540 701 265
0.976 0.024 886 102
0.002 0.998 519 932
0.144 0.856 998 898
0.610 0.390 1022 115
0.695 0.305 197 457
0.006 0.994 464 300
0.791 0.209 145 332
0.752 0.248 1066 1032
0.976 0.024 831 83
0.477 0.523 56 893
0.023 0.977 275 775
0.113 0.887 843 902
0.286 0.714 714 663
0.443 0.557 381 174
0.903 0.097 502 823
0.489 0.511 223 339
0.418 0.582 452 1033
0.251 0.749 324 630
0.889 0.111 810 244
0.194 0.806 1080 263
0.222 0.778 802 127
0.252 0.748 152 899
0.457 0.543 1062 1068
0.305 0.695 803 778
0.613 0.387 730 621
0.976 0.024 883 249
0.221 0.779 408 852
0.930 0.070 817 935
0.113 0.887 35 66
0.715 0.285 304 876
0.810 0.190 341 724
0.827 0.173 126 596
0.020 0.980 984 459
0.952 0.048 32 467
0.512 0.488 591 655
0.772 0.228 366 114
0.982 0.018 454 893
0.193 0.807 561 240
0.007 0.993 395 161
0.856 0.144 24 409
0.986 0.014 339 397
0.173 0.827 682 1098
0.190 0.810 807 18
0.270 0.730 966 691
0.153 0.847 285 183
0.066 0.934 144 492
0.941 0.059 435 144
0.786 0.214 274 593
0.214 0.786 488 574
0.891 0.109 862 751
0.160 0.840 204 900
0.321 0.679 578 523
0.795 0.205 603 502
0.573 0.427 736 462
0.791 0.209 43 393
0.810 0.190 736 961
0.132 0.868 393 491
0.856 0.144 1066 389
0.621 0.379 264 589
0.871 0.129 357 905
0.086 0.914 317 24
0.976 0.024 440 390
0.683 0.317 947 480
0.842 0.158 493 187
0.265 0.735 799 913
0.764 0.236 264 838
0.010 0.990 507 845
0.312 0.688 316 628
0.620 0.380 257 699
0.813 0.187 566 390
0.421 0.579 479 819
0.767 0.233 992 440
0.983 0.017 319 333
0.558 0.442 667 326
0.621 0.379 637 488
0.037 0.963 318 418
0.011 0.989 406 235
0.672 0.328 90 1125
0.090 0.910 343 684
0.199 0.801 24 832
0.934 0.066 466 310
0.246 0.754 901 273
0.965 0.035 373 163
0.615 0.385 921 1067
0.993 0.007 976 728
0.863 0.137 988 418
0.261 0.739 1024 74
0.122 0.878 1162 96
0.472 0.528 77 955
0.237 0.763 897 741
0.590 0.410 626 795
0.260 0.740 1015 673
0.638 0.362 905 310
0.795 0.205 504 764
0.985 0.015 37 486
0.205 0.795 1074 465
0.408 0.592 152 1089
0.709 0.291 874 72
0.159 0.841 685 189
0.424 0.576 385 154
0.606 0.394 1032 1035
0.358 0.642 747 1074
0.874 0.126 870 102
0.218 0.782 1023 398
0.742 0.258 146 835
0.927 0.073 649 346
0.225 0.775 439 428
0.703 0.297 939 317
0.313 0.687 977 638
0.975 0.025 290 137
0.028 0.972 304 73
0.962 0.038 996 298
0.040 0.960 1087 155
0.388 0.612 145 791
0.053 0.947 793 446
0.231 0.769 1050 1170
0.849 0.151 46 832
0.293 0.707 1176 419
0.542 0.458 517 263
0.342 0.658 1129 643
0.188 0.812 394 937
0.571 0.429 654 299
0.733 0.267 74 845
0.335 0.665 431 189
0.310 0.690 983 338
0.502 0.498 838 23
0.185 0.815 735 708
0.392 0.608 37 1128
0.190 0.810 770 1135
0.593 0.407 822 418
0.447 0.553 284 1001
0.772 0.228 645 711
0.567 0.433 691 507
0.115 0.885 1034 1025
0.016 0.984 708 500
0.902 0.098 711 934
0.113 0.887 276 1207
0.133 0.867 47 1138
0.621 0.379 798 50
0.735 0.265 854 889
0.685 0.315 124 573
0.058 0.942 594 504
0.192 0.808 869 633
0.787 0.213 464 1048
0.989 0.011 738 16
0.719 0.281 851 1121
0.706 0.294 353 611
0.206 0.794 158 1040
0.129 0.871 33 869
0.380 0.620 924 1175
0.696 0.304 921 747
0.569 0.431 856 479
0.748 0.252 866 989
0.906 0.094 814 1207
0.735 0.265 678 722
0.214 0.786 782 916
0.207 0.793 296 272
0.227 0.773 69 757
0.899 0.101 875 1026
0.072 0.928 808 298
0.709 0.291 85 782
0.229 0.771 663 775
0.189 0.811 380 685
0.416 0.584 186 1047
0.713 0.287 888 808
0.979 0.021 833 955
0.579 0.421 1219 627
0.175 0.825 335 582
0.107 0.893 281 888
0.974 0.026 1234 438
0.418 0.582 252 153
0.699 0.301 1180 714
0.546 0.454 1055 572
0.809 0.191 706 504
0.935 0.065 918 1088
0.065 0.935 1027 144
0.539 0.461 315 591
0.950 0.050 1246 730
0.859 0.141 928 114
0.951 0.049 838 302
0.288 0.712 219 145
0.838 0.162 374 576
0.720 0.280 923 817
0.692 0.308 1230 223
0.599 0.401 436 844
0.787 0.213 402 241
0.847 0.153 1051 216
0.988 0.012 7 29
0.815 0.185 545 129
0.698 0.302 681 642
0.822 0.178 417 550
0.434 0.566 1072 708
0.914 0.086 132 9
0.202 0.798 402 1137
0.477 0.523 64 321
0.368 0.632 360 279
0.407 0.593 93 1251
0.446 0.554 321 835
0.442 0.558 82 792
0.799 0.201 168 65
0.688 0.312 368 856
0.099 0.901 1061 157
0.577 0.423 211 836
0.923 0.077 381 1046
0.809 0.191 924 680
0.329 0.671 661 134
0.708 0.292 59 721
0.297 0.703 1252 1216
0.120 0.880 1233 610
0.213 0.787 617 39
0.401 0.599 1082 1109
0.619 0.381 1016 409
0.151 0.849 27 460
0.251 0.749 346 213
0.080 0.920 1122 1255
0.691 0.309 510 370
0.518 0.482 597 1117
0.171 0.829 932 665
0.027 0.973 372 173
0.222 0.778 100 508
0.419 0.581 853 724
0.251 0.749 1210 16
0.766 0.234 1025 1096
0.645 0.355 485 1218
0.125 0.875 273 718
0.407 0.593 1300 171
0.266 0.734 794 930
0.180 0.820 427 50
0.012 0.988 278 486
0.432 0.568 1274 590
0.308 0.692 965 255
0.679 0.321 1048 428
0.687 0.313 1270 779
0.098 0.902 628 127
0.857 0.143 1029 303
0.087 0.913 919 760
0.280 0.720 290 205
0.073 0.927 434 113
0.979 0.021 727 358
0.010 0.990 1170 19
0.271 0.729 189 355
0.110 0.890 1282 923
0.380 0.620 926 193
0.771 0.229 981 176
0.733 0.267 536 336
0.618 0.382 1295 578
0.709 0.291 325 1210
0.859 0.141 420 860
0.612 0.388 1174 224
0.013 0.987 1235 534
0.040 0.960 1126 1285
0.033 0.967 1052 198
0.218 0.782 914 684
0.494 0.506 733 794
0.655 0.345 1041 363
0.122 0.878 269 644
0.193 0.807 965 266
0.421 0.579 94 229
0.545 0.455 663 462
0.305 0.695 609 731
0.593 0.407 583 1028
0.586 0.414 1179 497
0.056 0.944 887 1
0.970 0.030 436 951
0.840 0.160 1011 29
0.451 0.549 1069 69
0.587 0.413 582 914
0.938 0.062 1027 1037
0.896 0.104 705 369
0.106 0.894 297 397
0.840 0.160 681 265
0.311 0.689 131 492
0.136 0.864 882 554
0.709 0.291 517 815
0.717 0.283 1186 338
0.164 0.836 900 779
0.148 0.852 1017 500
0.223 0.777 838 1260
0.341 0.659 177 650
0.451 0.549 998 918
0.021 0.979 595 1219
0.845 0.155 1136 15
0.608 0.392 249 1306
0.566 0.434 181 1265
0.114 0.886 512 763
0.439 0.561 1187 943
0.397 0.603 546 1249
0.179 0.821 569 92
0.870 0.130 23 46
0.459 0.541 630 634
0.817 0.183 502 216
0.605 0.395 653 371
0.634 0.366 649 33
0.362 0.638 1268 77
0.099 0.901 1367 1235
0.897 0.103 1249 847
0.218 0.782 287 102
0.909 0.091 889 733
0.902 0.098 875 259
0.413 0.587 800 98
0.584 0.416 1088 821
0.472 0.528 417 863
0.544 0.456 104 964
0.508 0.492 639 141
0.840 0.160 191 924
0.431 0.569 1121 753
0.270 0.730 338 263
0.037 0.963 600 819
0.404 0.596 544 978
0.396 0.604 448 1127
0.703 0.297 818 657
0.553 0.447 14 1383
0.808 0.192 33 403
0.573 0.427 182 419
0.803 0.197 32 311
0.650 0.350 792 67
0.036 0.964 983 608
0.113 0.887 509 562
0.782 0.218 1068 1359
0.383 0.617 1116 1309
0.964 0.036 1396 866
0.120 0.880 576 1201
0.358 0.642 598 238
0.406 0.594 448 163
0.974 0.026 914 509
0.005 0.995 416 1177
0.681 0.319 558 907
0.906 0.094 361 144
0.497 0.503 962 982
0.354 0.646 797 973
0.210 0.790 637 998
0.606 0.394 1262 1273
0.564 0.436 123 1052
0.889 0.111 973 456
0.025 0.975 817 277
0.937 0.063 393 888
0.739 0.261 1400 213
0.078 0.922 946 1068
0.510 0.490 651 1125
0.435 0.565 866 243
0.149 0.851 270 735
0.928 0.072 914 350
0.790 0.210 1304 686
0.183 0.817 902 1043
0.742 0.258 657 1361
0.262 0.738 338 1092
0.538 0.462 843 48
0.038 0.962 1175 475
0.759 0.241 840 923
0.914 0.086 235 547
0.143 0.857 971 549
0.610 0.390 1335 1096
0.783 0.217 1377 21
0.678 0.322 433 623
0.967 0.033 352 496
0.247 0.753 1058 785
0.749 0.251 301 1
0.813 0.187 627 572
0.952 0.048 39 923
0.169 0.831 1416 913
0.933 0.067 1018 1401
0.400 0.600 1314 549
0.654 0.346 1089 201
0.542 0.458 291 805
0.886 0.114 594 846
0.626 0.374 548 82
0.788 0.212 1332 1167
0.182 0.818 1106 442
0.895 0.105 1309 811
0.612 0.388 1390 183
0.363 0.637 214 106
0.210 0.790 22 371
0.159 0.841 853 584
0.772 0.228 333 3
0.650 0.350 903 874
0.507 0.493 1311 689
0.903 0.097 254 17
0.611 0.389 1345 987
0.613 0.387 266 369
0.951 0.049 571 1030
0.908 0.092 75 1400
0.716 0.284 73 206
0.676 0.324 1110 9
0.560 0.440 665 398
0.013 0.987 207 1326
0.992 0.008 9 1097
0.643 0.357 926 674
0.791 0.209 1249 387
0.927 0.073 227 18
0.798 0.202 728 656
0.867 0.133 612 1028
0.836 0.164 103 1074
0.176 0.824 820 624
0.379 0.621 412 477
0.882 0.118 1212 556
0.144 0.856 1212 750
0.703 0.297 550 895
0.148 0.852 1188 30
0.130 0.870 1474 670
0.082 0.918 1420 375
0.426 0.574 486 552
0.157 0.843 480 718
0.380 0.620 1286 263
0.154 0.846 522 224
0.964 0.036 948 747
0.556 0.444 1037 601
0.469 0.531 1220 570
0.017 0.983 1183 901
0.755 0.245 90 73
0.083 0.917 762 377
0.857 0.143 270 1185
0.378 0.622 1061 968
0.738 0.262 1406 814
0.362 0.638 910 1474
0.669 0.331 736 1189
0.530 0.470 93 881
0.029 0.971 399 1269
0.721 0.279 34 432
0.274 0.726 1365 353
0.240 0.760 1032 415
0.300 0.700 991 731
0.826 0.174 1060 353
0.979 0.021 596 677
0.099 0.901 1050 1117
0.604 0.396 20 67
0.340 0.660 972 825
0.604 0.396 184 636
0.195 0.805 1025 1363
0.407 0.593 589 834
0.749 0.251 773 532
0.815 0.185 746 346
0.461 0.539 1022 933
0.109 0.891 126 349
0.891 0.109 491 1435
0.901 0.099 813 1397
0.136 0.864 395 1286
0.817 0.183 569 1167
0.970 0.030 1473 1315
0.797 0.203 731 489
0.357 0.643 1069 127
0.003 0.997 215 1158
0.964 0.036 512 753
0.692 0.308 1459 67
0.275 0.725 289 1295
0.147 0.853 324 392
0.006 0.994 1318 233
0.064 0.936 1192 1250
0.189 0.811 1066 218
0.194 0.806 86 1196
0.126 0.874 1512 692
0.174 0.826 790 944
0.207 0.793 1243 490
0.782 0.218 1513 1079
0.107 0.893 1256 489
0.788 0.212 702 1408
0.544 0.456 301 1389
0.361 0.639 178 1027
0.480 0.520 1034 1533
0.161 0.839 548 1466
0.683 0.317 497 1467
0.001 0.999 6 993
0.716 0.284 229 958
0.315 0.685 322 874
0.491 0.509 1016 179
0.947 0.053 91 932
0.842 0.158 1500 1097
0.663 0.337 112 1323
0.559 0.441 633 493
0.929 0.071 410 584
0.022 0.978 598 344
0.649 0.351 1446 1214
0.181 0.819 905 1009
0.994 0.006 1490 637
0.620 0.380 1415 1149
0.347 0.653 950 74
0.759 0.241 1119 1252
0.844 0.156 327 1064
0.458 0.542 255 1186
0.081 0.919 1513 657
0.745 0.255 1513 1198
0.777 0.223 862 62
0.326 0.674 1548 1168
0.200 0.800 1414 1347
0.744 0.256 920 1166
0.010 0.990 1113 728
0.327 0.673 495 1193
0.669 0.331 183 344
0.878 0.122 1423 927
0.068 0.932 371 1524
0.324 0.676 1495 1447
0.183 0.817 1301 1438
0.006 0.994 420 1214
0.966 0.034 1429 1546
0.359 0.641 141 1200
0.480 0.520 118 781
0.345 0.655 933 1075
0.537 0.463 125 428
0.142 0.858 131 416
0.778 0.222 968 1572
0.095 0.905 1144 1558
0.066 0.934 1103 1329
0.102 0.898 1016 1203
0.326 0.674 1066 1088
0.370 0.630 301 554
0.273 0.727 664 1549
0.363 0.637 1100 45
0.955 0.045 1285 248
0.140 0.860 1062 522
0.357 0.643 254 256
0.419 0.581 1549 587
0.741 0.259 851 1300
0.294 0.706 543 704
0.520 0.480 1094 14
0.108 0.892 731 1125
0.825 0.175 540 1183
0.682 0.318 31 954
0.372 0.628 426 570
0.439 0.561 705 1405
0.386 0.614 1335 1380
0.586 0.414 299 1328
0.567 0.433 481 97
0.061 0.939 275 59
0.487 0.513 1162 836
0.470 0.530 145 663
0.301 0.699 600 433
0.186 0.814 7 97
0.331 0.669 561 26
0.212 0.788 903 723
0.417 0.583 773 670
0.493 0.507 419 742
0.420 0.580 1442 1281
0.004 0.996 1228 235
0.342 0.658 23 342
0.480 0.520 91 286
0.342 0.658 784 736
0.614 0.386 1552 525
0.289 0.711 593 1171
0.554 0.446 1284 662
0.697 0.303 591 1063
0.909 0.091 1015 1373
0.155 0.845 940 275
0.725 0.275 669 1592
0.100 0.900 982 49
0.315 0.685 1545 1394
0.964 0.036 425 1493
0.422 0.578 181 1193
0.110 0.890 438 1509
0.760 0.240 567 126
0.118 0.882 183 1189
0.430 0.570 1529 1238
0.758 0.242 1410 352
0.669 0.331 1611 701
0.336 0.664 1572 1502
0.279 0.721 321 1591
0.331 0.669 60 705
0.932 0.068 841 1133
0.554 0.446 1171 1439
0.372 0.628 779 840
0.834 0.166 577 1612
0.468 0.532 851 1336
0.886 0.114 1009 939
0.866 0.134 471 720
0.692 0.308 565 1455
0.554 0.446 1422 874
0.936 0.064 1417 704
0.011 0.989 1172 985
0.138 0.862 1215 832
0.041 0.959 967 1286
0.423 0.577 1226 459
0.235 0.765 1359 1025
0.340 0.660 1134 1306
0.847 0.153 312 416
0.336 0.664 1166 154
0.465 0.535 206 239
0.087 0.913 1460 1344
0.071 0.929 18 362
0.941 0.059 269 1103
0.463 0.537 3 530
0.802 0.198 1369 1055
0.882 0.118 1040 1337
0.497 0.503 1176 1284
0.519 0.481 592 120
0.584 0.416 427 51
0.106 0.894 194 359
0.483 0.517 1066 579
0.282 0.718 168 574
0.527 0.473 279 924
0.986 0.014 735 1141
0.608 0.392 1302 14
0.094 0.906 825 470
0.033 0.967 232 208
0.052 0.948 588 1245
0.685 0.315 45 93
0.586 0.414 960 71
0.824 0.176 1497 1292
0.816 0.184 530 422
0.802 0.198 64 1430
0.023 0.977 1125 1495
0.949 0.051 834 998
0.199 0.801 512 1244
0.799 0.201 1239 197
0.953 0.047 488 345
0.737 0.263 539 969
0.434 0.566 99 193
0.247 0.753 1624 195
0.498 0.502 245 1053
0.671 0.329 85 1681
0.700 0.300 700 143
0.075 0.925 400 687
0.305 0.695 106 518
0.826 0.174 32 1336
0.926 0.074 369 705
0.807 0.193 1429 284
0.061 0.939 185 1063
0.878 0.122 195 1420
0.839 0.161 1657 384
0.167 0.833 1470 191
0.780 0.220 623 1362
0.259 0.741 1693 1626
0.335 0.665 1339 1690
0.069 0.931 1058 887
0.422 0.578 1681 489
0.714 0.286 1233 248
0.313 0.687 660 140
0.205 0.795 893 1180
0.126 0.874 110 539
0.869 0.131 736 858
0.892 0.108 610 281
0.574 0.426 377 1042
0.988 0.012 216 715
0.701 0.299 771 310
0.573 0.427 480 904
0.480 0.520 494 1504
0.950 0.050 543 1679
0.416 0.584 688 1157
0.501 0.499 1494 472
0.599 0.401 85 657
0.374 0.626 892 377
0.008 0.992 159 795
0.323 0.677 321 730
0.829 0.171 905 87
0.256 0.744 107 1126
0.982 0.018 1342 1191
0.803 0.197 1162 915
0.265 0.735 608 1233
0.091 0.909 331 310
0.103 0.897 217 823
0.152 0.848 993 1304
0.634 0.366 991 743
0.403 0.597 309 79
0.205 0.795 208 1406
0.178 0.822 1363 1135
0.385 0.615 506 1594
0.109 0.891 6 643
0.689 0.311 828 1005
0.298 0.702 831 1064
0.357 0.643 37 1383
0.786 0.214 252 1101
0.500 0.500 968 1629
0.099 0.901 611 1718
0.881 0.119 964 484
0.776 0.224 445 1078
0.402 0.598 957 292
0.822 0.178 930 143
0.795 0.205 468 1586
0.613 0.387 44 577
0.278 0.722 506 385
0.148 0.852 744 1056
0.911 0.089 176 1474
0.246 0.754 583 389
0.970 0.030 1464 778
0.977 0.023 1237 404
0.791 0.209 1657 1212
0.791 0.209 1326 899
0.678 0.322 1565 653
0.345 0.655 650 723
0.103 0.897 1665 813
0.272 0.728 1481 1419
0.757 0.243 1171 657
0.134 0.866 1510 752
0.516 0.484 209 1656
0.755 0.245 763 964
0.259 0.741 814 1515
0.425 0.575 729 414
0.601 0.399 1644 274
0.683 0.317 1127 16
0.220 0.780 455 447
0.082 0.918 574 122
0.005 0.995 1292 576
0.491 0.509 1553 455
0.938 0.062 1635 355
0.667 0.333 1210 439
0.857 0.143 172 1398
0.672 0.328 1073 649
0.481 0.519 110 1518
0.862 0.138 791 75
0.170 0.830 1502 1452
0.874 0.126 1530 1570
0.856 0.144 1762 1730
0.376 0.624 130 473
0.920 0.080 204 471
0.111 0.889 848 1131
0.835 0.165 1544 1551
0.649 0.351 1289 756
0.301 0.699 172 1374
0.003 0.997 1455 283
0.022 0.978 567 255
0.521 0.479 124 1419
0.416 0.584 1410 1381
0.745 0.255 466 795
0.590 0.410 1552 1056
0.986 0.014 335 1056
0.307 0.693 809 280
0.080 0.920 1347 1566
0.773 0.227 1293 1076
0.112 0.888 1278 1558
0.701 0.299 534 42
0.500 0.500 29 1728
0.530 0.470 284 1000
0.377 0.623 1167 1062
0.450 0.550 649 824
0.818 0.182 521 446
0.796 0.204 749 1170
0.488 0.512 1309 854
0.873 0.127 678 606
0.533 0.467 653 1523
0.265 0.735 344 1356
0.196 0.804 632 177
0.469 0.531 348 1640
0.342 0.658 597 1311
0.094 0.906 565 539
0.723 0.277 1482 391
0.194 0.806 510 33
0.891 0.109 1169 1707
0.650 0.350 1077 335
0.703 0.297 1228 1238
0.376 0.624 256 401
0.643 0.357 634 894
0.902 0.098 1343 787
0.460 0.540 324 352
0.159 0.841 1203 619
0.814 0.186 4 488
0.643 0.357 383 403
0.552 0.448 1316 169
0.563 0.437 597 744
0.431 0.569 1249 1086
0.559 0.441 604 1227
0.065 0.935 608 1026
0.577 0.423 39 964
0.376 0.624 1624 634
0.637 0.363 341 1365
0.397 0.603 1645 91
0.263 0.737 496 258
0.202 0.798 1366 1529
0.497 0.503 1013 1051
0.671 0.329 1013 1461
0.388 0.612 1541 20
0.846 0.154 1357 1706
0.773 0.227 493 243
0.713 0.287 1686 1298
0.455 0.545 1821 1191
0.795 0.205 431 1551
0.950 0.050 746 1279
0.417 0.583 463 1616
0.171 0.829 219 1215
0.838 0.162 248 702
0.946 0.054 270 1540
0.272 0.728 896 325
0.756 0.244 655 1386
0.134 0.866 315 815
0.559 0.441 745 266
0.025 0.975 112 1681
0.219 0.781 1324 1262
0.577 0.423 1247 748
0.326 0.674 1380 81
0.015 0.985 1457 1750
0.641 0.359 1322 1453
0.541 0.459 1459 1281
0.890 0.110 190 1608
0.893 0.107 631 778
0.396 0.604 1092 1826
0.510 0.490 1496 1670
0.733 0.267 777 1835
0.012 0.988 193 1254
0.497 0.503 577 823
0.948 0.052 1636 86
0.646 0.354 942 312
0.807 0.193 1749 890
0.421 0.579 1684 1810
0.669 0.331 67 492
0.945 0.055 84 1041
0.590 0.410 590 1763
0.212 0.788 1150 181
0.354 0.646 115 1115
0.322 0.678 493 1185
0.800 0.200 1617 900
0.581 0.419 1772 1741
0.430 0.570 847 1281
0.086 0.914 900 237
0.985 0.015 1359 866
0.306 0.694 697 364
0.987 0.013 196 380
0.971 0.029 128 1061
0.011 0.989 1448 1832
0.315 0.685 103 1037
0.156 0.844 421 974
0.228 0.772 784 460
0.961 0.039 284 621
0.572 0.428 1755 1102
0.469 0.531 973 19
0.922 0.078 351 1680
0.146 0.854 1429 69
0.313 0.687 524 362
0.540 0.460 545 1689
0.597 0.403 826 1107
0.100 0.900 472 1250
0.595 0.405 564 113
0.678 0.322 959 1335
0.779 0.221 1017 295
0.365 0.635 186 380
0.418 0.582 543 289
0.509 0.491 712 1127
0.606 0.394 526 903
0.763 0.237 1282 107
0.032 0.968 137 1860
0.417 0.583 314 1662
0.467 0.533 1481 641
0.897 0.103 1696 927
0.934 0.066 1595 850
0.091 0.909 295 1572
0.555 0.445 272 1485
0.314 0.686 1052 1520
0.742 0.258 1184 92
0.173 0.827 479 1403
0.827 0.173 124 1187
0.236 0.764 590 1103
0.966 0.034 1544 247
0.874 0.126 1252 317
0.481 0.519 1808 1558
0.444 0.556 347 652
0.964 0.036 1463 23
0.843 0.157 551 1841
0.501 0.499 1682 782
0.191 0.809 1667 124
0.198 0.802 535 1871
0.916 0.084 573 539
0.522 0.478 1356 556
0.822 0.178 1763 1548
0.251 0.749 146 1723
0.596 0.404 1549 387
0.033 0.967 956 1117
0.831 0.169 336 1740
0.216 0.784 445 735
0.039 0.961 1707 1070
0.454 0.546 1150 1441
0.233 0.767 1313 998
0.946 0.054 171 1556
0.424 0.576 501 1816
0.616 0.384 1762 539
0.477 0.523 1614 570
0.378 0.622 1301 871
0.022 0.978 1027 1845
0.344 0.656 1211 1322
0.251 0.749 1735 212
0.641 0.359 620 853
0.785 0.215 1082 398
0.028 0.972 586 22
0.801 0.199 1515 1008
0.343 0.657 1394 1792
0.112 0.888 1782 1106
0.679 0.321 1044 944
0.488 0.512 119 270
0.041 0.959 527 588
0.818 0.182 1414 1577
0.531 0.469 956 1215
0.844 0.156 1761 1114
0.641 0.359 414 1320
0.237 0.763 1944 729
0.070 0.930 1881 112
0.545 0.455 1303 1849
0.773 0.227 1732 1282
0.567 0.433 1098 1854
0.714 0.286 568 1595
0.953 0.047 983 164
0.243 0.757 271 1785
0.631 0.369 636 1291
0.685 0.315 79 1153
0.564 0.436 84 579
0.019 0.981 114 1407
0.142 0.858 1717 363
0.785 0.215 1886 160
0.708 0.292 1214 1876
0.776 0.224 1653 403
0.771 0.229 687 255
0.530 0.470 19 1813
0.565 0.435 1466 939
0.540 0.460 517 720
0.753 0.247 1592 1568
0.468 0.532 1571 1170
0.367 0.633 399 568
0.354 0.646 786 876
0.390 0.610 1846 520
0.291 0.709 363 69
0.186 0.814 705 315
0.625 0.375 69 1026
0.366 0.634 1433 421
0.497 0.503 499 1457
0.713 0.287 1195 1616
0.010 0.990 1013 227
0.989 0.011 75 991
0.543 0.457 717 1538
0.250 0.750 744 1279
0.449 0.551 1280 314
0.103 0.897 1571 1160
0.882 0.118 720 1660
0.257 0.743 118 432
0.471 0.529 1544 1644
0.594 0.406 1955 1417
0.071 0.929 1089 635
0.222 0.778 375 845
0.981 0.019 946 1917
0.372 0.628 1801 1253
0.282 0.718 1357 963
0.153 0.847 1744 941
