100 100
75005
81892
653462
654557
34449
658493
958786
343015
302652
61169
833154
621586
648465
107037
294201
833797
933629
935106
515716
124823
570331
894866
754990
379882
918030
38944
322318
933519
32864
984758
543599
768608
442250
104615
599001
671511
951389
357236
360675
236380
773826
56496
972346
139965
600511
626744
129581
308100
650425
420321
466666
697492
731677
687480
924615
514849
463098
58504
478790
205909
373783
723344
521235
675773
270597
104756
181901
359748
446960
719260
119898
909929
276630
789886
740493
904002
449598
375612
681070
191225
935051
739148
772864
952107
711985
565983
707295
332069
394571
668356
113021
675132
605809
945487
202975
290750
698140
684183
503126
644071
0.927 0.073 72 76
0.017 0.983 75 15
0.234 0.766 46 72
0.429 0.571 102 34
0.360 0.640 31 99
0.211 0.789 13 101
0.730 0.270 4 21
0.628 0.372 29 80
0.030 0.970 108 101
0.571 0.429 76 99
0.335 0.665 86 39
0.614 0.386 107 106
0.995 0.005 49 10
0.043 0.957 112 1
0.612 0.388 41 29
0.940 0.060 1 51
0.453 0.547 37 56
0.738 0.262 117 106
0.604 0.396 27 77
0.122 0.878 94 107
0.405 0.595 117 106
0.765 0.235 76 49
0.315 0.685 68 113
0.914 0.086 19 77
0.058 0.942 84 40
0.539 0.461 40 47
0.429 0.571 27 66
0.546 0.454 31 53
0.470 0.530 40 4
0.005 0.995 40 30
0.626 0.374 106 66
0.402 0.598 129 88
0.572 0.428 111 77
0.323 0.677 81 81
0.609 0.391 120 119
0.785 0.215 28 88
0.693 0.307 34 77
0.961 0.039 71 29
0.995 0.005 1 27
0.368 0.632 102 62
0.199 0.801 40 22
0.288 0.712 44 129
0.024 0.976 56 80
0.220 0.780 93 19
0.862 0.138 110 137
0.764 0.236 49 14
0.651 0.349 144 104
0.060 0.940 15 101
0.018 0.982 71 116
0.561 0.439 146 81
0.954 0.046 125 84
0.403 0.597 104 121
0.067 0.933 71 80
0.943 0.057 41 6
0.010 0.990 120 10
0.038 0.962 12 81
0.730 0.270 138 134
0.089 0.911 23 10
0.989 0.011 34 66
0.601 0.399 133 119
0.067 0.933 13 57
0.851 0.149 110 130
0.616 0.384 7 67
0.707 0.293 33 98
0.047 0.953 28 82
0.139 0.861 153 11
0.044 0.956 77 108
0.286 0.714 135 166
0.642 0.358 141 12
0.218 0.782 69 82
0.774 0.226 7 14
0.511 0.489 160 77
0.351 0.649 70 120
0.363 0.637 122 60
0.836 0.164 170 118
0.081 0.919 81 63
0.575 0.425 87 111
0.753 0.247 100 66
0.729 0.271 53 52
0.044 0.956 63 160
0.917 0.083 120 104
0.487 0.513 172 16
0.979 0.021 101 33
0.391 0.609 7 171
0.108 0.892 43 20
0.164 0.836 111 98
0.846 0.154 186 105
0.104 0.896 104 156
0.445 0.555 180 51
0.911 0.089 29 17
0.524 0.476 100 107
0.180 0.820 30 183
0.670 0.330 86 134
0.179 0.821 38 35
0.034 0.966 107 22
0.912 0.088 91 10
0.285 0.715 26 81
0.433 0.567 153 64
0.780 0.220 12 41
0.836 0.164 197 171
