32 31
77006
936098
975319
345223
556760
129506
476770
329094
987844
915394
318738
559590
145159
307217
682420
531968
24152
119397
121210
2776
456301
639789
828015
222769
267506
233502
887638
54849
198014
530180
588260
991545
0.968 0.030 1 2
0.737 0.184 3 4
0.491 0.063 5 6
0.090 0.002 7 8
0.390 0.225 9 10
0.435 0.396 11 12
0.783 0.099 13 14
0.437 0.348 15 16
0.901 0.039 17 18
0.197 0.737 19 20
0.931 0.027 21 22
0.263 0.192 23 24
0.599 0.345 25 26
0.142 0.058 27 28
0.375 0.203 29 30
0.286 0.554 31 32
0.328 0.142 33 34
0.064 0.187 35 36
0.128 0.245 37 38
0.062 0.283 39 40
0.674 0.101 41 42
0.516 0.469 43 44
0.894 0.071 45 46
0.176 0.168 47 48
0.248 0.587 49 50
0.107 0.358 51 52
0.122 0.121 53 54
0.448 0.454 55 56
0.658 0.341 57 58
0.173 0.181 59 60
0.442 0.211 61 62
