10 100
437562
625830
789141
948535
165773
764777
186910
344246
975442
448694
0.838 0.109 10 10
0.759 0.006 11 10
0.455 0.458 12 11
0.780 0.075 13 13
0.438 0.426 14 5
0.085 0.183 15 3
0.459 0.342 16 1
0.140 0.624 17 17
0.904 0.016 18 4
0.670 0.089 19 14
0.123 0.627 20 9
0.697 0.247 21 15
0.347 0.517 22 14
0.734 0.002 23 21
0.662 0.055 24 23
0.134 0.658 25 8
0.284 0.309 26 26
0.508 0.262 27 4
0.965 0.019 28 6
0.198 0.425 29 19
0.923 0.042 30 27
0.157 0.440 31 2
0.911 0.056 32 7
0.447 0.217 33 3
0.109 0.398 34 1
0.627 0.318 35 31
0.914 0.015 36 17
0.254 0.721 37 27
0.572 0.296 38 24
0.554 0.230 39 25
0.716 0.123 40 10
0.014 0.068 41 19
0.415 0.382 42 23
0.616 0.272 43 17
0.818 0.120 44 35
0.900 0.016 45 27
0.270 0.276 46 43
0.378 0.456 47 15
0.447 0.180 48 31
0.776 0.187 49 23
0.506 0.017 50 5
0.059 0.839 51 16
0.071 0.516 52 52
0.552 0.388 53 13
0.968 0.020 54 13
0.957 0.023 55 11
0.418 0.574 56 30
0.146 0.597 57 24
0.342 0.519 58 21
0.335 0.574 59 58
0.325 0.522 60 18
0.358 0.040 61 41
0.803 0.119 62 31
0.609 0.150 63 8
0.403 0.437 64 57
0.097 0.282 65 27
0.712 0.086 66 56
0.204 0.087 67 12
0.252 0.216 68 10
0.858 0.083 69 54
0.653 0.106 70 6
0.693 0.078 71 5
0.651 0.306 72 43
0.844 0.061 73 65
0.731 0.100 74 61
0.973 0.006 75 11
0.290 0.206 76 32
0.472 0.194 77 35
0.279 0.626 78 2
0.278 0.238 79 1
0.967 0.013 80 30
0.973 0.002 81 16
0.205 0.049 82 26
0.028 0.515 83 64
0.467 0.279 84 65
0.804 0.142 85 56
0.639 0.286 86 55
0.727 0.201 87 55
0.383 0.438 88 63
0.729 0.059 89 85
0.406 0.395 90 71
0.560 0.288 91 33
0.687 0.086 92 4
0.667 0.313 93 68
0.500 0.412 94 59
0.616 0.088 95 16
0.772 0.030 96 49
0.564 0.423 97 33
0.398 0.491 98 10
0.807 0.149 99 4
0.229 0.709 100 83
0.030 0.958 101 35
0.414 0.098 102 61
0.557 0.158 103 90
0.250 0.196 104 27
0.782 0.087 105 6
0.844 0.074 106 60
0.005 0.064 107 1
0.231 0.107 108 35
0.338 0.130 109 109
