100 1000
487709
116790
549228
552822
71777
657023
879725
998679
978395
64735
210966
825252
43299
168106
579834
103332
341529
101700
925571
681081
376028
96930
501271
472231
400075
58403
527090
919708
719566
266123
368672
284690
541227
994152
228340
113482
307100
580540
211595
955709
755605
506837
576320
821068
508656
489557
116756
125706
908703
88833
385301
593157
71278
778803
164736
731755
142709
270399
534712
760276
439845
139326
361622
483953
98128
572698
920666
207536
220428
150037
196033
701383
931161
287303
764599
186194
229980
201580
338138
706553
924345
117794
451089
933766
660118
373628
82931
982848
215379
649830
485042
339330
562653
371310
161342
588955
966795
105693
395946
868840
0.632 0.157 51 30
0.611 0.218 86 57
0.085 0.608 87 74
0.007 0.252 16 60
0.106 0.312 60 50
0.984 0.006 2 22
0.928 0.040 43 19
0.108 0.808 32 32
0.621 0.156 77 30
0.056 0.786 88 71
0.082 0.620 11 84
0.572 0.178 20 98
0.845 0.003 97 57
0.357 0.105 5 83
0.979 0.013 88 87
0.027 0.839 84 103
0.455 0.271 17 34
0.537 0.372 67 42
0.426 0.480 112 111
0.694 0.164 33 18
0.807 0.091 39 86
0.654 0.232 62 32
0.951 0.020 72 72
0.879 0.020 57 3
0.962 0.034 3 82
0.008 0.605 10 97
0.800 0.156 54 112
0.402 0.232 66 82
0.243 0.547 68 90
0.129 0.171 26 71
0.550 0.124 35 103
0.945 0.040 7 18
0.019 0.517 5 90
0.330 0.124 41 26
0.157 0.244 25 36
0.798 0.053 112 16
0.831 0.164 99 65
0.426 0.256 22 73
0.602 0.002 45 27
0.607 0.356 120 131
0.334 0.634 105 79
0.303 0.580 47 121
0.121 0.319 50 123
0.809 0.036 83 90
0.652 0.301 60 25
0.802 0.068 63 114
0.682 0.148 139 140
0.366 0.326 145 75
0.697 0.135 103 76
0.946 0.028 70 17
0.671 0.090 95 16
0.596 0.099 122 72
0.123 0.607 62 48
0.263 0.214 78 128
0.988 0.004 56 64
0.231 0.722 21 56
0.822 0.030 36 150
0.256 0.388 86 141
0.509 0.161 114 131
0.300 0.357 107 45
0.366 0.274 117 72
0.454 0.526 88 124
0.275 0.420 2 69
0.987 0.011 162 137
0.273 0.469 4 80
0.407 0.064 26 80
0.589 0.222 53 79
0.116 0.785 113 89
0.524 0.107 113 77
0.639 0.269 29 129
0.662 0.285 114 137
0.999 0.001 26 69
0.303 0.511 151 124
0.608 0.158 123 80
0.523 0.060 80 30
0.070 0.729 50 63
0.410 0.555 79 57
0.214 0.523 10 97
0.287 0.668 114 76
0.153 0.678 35 74
0.788 0.013 162 30
0.391 0.239 179 90
0.972 0.020 150 141
0.265 0.229 132 42
0.658 0.129 148 98
0.617 0.247 58 95
0.187 0.155 176 135
0.045 0.029 122 44
0.684 0.026 155 173
0.671 0.216 136 105
0.163 0.323 66 50
0.697 0.050 181 68
0.170 0.791 182 38
0.098 0.026 82 173
0.693 0.139 19 185
0.353 0.095 179 149
0.684 0.167 195 164
0.951 0.008 174 43
0.002 0.583 125 108
0.179 0.505 32 167
0.785 0.113 183 193
0.585 0.235 45 180
0.608 0.068 36 107
0.787 0.070 25 62
0.446 0.235 6 200
0.901 0.047 102 205
0.428 0.029 79 174
0.704 0.114 166 40
0.964 0.002 191 169
0.529 0.235 40 132
0.353 0.082 9 67
0.869 0.015 110 54
0.696 0.285 3 17
0.245 0.565 102 160
0.279 0.248 202 112
0.650 0.018 180 112
0.499 0.335 125 86
0.368 0.107 47 188
0.063 0.382 208 45
0.671 0.291 43 9
0.297 0.534 137 166
0.038 0.531 203 26
0.752 0.235 68 21
0.722 0.112 45 135
0.274 0.503 152 83
0.486 0.241 206 214
0.315 0.503 15 50
0.907 0.085 151 151
0.120 0.801 84 217
0.989 0.002 220 196
0.368 0.321 99 44
0.393 0.573 49 107
0.462 0.501 55 45
0.267 0.484 150 225
0.491 0.403 44 20
0.840 0.112 111 64
0.903 0.033 213 235
0.313 0.285 196 195
0.491 0.014 73 217
0.134 0.787 27 124
0.300 0.487 237 7
0.122 0.406 153 233
0.360 0.168 19 62
0.749 0.126 11 90
0.639 0.334 118 1
0.678 0.248 94 78
0.456 0.454 79 181
0.537 0.384 182 181
0.781 0.167 117 237
0.454 0.472 15 174
0.672 0.295 215 189
0.998 0.001 44 14
0.655 0.020 51 237
0.889 0.002 111 245
0.830 0.025 20 203
0.656 0.247 178 130
0.501 0.486 205 51
0.647 0.184 155 30
0.093 0.477 253 140
0.818 0.161 116 209
0.951 0.007 190 62
0.934 0.008 73 181
0.259 0.725 188 43
0.852 0.068 148 138
0.387 0.564 171 189
0.788 0.139 251 236
0.858 0.128 210 12
0.382 0.118 108 9
0.028 0.582 19 96
0.010 0.502 126 47
0.472 0.075 252 16
0.892 0.010 89 124
0.076 0.858 194 256
0.665 0.019 92 255
0.485 0.312 81 52
0.342 0.483 183 165
0.401 0.273 233 28
0.085 0.111 130 156
0.621 0.259 78 271
0.760 0.204 262 115
0.541 0.182 96 168
0.336 0.612 99 38
0.355 0.051 140 162
0.868 0.124 204 152
0.536 0.011 52 147
0.894 0.065 130 118
0.929 0.040 270 113
0.577 0.173 260 242
0.413 0.390 17 96
0.286 0.107 112 61
0.693 0.019 82 58
0.078 0.388 155 164
0.086 0.788 180 60
0.076 0.544 38 199
0.691 0.270 18 264
0.364 0.023 196 68
0.663 0.256 218 33
0.691 0.024 124 51
0.103 0.325 131 186
0.733 0.135 141 132
0.846 0.153 104 234
0.355 0.165 184 243
0.801 0.063 171 209
0.255 0.263 278 158
0.470 0.339 160 90
0.889 0.073 84 111
0.972 0.027 37 160
0.389 0.122 158 228
0.624 0.117 306 308
0.370 0.195 170 118
0.023 0.278 73 217
0.796 0.086 76 102
0.992 0.005 235 254
0.554 0.136 297 133
0.849 0.131 303 102
0.668 0.027 134 38
0.727 0.163 216 34
0.993 0.006 266 251
0.502 0.441 287 1
0.735 0.191 127 127
0.323 0.263 173 106
0.527 0.298 127 85
0.832 0.058 12 162
0.965 0.007 312 13
0.392 0.242 251 126
0.371 0.344 221 126
0.393 0.535 250 276
0.243 0.027 72 91
0.993 0.003 105 54
0.059 0.367 318 321
0.609 0.284 305 250
0.994 0.001 181 126
0.951 0.045 15 204
0.546 0.013 280 74
0.442 0.225 297 177
0.078 0.046 64 306
0.949 0.025 47 204
0.473 0.152 24 122
0.045 0.838 64 231
0.928 0.050 139 70
0.962 0.023 242 146
0.976 0.003 330 98
0.129 0.011 334 267
0.970 0.029 32 121
0.501 0.002 285 154
0.715 0.224 43 80
0.001 0.945 328 126
0.406 0.208 53 265
0.917 0.040 209 50
0.386 0.309 210 191
0.404 0.545 219 3
0.939 0.009 31 170
0.756 0.014 323 34
0.826 0.047 334 216
0.423 0.052 349 73
0.683 0.144 12 330
0.102 0.274 280 122
0.748 0.097 158 14
0.544 0.331 135 73
0.255 0.557 61 52
0.538 0.174 292 345
0.427 0.093 66 72
0.994 0.002 212 165
0.361 0.617 159 289
0.043 0.912 200 202
0.943 0.037 273 123
0.130 0.543 169 346
0.168 0.215 246 186
0.930 0.047 342 265
0.492 0.327 119 161
0.259 0.163 97 199
0.401 0.443 65 207
0.220 0.023 157 92
0.543 0.036 330 281
0.487 0.038 155 163
0.372 0.377 74 69
0.005 0.751 368 192
0.511 0.055 322 260
0.163 0.396 376 274
0.066 0.369 344 161
0.163 0.752 184 54
0.015 0.310 95 350
0.995 0.001 21 244
0.683 0.120 260 124
0.851 0.107 248 256
0.163 0.105 356 382
0.875 0.081 356 362
0.775 0.148 121 113
0.524 0.129 275 194
0.289 0.570 120 320
0.227 0.026 107 30
0.391 0.417 270 81
0.110 0.851 20 64
0.103 0.512 47 59
0.678 0.121 178 331
0.300 0.232 155 7
0.992 0.001 50 57
0.261 0.103 288 106
0.161 0.435 202 286
0.858 0.136 44 367
0.389 0.444 61 98
0.072 0.879 208 252
0.106 0.791 345 203
0.580 0.354 45 6
0.857 0.140 122 147
0.040 0.769 143 39
0.677 0.050 406 248
0.065 0.059 167 48
0.858 0.141 146 249
0.807 0.078 353 212
0.388 0.037 9 356
0.286 0.041 110 76
0.572 0.422 130 183
0.443 0.553 297 185
0.488 0.362 258 135
0.540 0.231 159 120
0.893 0.105 113 62
0.108 0.773 75 49
0.804 0.153 326 16
0.014 0.149 311 255
0.756 0.002 42 70
0.441 0.077 249 262
0.189 0.290 140 299
0.066 0.535 373 125
0.160 0.280 363 37
0.610 0.078 206 370
0.276 0.460 409 419
0.229 0.243 421 213
0.744 0.007 405 214
0.451 0.143 285 375
0.571 0.083 338 75
0.986 0.012 164 211
0.175 0.797 283 317
0.530 0.222 38 241
0.836 0.036 107 168
0.517 0.479 237 87
0.020 0.140 218 292
0.333 0.641 48 226
0.406 0.561 103 125
0.347 0.264 205 344
0.202 0.489 188 1
0.498 0.390 284 223
0.825 0.053 48 241
0.842 0.036 116 245
0.565 0.401 98 210
0.801 0.115 426 32
0.902 0.026 64 265
0.696 0.155 120 48
0.542 0.452 88 390
0.243 0.412 276 324
0.721 0.065 277 169
0.500 0.184 69 268
0.068 0.921 161 36
0.727 0.001 350 13
0.082 0.697 54 426
0.429 0.222 389 41
0.617 0.227 169 144
0.236 0.694 248 445
0.830 0.097 262 316
0.597 0.220 384 188
0.921 0.022 439 100
0.963 0.019 334 347
0.296 0.386 54 302
0.022 0.818 434 208
0.486 0.077 86 94
0.894 0.031 196 40
0.908 0.055 53 385
0.560 0.219 62 47
0.667 0.313 256 228
0.309 0.396 273 196
0.863 0.052 259 43
0.744 0.124 91 389
0.101 0.043 184 223
0.669 0.151 354 182
0.972 0.021 118 69
0.381 0.440 228 188
0.597 0.191 119 377
0.915 0.032 159 121
0.555 0.045 21 132
0.741 0.192 261 50
0.084 0.618 246 443
0.076 0.266 384 285
0.558 0.146 134 148
0.398 0.298 209 264
0.950 0.005 260 133
0.205 0.522 12 426
0.997 0.003 247 327
0.239 0.081 237 402
0.950 0.035 299 116
0.936 0.017 79 399
0.195 0.265 106 21
0.070 0.838 354 41
0.290 0.544 398 278
0.075 0.116 170 429
0.377 0.406 161 106
0.941 0.012 315 261
0.406 0.298 187 4
0.184 0.573 223 386
0.462 0.262 233 34
0.427 0.556 452 164
0.067 0.270 331 201
0.920 0.032 124 220
0.828 0.008 423 112
0.801 0.064 452 176
0.617 0.087 154 179
0.198 0.026 437 388
0.773 0.184 496 347
0.793 0.105 154 266
0.308 0.033 331 214
0.730 0.219 374 215
0.885 0.055 218 510
0.918 0.005 126 180
0.118 0.595 125 372
0.702 0.162 483 501
0.767 0.045 204 445
0.604 0.155 453 100
0.193 0.671 62 387
0.593 0.184 129 311
0.108 0.535 314 252
0.260 0.243 426 57
0.593 0.205 163 181
0.600 0.165 186 358
0.881 0.101 43 362
0.219 0.207 375 77
0.624 0.095 394 167
0.361 0.382 280 269
0.397 0.401 241 47
0.033 0.470 415 15
0.790 0.018 259 479
0.856 0.131 415 294
0.503 0.361 457 496
0.461 0.103 107 527
0.054 0.022 160 267
0.476 0.511 268 327
0.640 0.182 382 297
0.242 0.029 12 44
0.204 0.598 283 129
0.712 0.164 467 358
0.320 0.670 320 290
0.720 0.254 77 109
0.999 0.001 468 44
0.106 0.439 424 194
0.498 0.178 91 400
0.033 0.502 463 367
0.884 0.090 449 321
0.082 0.570 25 11
0.062 0.171 182 277
0.596 0.099 370 127
0.551 0.019 106 464
0.966 0.004 424 200
0.968 0.002 518 345
0.203 0.250 340 353
0.379 0.590 122 359
0.716 0.097 367 93
0.723 0.220 246 115
0.731 0.178 229 239
0.018 0.958 285 279
0.732 0.163 533 89
0.243 0.431 145 293
0.661 0.252 145 469
0.068 0.212 403 411
0.062 0.751 193 414
0.538 0.369 337 286
0.395 0.133 26 524
0.158 0.536 165 188
0.552 0.322 481 435
0.406 0.218 144 324
0.408 0.244 195 313
0.865 0.124 157 312
0.775 0.165 310 34
0.190 0.770 414 544
0.913 0.075 156 262
0.708 0.153 160 311
0.904 0.036 57 93
0.720 0.028 40 392
0.525 0.121 568 308
0.226 0.231 441 307
0.086 0.294 407 404
0.006 0.749 79 335
0.217 0.534 577 198
0.528 0.441 473 118
0.489 0.178 526 129
0.586 0.325 240 476
0.448 0.321 542 473
0.417 0.477 298 448
0.025 0.119 326 226
0.563 0.302 415 495
0.306 0.607 513 290
0.241 0.350 168 249
0.737 0.067 313 463
0.420 0.191 503 156
0.201 0.678 7 539
0.331 0.170 97 6
0.477 0.139 434 197
0.521 0.234 410 458
0.407 0.122 115 194
0.713 0.242 324 595
0.948 0.014 347 510
0.547 0.112 375 114
0.739 0.243 342 201
0.894 0.059 91 107
0.250 0.707 586 247
0.123 0.056 317 160
0.790 0.143 528 190
0.332 0.364 522 186
0.081 0.364 212 253
0.473 0.178 499 341
0.430 0.104 563 63
0.544 0.032 529 420
0.360 0.333 135 401
0.001 0.645 606 554
0.940 0.018 433 574
0.068 0.548 199 321
0.869 0.025 413 601
0.066 0.865 581 234
0.622 0.148 232 136
0.017 0.264 287 343
0.201 0.528 298 19
0.186 0.489 480 69
0.199 0.145 551 216
0.873 0.013 335 533
0.800 0.064 206 168
0.960 0.005 382 207
0.839 0.019 536 457
0.172 0.085 12 568
0.270 0.161 479 276
0.598 0.172 243 123
0.521 0.440 375 58
0.374 0.348 144 29
0.774 0.161 622 251
0.800 0.144 367 42
0.317 0.591 12 31
0.939 0.020 375 28
0.941 0.058 157 266
0.153 0.317 110 463
0.127 0.633 195 316
0.565 0.060 567 495
0.778 0.166 204 443
0.239 0.136 635 325
0.351 0.323 448 212
0.605 0.371 615 120
0.739 0.019 397 309
0.219 0.543 608 300
0.299 0.441 359 188
0.960 0.009 27 98
0.072 0.619 324 40
0.713 0.270 495 457
0.496 0.500 577 184
0.358 0.588 96 487
0.991 0.003 440 643
0.963 0.035 369 441
0.164 0.287 74 567
0.520 0.066 572 18
0.716 0.216 359 209
0.282 0.364 392 596
0.708 0.168 232 271
0.933 0.011 167 319
0.199 0.626 116 71
0.594 0.138 288 130
0.079 0.866 582 229
0.611 0.024 373 635
0.789 0.027 185 542
0.009 0.074 266 24
0.610 0.292 358 565
0.901 0.047 96 80
0.319 0.489 219 105
0.496 0.049 570 10
0.810 0.029 567 235
0.581 0.190 343 560
0.763 0.034 666 650
0.071 0.869 451 567
0.176 0.500 197 214
0.812 0.109 596 597
0.051 0.381 649 470
0.447 0.447 469 12
0.663 0.095 645 250
0.069 0.525 360 540
0.308 0.148 239 422
0.680 0.159 421 467
0.229 0.210 551 199
0.215 0.279 240 208
0.096 0.037 571 110
0.924 0.063 47 627
0.933 0.029 661 252
0.033 0.154 541 177
0.642 0.003 302 581
0.308 0.237 122 400
0.127 0.296 529 244
0.233 0.498 670 454
0.813 0.092 514 405
0.808 0.122 677 479
0.613 0.303 161 523
0.828 0.029 420 513
0.656 0.001 262 220
0.427 0.274 192 333
0.035 0.504 364 403
0.457 0.446 601 258
0.050 0.085 480 161
0.798 0.174 360 55
0.439 0.351 67 250
0.744 0.245 640 131
0.874 0.113 627 663
0.859 0.026 284 147
0.004 0.199 281 441
0.314 0.075 632 15
0.544 0.262 444 294
0.745 0.254 582 82
0.714 0.192 80 87
0.983 0.014 355 120
0.345 0.624 13 312
0.987 0.013 647 685
0.008 0.712 399 153
0.469 0.522 427 381
0.969 0.027 196 297
0.419 0.061 541 171
0.878 0.088 354 576
0.695 0.160 681 292
0.667 0.306 481 634
0.251 0.286 684 634
0.019 0.892 12 269
0.903 0.089 205 674
0.836 0.036 454 245
0.611 0.159 434 331
0.816 0.014 83 47
0.868 0.074 150 686
0.527 0.370 2 218
0.784 0.197 718 306
0.830 0.036 645 506
0.651 0.229 47 429
0.721 0.077 242 378
0.828 0.060 639 384
0.853 0.059 555 192
0.318 0.285 288 410
0.211 0.379 675 469
0.130 0.639 633 186
0.562 0.250 140 211
0.140 0.342 686 471
0.720 0.075 557 693
0.605 0.386 197 614
0.536 0.408 267 151
0.544 0.296 426 482
0.450 0.399 717 92
0.596 0.128 652 446
0.486 0.111 391 425
0.254 0.631 668 538
0.211 0.288 453 452
0.598 0.243 90 730
0.093 0.177 266 536
0.056 0.106 252 311
0.434 0.531 749 677
0.999 0.001 308 525
0.926 0.043 673 533
0.568 0.391 520 300
0.754 0.212 725 9
0.876 0.044 130 574
0.593 0.195 346 500
0.388 0.014 268 278
0.721 0.018 647 536
0.348 0.327 403 608
0.800 0.059 631 502
0.309 0.450 282 673
0.449 0.052 676 91
0.380 0.208 603 388
0.804 0.109 570 399
0.334 0.121 704 314
0.544 0.224 330 212
0.976 0.023 765 561
0.046 0.670 451 153
0.679 0.077 228 540
0.214 0.526 343 319
0.453 0.385 580 651
0.644 0.039 37 245
0.062 0.592 285 191
0.087 0.657 586 734
0.255 0.475 533 453
0.130 0.749 69 423
0.717 0.232 153 94
0.327 0.380 129 76
0.056 0.266 161 357
0.688 0.116 281 745
0.117 0.427 333 719
0.034 0.962 775 169
0.520 0.115 251 151
0.586 0.018 287 460
0.659 0.224 8 327
0.245 0.313 550 17
0.934 0.065 473 720
0.646 0.295 549 207
0.164 0.824 268 684
0.873 0.039 69 770
0.132 0.027 711 637
0.592 0.301 133 525
0.846 0.148 324 371
0.683 0.216 741 52
0.994 0.001 451 541
0.157 0.382 216 633
0.012 0.637 641 672
0.867 0.104 295 55
0.352 0.454 544 40
0.725 0.115 104 595
0.510 0.262 193 181
0.963 0.011 776 72
0.401 0.418 96 382
0.043 0.368 461 621
0.398 0.335 460 119
0.231 0.080 313 660
0.927 0.008 428 763
0.162 0.413 335 657
0.674 0.053 653 577
0.142 0.175 542 36
0.268 0.648 498 229
0.710 0.096 377 476
0.638 0.078 366 516
0.529 0.388 532 56
0.886 0.069 281 396
0.518 0.212 181 611
0.807 0.186 505 744
0.666 0.282 690 631
0.278 0.391 114 398
0.159 0.455 639 549
0.725 0.162 580 428
0.871 0.047 537 203
0.068 0.518 563 550
0.612 0.039 240 279
0.125 0.513 705 451
0.091 0.466 332 133
0.925 0.068 366 562
0.094 0.316 438 528
0.150 0.116 440 257
0.912 0.015 584 598
0.606 0.363 194 115
0.692 0.127 63 434
0.941 0.048 498 652
0.640 0.039 305 353
0.070 0.548 673 305
0.191 0.727 683 532
0.162 0.603 93 16
0.712 0.273 238 554
0.291 0.515 342 50
0.155 0.306 121 581
0.058 0.753 609 197
0.446 0.526 660 572
0.367 0.004 736 671
0.668 0.208 596 597
0.743 0.168 312 519
0.343 0.521 510 713
0.536 0.170 66 599
0.994 0.004 669 730
0.680 0.032 355 378
0.747 0.205 545 806
0.535 0.431 12 519
0.571 0.302 159 301
0.866 0.043 729 720
0.057 0.928 475 97
0.692 0.261 356 280
0.919 0.055 102 54
0.635 0.267 762 311
0.724 0.259 846 675
0.646 0.148 742 759
0.617 0.087 833 389
0.840 0.034 426 752
0.470 0.063 541 222
0.868 0.116 825 188
0.197 0.114 333 664
0.073 0.562 633 377
0.846 0.051 177 859
0.663 0.177 136 155
0.857 0.129 319 430
0.092 0.552 811 642
0.509 0.181 75 118
0.369 0.396 249 261
0.412 0.496 710 249
0.919 0.009 614 44
0.637 0.235 573 111
0.005 0.390 439 786
0.003 0.376 163 178
0.152 0.832 286 842
0.461 0.367 305 303
0.167 0.557 181 409
0.707 0.185 135 449
0.960 0.032 247 489
0.167 0.832 375 699
0.529 0.364 758 397
0.023 0.931 298 31
0.888 0.087 148 21
0.275 0.595 578 598
0.190 0.764 610 597
0.667 0.039 399 456
0.964 0.020 752 715
0.679 0.206 462 885
0.861 0.090 308 373
0.770 0.134 306 237
0.111 0.297 691 619
0.724 0.215 548 683
0.210 0.775 126 55
0.328 0.499 500 217
0.313 0.419 331 571
0.559 0.317 788 375
0.810 0.160 457 474
0.446 0.068 744 660
0.756 0.003 818 512
0.066 0.359 289 842
0.718 0.238 731 645
0.306 0.465 783 527
0.357 0.020 727 20
0.800 0.156 404 164
0.817 0.164 842 721
0.985 0.012 159 905
0.475 0.443 894 626
0.694 0.078 231 335
0.548 0.388 469 600
0.456 0.245 39 520
0.155 0.587 2 185
0.100 0.672 544 830
0.088 0.611 358 525
0.532 0.290 543 394
0.144 0.824 219 425
0.026 0.923 325 386
0.744 0.213 356 453
0.789 0.211 302 292
0.668 0.031 450 411
0.473 0.067 638 818
0.270 0.214 34 761
0.651 0.140 770 833
0.271 0.482 40 66
0.606 0.378 189 872
0.802 0.070 105 830
0.662 0.124 653 46
0.104 0.121 457 801
0.490 0.400 483 855
0.250 0.702 283 532
0.498 0.340 241 808
0.525 0.227 330 777
0.471 0.040 685 670
0.278 0.385 925 133
0.424 0.108 505 555
0.972 0.009 605 485
0.172 0.129 680 731
0.867 0.026 931 570
0.646 0.269 384 111
0.617 0.155 815 354
0.664 0.032 383 217
0.284 0.087 122 571
0.832 0.153 13 909
0.662 0.240 906 615
0.326 0.623 516 851
0.707 0.207 820 450
0.193 0.410 920 763
0.531 0.156 924 332
0.399 0.459 444 260
0.115 0.527 165 831
0.464 0.274 792 256
0.518 0.017 371 783
0.764 0.194 10 244
0.468 0.479 66 788
0.526 0.450 955 272
0.629 0.202 229 285
0.679 0.208 193 213
0.037 0.271 632 253
0.787 0.154 289 372
0.989 0.008 922 310
0.296 0.502 481 107
0.162 0.061 791 921
0.731 0.150 713 80
0.806 0.014 49 515
0.903 0.010 409 907
0.531 0.430 702 768
0.870 0.015 915 142
0.504 0.299 578 780
0.308 0.014 721 212
0.204 0.624 829 618
0.404 0.367 159 605
0.760 0.093 740 834
0.626 0.304 443 140
0.216 0.730 462 770
0.020 0.820 271 86
0.888 0.030 807 367
0.265 0.214 243 540
0.205 0.212 345 142
0.654 0.125 555 893
0.830 0.034 597 554
0.533 0.428 777 916
0.683 0.105 723 953
0.898 0.006 959 903
0.573 0.024 179 95
0.350 0.065 240 1
0.683 0.156 803 760
0.494 0.268 3 746
0.676 0.206 174 511
0.897 0.033 439 19
0.383 0.170 911 139
0.951 0.048 319 436
0.874 0.103 478 221
0.682 0.071 151 900
0.785 0.111 460 60
0.799 0.162 461 90
0.008 0.158 583 473
0.273 0.486 816 963
0.310 0.176 947 661
0.436 0.350 935 428
0.938 0.033 776 803
0.370 0.128 445 867
0.545 0.029 263 524
0.165 0.232 226 882
0.451 0.321 492 275
0.184 0.577 372 1001
0.085 0.248 890 135
0.815 0.084 84 822
0.380 0.562 174 840
0.817 0.140 827 201
0.712 0.059 408 749
0.441 0.471 69 822
0.045 0.461 325 803
0.141 0.341 882 512
0.465 0.173 147 245
0.470 0.103 700 505
0.165 0.375 608 200
0.594 0.102 754 427
0.774 0.199 727 1
0.199 0.425 634 974
0.595 0.191 756 196
0.897 0.053 879 486
0.154 0.547 228 352
0.626 0.202 403 85
0.795 0.053 565 577
0.469 0.186 48 352
0.321 0.163 805 482
0.217 0.164 183 759
0.245 0.733 143 864
0.796 0.156 738 839
0.353 0.535 697 139
0.339 0.572 393 567
0.763 0.016 878 963
0.067 0.203 267 161
0.171 0.010 234 1030
0.740 0.051 214 380
0.673 0.234 362 673
0.107 0.402 82 69
0.872 0.118 389 567
0.057 0.501 583 1020
0.196 0.691 189 196
0.032 0.838 732 962
0.267 0.500 762 820
0.378 0.351 575 915
0.168 0.026 753 1006
0.625 0.148 109 392
0.602 0.108 508 218
0.715 0.056 81 405
0.689 0.268 665 848
0.545 0.169 1026 840
0.573 0.367 449 609
0.094 0.803 228 679
0.210 0.208 48 164
0.557 0.421 823 978
0.413 0.485 327 987
0.598 0.134 603 587
0.792 0.133 76 406
0.893 0.028 884 135
0.764 0.199 176 120
0.042 0.056 55 784
0.456 0.507 373 885
0.304 0.502 883 782
0.114 0.727 262 842
0.668 0.298 234 196
0.344 0.040 401 1050
0.874 0.083 603 690
0.576 0.330 535 659
0.087 0.567 768 685
0.885 0.049 880 297
0.486 0.341 608 519
0.417 0.033 126 519
0.854 0.030 727 844
0.553 0.235 306 693
0.620 0.175 631 741
0.533 0.281 741 767
0.868 0.096 522 32
0.284 0.159 170 728
0.790 0.205 676 652
0.987 0.004 1035 552
0.527 0.273 2 675
0.861 0.024 89 233
0.170 0.276 391 1069
0.408 0.336 990 626
0.606 0.055 932 736
0.018 0.039 320 523
0.245 0.289 935 384
0.889 0.102 389 504
0.080 0.089 523 452
0.680 0.167 304 470
0.365 0.288 364 399
0.084 0.127 975 908
0.635 0.026 733 189
0.092 0.035 595 68
0.687 0.091 940 76
0.206 0.753 87 409
0.363 0.322 729 221
0.325 0.583 252 776
0.783 0.040 1012 1085
0.671 0.013 692 377
0.545 0.042 978 82
