1000 1000
660967
48707
607517
232717
299378
588233
970353
328196
676970
451736
291205
801564
275422
837743
595208
529020
740113
906252
412787
628750
693036
446888
174250
130291
361720
363013
576048
215821
372369
791621
871087
316247
122832
70949
65166
944970
854312
809580
618753
767010
696836
584418
429996
757191
211209
432112
399894
850523
73380
136566
353726
352093
50987
267911
723030
578010
628977
976280
554889
44937
555915
708912
115687
101962
683359
145801
226426
244123
804110
905843
7685
80395
214695
12407
912218
546565
127840
208806
210065
334628
597445
405086
612882
551318
587631
476711
152393
2302
160804
297644
648023
325583
817304
660719
993037
392349
321051
570446
439420
567457
579284
714955
880503
736499
203800
88133
732416
450275
129695
49923
296142
642533
143477
995005
269356
23808
442292
723781
644958
229560
335211
700101
183189
344172
221330
744978
839835
511308
705634
819057
248936
191347
271014
763318
651802
827779
949472
748616
87720
217971
885821
14820
936911
681260
584335
155090
334639
378124
956071
77191
100172
588478
335629
499908
338637
433843
997805
766614
857551
477160
696451
536600
927281
777027
935061
7978
707697
667347
127102
9803
593529
682211
363038
749647
279628
738078
81486
289581
309310
173489
663196
167391
397567
336451
886837
775637
461899
366046
459714
129414
432075
891667
444410
679743
742704
711186
941338
794224
468470
278161
786101
212033
216844
230603
399548
451867
746093
165791
159129
44823
727995
375053
138351
366015
844439
443637
402473
748910
910282
778164
405179
747511
291651
692613
943290
289586
874397
385301
72371
775777
939238
134160
238645
961397
812916
639996
920381
22710
55275
756303
803360
558302
889090
253894
875602
906825
200526
736710
549921
652998
334773
975031
876662
714850
973322
703315
865728
896015
626276
551153
555260
205403
200256
499820
674774
811428
117180
622086
694824
472114
658730
626681
565652
860996
521992
355719
379173
922934
239561
35380
698134
887178
50201
18265
589274
866158
576717
344747
339443
137092
488317
121967
522010
117475
896859
59511
160431
11448
319240
262955
243351
618368
546317
934388
486402
439009
871397
530932
856592
832495
236038
919600
251753
616690
519100
238461
85597
83223
874810
461248
81231
467206
761570
258578
432267
85324
963243
87784
6532
451610
189360
429288
13444
374808
77507
165455
202193
464793
371264
299546
347968
628476
754322
642837
536373
510395
908528
971966
352145
842409
695926
166965
182093
382492
221155
872747
77363
186339
992041
785470
647541
222694
40747
607499
151902
737909
765712
206488
497057
103433
238659
451663
439884
579587
746324
316770
241391
216958
915763
887056
993367
604474
911809
723160
970512
228462
392209
580762
303525
575243
47156
712024
510855
620143
825422
124150
268808
464344
166565
68166
731607
251263
247216
625349
306701
269436
705267
572652
163188
270185
507392
686029
72926
180274
788154
457314
852105
64495
499719
251114
767529
317065
500479
191711
278415
64630
747117
420423
837519
803110
997592
265040
454743
348598
214840
811867
310941
436242
805280
712511
907910
140615
214477
113293
437475
110956
153290
469933
135552
815105
798542
137337
617509
609014
364213
875970
234111
380299
492259
375134
179494
500424
649078
796049
196443
738556
267115
249656
581196
782800
839308
639764
84238
667131
169315
443050
96736
766294
317642
566022
601761
803283
748684
389032
265331
131178
561830
621533
603359
940179
440265
508443
634500
657055
393677
309908
613989
20466
273845
254992
909174
489294
487584
650508
509870
165273
313922
613681
108494
701933
569085
50432
394057
307881
814828
624693
15548
657572
442571
810475
164303
769298
846447
588213
147165
96113
82522
501042
595040
982980
34566
829245
754838
544351
370388
657956
899144
401511
306108
830011
723362
532068
619542
256381
301259
666783
406540
392850
417517
127033
997338
97144
5095
458278
876562
563136
692040
792642
866592
227048
471075
612752
127912
683428
477091
869430
17879
307478
6065
718248
586330
5511
657035
731383
826804
800455
691276
609699
325253
844456
142743
657078
644847
289945
229899
236541
456081
778428
639896
863473
120190
35247
978181
275305
819326
416207
133156
296843
538466
544330
943788
954605
751624
44696
502636
639391
177992
561865
467951
485805
608665
693293
103039
190541
640952
653508
584469
98349
621598
567495
487414
524171
550271
164054
568943
957012
2596
75351
216032
226632
192879
619819
884512
180091
49893
941752
846495
152364
115091
624232
492977
966235
249758
317825
903483
256097
699694
9618
815484
118036
243683
756707
718761
225751
120837
246642
136289
14741
829432
539396
573886
179297
189977
9203
787403
547038
83213
723597
126349
415780
246717
822413
431720
28366
317361
404070
268197
614533
853311
517799
520028
308933
452704
12556
361236
91261
173120
940337
524209
571628
444519
83818
942649
231130
802462
453262
201556
234349
921641
735937
262925
579791
85364
138005
757343
166900
614130
591932
769055
299264
34426
983288
419892
354072
942754
353962
953779
200695
778844
636693
191286
698673
236683
486266
872546
321619
19675
528681
915490
421856
808201
254349
321753
14331
91404
502937
534464
548990
341295
184299
654402
290577
405186
548135
569943
741011
458881
982091
93222
324459
500055
110341
621960
463562
38717
484902
592105
539651
411453
410803
639245
411566
149254
66510
881009
201911
854816
561385
380122
697355
5897
871400
646331
98543
107590
678371
244962
532579
695229
922393
205475
661806
607781
147273
63380
342268
63779
75870
171526
939787
12141
694682
763769
941850
164495
644745
752149
234505
924914
491635
640738
278453
553673
70251
873430
953823
563783
814468
626749
442605
104117
295349
488685
20851
962365
957218
433515
754509
809107
654357
158140
576046
193738
751662
422683
714870
545080
169670
659048
276609
166517
178631
295517
549586
723856
117105
384603
893476
753465
997659
198517
629447
210700
810967
396343
855300
301646
147176
342052
354629
308635
168677
576200
709113
769202
70953
383873
594148
396023
554917
883612
850077
532733
885714
9795
143689
436991
55881
17108
95912
899009
998737
205670
13491
369750
880068
521877
863058
935017
956498
591095
70100
10338
28397
583458
250278
68121
905494
253901
322499
710979
851621
610472
675152
850273
473543
310877
901690
724306
80905
190075
51850
3119
640774
719233
555780
437767
643559
26862
863672
179502
648288
698829
422543
717719
243314
440663
479538
758766
119158
408149
745536
499001
347057
22702
453769
35641
640252
780092
106937
117752
419996
727543
561437
221142
434848
315014
317629
543964
50011
485796
409846
86026
268823
130563
679776
991837
612512
801774
593401
512337
991316
970089
62627
955159
568335
431175
778126
418453
874271
720035
636782
319398
384804
508885
430241
40169
700838
186472
308029
105290
510824
281638
2570
646829
452129
540331
950817
493932
556132
521778
321130
123944
510164
410732
327817
646012
631822
232306
185104
977525
553885
35374
961632
19882
930556
209488
786672
454903
193131
0.319 0.681 533 683
0.026 0.974 287 236
0.796 0.204 686 918
0.877 0.123 822 254
0.419 0.581 620 498
0.045 0.955 362 998
0.657 0.343 116 592
0.996 0.004 62 447
0.909 0.091 234 126
0.472 0.528 663 323
0.824 0.176 773 301
0.651 0.349 276 478
0.463 0.537 245 201
0.548 0.452 746 5
0.604 0.396 803 471
0.834 0.166 31 713
0.810 0.190 698 959
0.758 0.242 206 1000
0.987 0.013 282 939
0.834 0.166 804 167
0.023 0.977 885 295
0.802 0.198 569 392
0.118 0.882 780 841
0.697 0.303 218 37
0.002 0.998 258 98
0.147 0.853 117 123
0.887 0.113 92 208
0.855 0.145 59 899
0.352 0.648 869 515
0.941 0.059 499 168
0.085 0.915 330 555
0.739 0.261 201 743
0.954 0.046 294 957
0.684 0.316 930 831
0.325 0.675 78 960
0.062 0.938 290 1020
0.624 0.376 82 196
0.471 0.529 758 11
0.030 0.970 252 433
0.904 0.096 913 572
0.455 0.545 230 47
0.247 0.753 698 899
0.924 0.076 72 697
0.103 0.897 998 776
0.463 0.537 339 333
0.998 0.002 241 437
0.115 0.885 939 557
0.742 0.258 451 293
0.768 0.232 299 958
0.135 0.865 969 931
0.018 0.982 319 848
0.111 0.889 323 357
0.349 0.651 206 892
0.337 0.663 408 747
0.145 0.855 548 957
0.098 0.902 169 808
0.416 0.584 1024 170
0.546 0.454 987 176
0.623 0.377 643 643
0.903 0.097 678 345
0.619 0.381 626 447
0.289 0.711 146 148
0.026 0.974 795 39
0.448 0.552 535 369
0.535 0.465 949 1016
0.049 0.951 164 640
0.225 0.775 929 795
0.945 0.055 904 749
0.677 0.323 583 66
0.479 0.521 64 475
0.528 0.472 728 676
0.914 0.086 271 773
0.286 0.714 556 385
0.815 0.185 146 294
0.519 0.481 911 851
0.762 0.238 500 97
0.304 0.696 786 712
0.673 0.327 221 753
0.861 0.139 1064 157
0.145 0.855 444 784
0.134 0.866 1044 867
0.097 0.903 388 913
0.970 0.030 676 60
0.278 0.722 461 134
0.302 0.698 130 955
0.553 0.447 932 9
0.124 0.876 490 509
0.058 0.942 955 874
0.171 0.829 416 332
0.222 0.778 355 884
0.009 0.991 639 553
0.091 0.909 781 319
0.681 0.319 126 272
0.796 0.204 608 17
0.489 0.511 606 246
0.024 0.976 269 547
0.775 0.225 802 322
0.398 0.602 171 948
0.745 0.255 418 832
0.870 0.130 83 745
0.784 0.216 629 981
0.602 0.398 833 502
0.864 0.136 76 1053
0.853 0.147 857 645
0.120 0.880 48 187
0.734 0.266 272 1073
0.091 0.909 185 1005
0.387 0.613 81 835
0.712 0.288 651 928
0.821 0.179 968 887
0.817 0.183 54 852
0.740 0.260 193 597
0.564 0.436 614 232
0.225 0.775 746 761
0.879 0.121 1040 767
0.462 0.538 894 933
0.303 0.697 449 450
0.268 0.732 1087 408
0.382 0.618 223 788
0.585 0.415 13 748
0.659 0.341 196 612
0.918 0.082 803 141
0.539 0.461 808 477
0.944 0.056 943 443
0.676 0.324 117 1097
0.835 0.165 454 3
0.678 0.322 865 501
0.747 0.253 388 819
0.339 0.661 211 590
0.991 0.009 466 722
0.003 0.997 643 554
0.226 0.774 542 524
0.146 0.854 116 1067
0.411 0.589 430 796
0.504 0.496 952 273
0.466 0.534 220 606
0.347 0.653 892 874
0.740 0.260 608 204
0.764 0.236 502 60
0.819 0.181 629 153
0.726 0.274 841 741
0.787 0.213 262 273
0.293 0.707 809 693
0.886 0.114 298 328
0.633 0.367 851 680
0.923 0.077 1078 1031
0.021 0.979 812 998
0.261 0.739 255 568
0.606 0.394 364 686
0.484 0.516 758 931
0.150 0.850 553 1077
0.997 0.003 256 496
0.769 0.231 103 248
0.887 0.113 593 26
0.250 0.750 1051 576
0.214 0.786 721 555
0.611 0.389 129 120
0.573 0.427 600 948
0.719 0.281 418 812
0.555 0.445 347 664
0.971 0.029 571 184
0.135 0.865 181 269
0.200 0.800 586 1124
0.450 0.550 294 1064
0.042 0.958 236 384
0.621 0.379 1066 1160
0.095 0.905 878 809
0.504 0.496 941 249
0.442 0.558 1161 163
0.470 0.530 174 216
0.305 0.695 204 795
0.035 0.965 424 795
0.670 0.330 676 377
0.633 0.367 170 229
0.819 0.181 295 194
0.950 0.050 784 989
0.133 0.867 794 1061
0.937 0.063 27 453
0.957 0.043 1153 115
0.212 0.788 52 1116
0.515 0.485 356 318
0.242 0.758 966 544
0.835 0.165 811 298
0.610 0.390 299 142
0.588 0.412 108 603
0.636 0.364 935 795
0.648 0.352 570 456
0.341 0.659 885 353
0.472 0.528 202 544
0.769 0.231 772 324
0.107 0.893 982 105
0.443 0.557 532 643
0.587 0.413 355 375
0.003 0.997 232 453
0.530 0.470 608 1089
0.122 0.878 941 72
0.864 0.136 794 215
0.966 0.034 347 906
0.489 0.511 865 1036
0.025 0.975 1058 1112
0.690 0.310 709 423
0.021 0.979 46 1089
0.639 0.361 45 1180
0.590 0.410 759 916
0.293 0.707 1112 801
0.838 0.162 796 666
0.877 0.123 84 656
0.961 0.039 506 265
0.120 0.880 1017 767
0.262 0.738 555 558
0.147 0.853 719 1073
0.556 0.444 414 953
0.298 0.702 742 35
0.408 0.592 69 422
0.218 0.782 1117 941
0.886 0.114 1116 1073
0.778 0.222 938 1164
0.970 0.030 363 979
0.629 0.371 927 976
0.455 0.545 267 1159
0.108 0.892 977 743
0.883 0.117 800 172
0.596 0.404 607 248
0.723 0.277 305 828
0.055 0.945 194 325
0.881 0.119 209 130
0.862 0.138 1213 553
0.792 0.208 985 160
0.826 0.174 940 713
0.457 0.543 59 106
0.426 0.574 1215 714
0.366 0.634 88 1090
0.355 0.645 752 1067
0.115 0.885 449 1209
0.284 0.716 1045 965
0.571 0.429 112 788
0.505 0.495 896 1094
0.123 0.877 1136 861
0.255 0.745 1175 478
0.128 0.872 710 697
0.366 0.634 1040 52
0.820 0.180 14 531
0.358 0.642 185 933
0.620 0.380 403 1234
0.467 0.533 658 471
0.206 0.794 606 915
0.649 0.351 359 445
0.807 0.193 1062 894
0.541 0.459 479 1118
0.464 0.536 329 673
0.065 0.935 1113 935
0.269 0.731 211 605
0.258 0.742 1229 189
0.895 0.105 1242 189
0.717 0.283 1155 112
0.845 0.155 967 469
0.897 0.103 461 7
0.164 0.836 973 350
0.627 0.373 932 65
0.351 0.649 868 960
0.580 0.420 638 1101
0.767 0.233 267 701
0.692 0.308 883 1026
0.613 0.387 887 243
0.669 0.331 503 1054
0.337 0.663 454 122
0.111 0.889 300 817
0.011 0.989 1068 439
0.749 0.251 548 557
0.457 0.543 750 589
0.598 0.402 669 569
0.726 0.274 233 159
0.599 0.401 83 9
0.303 0.697 852 664
0.425 0.575 177 767
0.344 0.656 984 712
0.157 0.843 1048 1189
0.223 0.777 1099 687
0.965 0.035 1029 1040
0.409 0.591 547 67
0.748 0.252 544 812
0.207 0.793 1127 1153
0.457 0.543 1045 1039
0.766 0.234 728 208
0.703 0.297 1067 1070
0.625 0.375 573 625
0.936 0.064 1196 976
0.181 0.819 558 655
0.059 0.941 412 932
0.958 0.042 551 224
0.171 0.829 232 1152
0.982 0.018 845 1103
0.215 0.785 695 1073
0.422 0.578 1282 1291
0.867 0.133 429 407
0.259 0.741 499 8
0.045 0.955 814 610
0.950 0.050 665 83
0.887 0.113 943 1141
0.371 0.629 966 1022
0.890 0.110 877 1
0.905 0.095 533 473
0.140 0.860 1087 575
0.834 0.166 655 815
0.398 0.602 353 215
0.752 0.248 930 805
0.176 0.824 850 84
0.304 0.696 482 1028
0.182 0.818 860 1076
0.398 0.602 1188 603
0.895 0.105 641 68
0.799 0.201 749 879
0.247 0.753 173 41
0.458 0.542 993 621
0.743 0.257 214 628
0.628 0.372 1291 585
0.327 0.673 755 742
0.018 0.982 1113 122
0.835 0.165 479 229
0.827 0.173 1119 934
0.311 0.689 1142 527
0.651 0.349 716 1150
0.682 0.318 596 592
0.797 0.203 2 498
0.046 0.954 318 152
0.894 0.106 922 853
0.741 0.259 880 221
0.618 0.382 1221 458
0.225 0.775 928 724
0.532 0.468 671 567
0.666 0.334 1302 1026
0.579 0.421 247 121
0.581 0.419 884 912
0.649 0.351 22 626
0.057 0.943 877 805
0.192 0.808 879 235
0.640 0.360 356 336
0.840 0.160 1147 991
0.736 0.264 587 423
0.856 0.144 1255 1029
0.838 0.162 392 568
0.687 0.313 241 307
0.131 0.869 974 1126
0.091 0.909 424 294
0.068 0.932 648 713
0.668 0.332 1134 118
0.823 0.177 80 1165
0.671 0.329 426 450
0.730 0.270 440 906
0.003 0.997 784 1073
0.126 0.874 1181 626
0.848 0.152 341 1042
0.577 0.423 862 521
0.388 0.612 1236 480
0.467 0.533 543 1039
0.355 0.645 642 62
0.519 0.481 729 24
0.832 0.168 733 418
0.151 0.849 977 1328
0.434 0.566 60 889
0.899 0.101 606 408
0.567 0.433 1059 1310
0.783 0.217 843 586
0.911 0.089 1125 1239
0.742 0.258 657 54
0.036 0.964 208 950
0.997 0.003 700 214
0.194 0.806 1332 985
0.781 0.219 264 33
0.413 0.587 1334 1173
0.550 0.450 261 538
0.913 0.087 1019 1212
0.765 0.235 78 717
0.029 0.971 277 843
0.532 0.468 768 554
0.815 0.185 23 855
0.988 0.012 898 331
0.124 0.876 762 202
0.672 0.328 386 827
0.378 0.622 806 348
0.419 0.581 617 454
0.928 0.072 272 1213
0.946 0.054 660 586
0.463 0.537 909 904
0.367 0.633 149 175
0.478 0.522 738 475
0.613 0.387 123 912
0.152 0.848 411 678
0.184 0.816 602 132
0.915 0.085 1171 1216
0.392 0.608 485 1225
0.681 0.319 954 1231
0.984 0.016 234 261
0.743 0.257 721 330
0.775 0.225 1053 419
0.568 0.432 701 876
0.542 0.458 873 639
0.089 0.911 1114 1278
0.903 0.097 221 1289
0.868 0.132 1048 885
0.150 0.850 441 579
0.307 0.693 1119 738
0.065 0.935 368 682
0.773 0.227 652 442
0.776 0.224 504 1210
0.090 0.910 1383 837
0.459 0.541 670 890
0.032 0.968 204 561
0.488 0.512 1014 878
0.194 0.806 720 153
0.760 0.240 681 1186
0.153 0.847 715 842
0.647 0.353 1220 1155
0.195 0.805 897 469
0.211 0.789 780 536
0.386 0.614 569 776
0.408 0.592 263 1049
0.644 0.356 1396 700
0.946 0.054 1186 1358
0.120 0.880 761 565
0.533 0.467 215 160
0.072 0.928 1385 379
0.174 0.826 402 69
0.262 0.738 442 392
0.904 0.096 154 97
0.854 0.146 569 31
0.559 0.441 273 1278
0.865 0.135 1406 585
0.632 0.368 730 435
0.898 0.102 193 1274
0.685 0.315 1049 868
0.062 0.938 520 31
0.835 0.165 284 45
0.660 0.340 1050 427
0.269 0.731 1109 1033
0.287 0.713 800 926
0.916 0.084 147 37
0.321 0.679 1179 42
0.860 0.140 928 670
0.196 0.804 1011 489
0.193 0.807 603 642
0.630 0.370 1167 1050
0.060 0.940 225 659
0.333 0.667 405 42
0.149 0.851 1078 946
0.620 0.380 299 674
0.179 0.821 695 787
0.688 0.312 1026 1
0.832 0.168 673 973
0.963 0.037 1073 1153
0.173 0.827 669 290
0.132 0.868 1126 1284
0.473 0.527 722 694
0.478 0.522 935 366
0.587 0.413 12 1285
0.008 0.992 247 881
0.192 0.808 476 372
0.782 0.218 139 687
0.874 0.126 385 831
0.194 0.806 688 846
0.064 0.936 1459 730
0.436 0.564 830 1414
0.321 0.679 584 1051
0.042 0.958 640 763
0.686 0.314 199 566
0.763 0.237 88 254
0.469 0.531 427 1059
0.630 0.370 131 1197
0.040 0.960 732 206
0.487 0.513 19 304
0.528 0.472 1114 155
0.414 0.586 832 542
0.325 0.675 1035 321
0.459 0.541 391 751
0.724 0.276 776 1338
0.648 0.352 905 212
0.639 0.361 622 498
0.690 0.310 310 441
0.871 0.129 1196 1071
0.908 0.092 1390 1028
0.899 0.101 28 752
0.948 0.052 433 431
0.238 0.762 1142 328
0.334 0.666 691 249
0.651 0.349 534 1235
0.201 0.799 674 839
0.016 0.984 283 382
0.398 0.602 773 326
0.316 0.684 579 1320
0.826 0.174 496 675
0.991 0.009 135 906
0.023 0.977 315 461
0.680 0.320 265 997
0.560 0.440 400 573
0.639 0.361 1109 1306
0.882 0.118 607 588
0.124 0.876 177 788
0.270 0.730 464 477
0.776 0.224 1313 162
0.003 0.997 414 1289
0.959 0.041 1101 602
0.716 0.284 1278 418
0.910 0.090 1488 206
0.248 0.752 143 738
0.049 0.951 859 1232
0.930 0.070 314 332
0.140 0.860 1303 199
0.287 0.713 279 417
0.106 0.894 200 304
0.321 0.679 1288 1302
0.310 0.690 521 587
0.383 0.617 951 688
0.179 0.821 791 276
0.710 0.290 1097 1026
0.365 0.635 783 1022
0.960 0.040 1225 1395
0.739 0.261 1314 947
0.182 0.818 588 861
0.673 0.327 39 1422
0.025 0.975 1429 1147
0.755 0.245 1417 1456
0.377 0.623 1292 1357
0.933 0.067 371 424
0.111 0.889 1435 1281
0.102 0.898 1403 256
0.853 0.147 165 902
0.121 0.879 591 906
0.451 0.549 124 392
0.847 0.153 775 564
0.637 0.363 1393 595
0.214 0.786 926 1004
0.847 0.153 106 75
0.419 0.581 1337 139
0.340 0.660 271 1449
0.369 0.631 1196 234
0.459 0.541 421 594
0.078 0.922 1510 363
0.797 0.203 835 860
0.942 0.058 744 652
0.641 0.359 937 1134
0.694 0.306 1442 304
0.764 0.236 1086 1044
0.670 0.330 1246 1375
0.661 0.339 230 505
0.521 0.479 308 777
0.771 0.229 178 799
0.045 0.955 303 143
0.106 0.894 407 852
0.259 0.741 484 352
0.440 0.560 290 1198
0.751 0.249 1060 1
0.234 0.766 1185 252
0.094 0.906 678 838
0.847 0.153 37 1153
0.553 0.447 501 873
0.563 0.437 827 959
0.607 0.393 396 1007
0.704 0.296 760 1208
0.653 0.347 92 1336
0.759 0.241 1247 1413
0.623 0.377 841 89
0.070 0.930 902 1094
0.241 0.759 31 78
0.626 0.374 1273 702
0.386 0.614 531 650
0.154 0.846 788 643
0.468 0.532 1564 901
0.121 0.879 1367 101
0.882 0.118 567 469
0.574 0.426 1213 784
0.433 0.567 1258 893
0.264 0.736 581 431
0.544 0.456 1520 682
0.104 0.896 405 1498
0.035 0.965 193 803
0.342 0.658 1554 1231
0.069 0.931 245 865
0.157 0.843 918 827
0.431 0.569 1344 1311
0.325 0.675 1575 1182
0.155 0.845 169 1359
0.199 0.801 1436 799
0.797 0.203 869 243
0.549 0.451 773 297
0.846 0.154 701 587
0.471 0.529 1385 142
0.770 0.230 852 1179
0.799 0.201 750 1290
0.564 0.436 1344 821
0.864 0.136 319 1494
0.501 0.499 580 497
0.367 0.633 98 1537
0.072 0.928 224 321
0.080 0.920 1550 1460
0.081 0.919 1358 1525
0.904 0.096 35 1325
0.902 0.098 1255 447
0.622 0.378 91 494
0.067 0.933 1542 498
0.290 0.710 673 935
0.489 0.511 143 317
0.210 0.790 31 264
0.572 0.428 1350 1540
0.375 0.625 402 1555
0.119 0.881 1457 361
0.957 0.043 1413 336
0.290 0.710 1217 1177
0.563 0.437 527 707
0.277 0.723 823 500
0.660 0.340 259 992
0.630 0.370 915 1054
0.244 0.756 303 981
0.066 0.934 115 750
0.416 0.584 715 120
0.816 0.184 969 46
0.503 0.497 1536 1444
0.289 0.711 944 1480
0.820 0.180 1296 763
0.188 0.812 736 867
0.854 0.146 1004 207
0.138 0.862 1122 612
0.955 0.045 292 1602
0.884 0.116 1421 1594
0.877 0.123 908 898
0.636 0.364 828 732
0.039 0.961 1199 797
0.635 0.365 632 402
0.080 0.920 437 1253
0.552 0.448 925 130
0.658 0.342 887 1074
0.784 0.216 404 350
0.223 0.777 548 1342
0.153 0.847 165 1221
0.514 0.486 260 1134
0.332 0.668 447 1606
0.386 0.614 1378 421
0.602 0.398 567 1002
0.435 0.565 692 1032
0.662 0.338 74 1060
0.389 0.611 573 943
0.275 0.725 385 197
0.595 0.405 1623 123
0.367 0.633 152 109
0.918 0.082 593 279
0.996 0.004 895 983
0.168 0.832 1393 1567
0.779 0.221 1329 1305
0.238 0.762 797 1306
0.317 0.683 593 256
0.971 0.029 1007 472
0.115 0.885 304 1631
0.893 0.107 1290 289
0.494 0.506 1574 407
0.579 0.421 1042 1137
0.595 0.405 170 771
0.987 0.013 628 339
0.184 0.816 1196 430
0.178 0.822 542 840
0.695 0.305 1491 50
0.717 0.283 1072 198
0.770 0.230 70 1057
0.916 0.084 865 971
0.332 0.668 1329 1570
0.464 0.536 75 203
0.875 0.125 822 1077
0.550 0.450 979 30
0.330 0.670 1458 931
0.785 0.215 403 769
0.380 0.620 937 1301
0.400 0.600 821 816
0.391 0.609 54 692
0.695 0.305 1329 329
0.964 0.036 93 365
0.797 0.203 1538 1397
0.592 0.408 647 178
0.011 0.989 1098 1607
0.080 0.920 1114 1384
0.164 0.836 619 748
0.090 0.910 1039 388
0.451 0.549 71 1208
0.572 0.428 49 1593
0.744 0.256 311 360
0.818 0.182 1443 245
0.074 0.926 708 1441
0.383 0.617 10 598
0.026 0.974 246 1539
0.909 0.091 1311 290
0.908 0.092 155 87
0.544 0.456 22 1482
0.329 0.671 1630 394
0.125 0.875 1033 1294
0.721 0.279 689 1116
0.770 0.230 756 1048
0.593 0.407 1457 453
0.267 0.733 276 796
0.088 0.912 808 1271
0.663 0.337 824 102
0.582 0.418 1016 1404
0.226 0.774 946 1510
0.193 0.807 1201 572
0.198 0.802 208 1030
0.396 0.604 104 404
0.885 0.115 933 17
0.923 0.077 1696 587
0.332 0.668 207 926
0.631 0.369 870 1687
0.992 0.008 129 295
0.464 0.536 35 1260
0.970 0.030 1253 678
0.190 0.810 964 695
0.907 0.093 410 1146
0.573 0.427 431 1416
0.345 0.655 1414 1145
0.562 0.438 686 758
0.575 0.425 1649 1323
0.049 0.951 1406 1701
0.798 0.202 1282 516
0.593 0.407 1575 757
0.043 0.957 694 1253
0.113 0.887 682 490
0.905 0.095 317 1020
0.321 0.679 985 257
0.234 0.766 2 273
0.964 0.036 1181 56
0.635 0.365 1530 899
0.988 0.012 52 753
0.701 0.299 3 725
0.720 0.280 681 1288
0.444 0.556 574 807
0.214 0.786 628 4
0.511 0.489 1107 1027
0.373 0.627 514 19
0.746 0.254 544 1565
0.587 0.413 335 421
0.047 0.953 1098 1258
0.371 0.629 956 1715
0.983 0.017 526 1263
0.799 0.201 1389 469
0.758 0.242 1578 1384
0.379 0.621 181 514
0.231 0.769 1157 887
0.276 0.724 525 1223
0.300 0.700 197 180
0.903 0.097 327 1411
0.990 0.010 860 764
0.332 0.668 964 182
0.045 0.955 848 142
0.768 0.232 113 376
0.047 0.953 1128 909
0.364 0.636 1342 311
0.885 0.115 1502 1242
0.291 0.709 161 162
0.926 0.074 711 50
0.579 0.421 383 1668
0.834 0.166 908 7
0.126 0.874 1457 19
0.503 0.497 176 449
0.435 0.565 19 1290
0.111 0.889 291 69
0.443 0.557 198 1686
0.803 0.197 1502 1301
0.226 0.774 1370 775
0.444 0.556 891 1509
0.099 0.901 386 1225
0.197 0.803 235 1636
0.909 0.091 791 1458
0.810 0.190 34 1635
0.239 0.761 1687 1198
0.727 0.273 1738 711
0.247 0.753 1118 1755
0.144 0.856 447 1427
0.541 0.459 1122 209
0.213 0.787 551 1727
0.164 0.836 1248 788
0.299 0.701 1209 1166
0.148 0.852 777 829
0.716 0.284 1017 192
0.135 0.865 216 1616
0.257 0.743 161 288
0.649 0.351 1658 346
0.239 0.761 873 1186
0.838 0.162 1172 229
0.055 0.945 278 1264
0.300 0.700 1516 1134
0.636 0.364 1298 1431
0.194 0.806 472 1321
0.960 0.040 1448 520
0.242 0.758 1448 1349
0.226 0.774 1120 1217
0.842 0.158 1629 942
0.357 0.643 1765 1135
0.137 0.863 945 651
0.605 0.395 1156 972
0.126 0.874 1359 1722
0.912 0.088 1541 310
0.777 0.223 1179 1417
0.177 0.823 205 781
0.784 0.216 1246 447
0.302 0.698 742 1514
0.933 0.067 963 305
0.548 0.452 462 404
0.629 0.371 1185 1749
0.851 0.149 1207 467
0.526 0.474 1284 197
0.920 0.080 1577 1463
0.329 0.671 427 678
0.589 0.411 253 516
0.935 0.065 75 1680
0.904 0.096 1103 1225
0.310 0.690 8 1151
0.807 0.193 1433 1587
0.381 0.619 180 738
0.441 0.559 806 603
0.632 0.368 411 1564
0.566 0.434 404 551
0.462 0.538 1333 992
0.560 0.440 55 1059
0.011 0.989 958 1358
0.472 0.528 1396 172
0.441 0.559 794 17
0.565 0.435 1427 169
0.271 0.729 1494 736
0.001 0.999 581 359
0.092 0.908 561 349
0.892 0.108 971 396
0.092 0.908 316 426
0.299 0.701 1654 991
0.614 0.386 1777 247
0.223 0.777 806 1203
0.929 0.071 1807 1428
0.136 0.864 671 1813
0.231 0.769 257 991
0.523 0.477 925 333
0.278 0.722 1297 1781
0.442 0.558 1040 570
0.653 0.347 218 891
0.121 0.879 1438 808
0.833 0.167 1506 443
0.441 0.559 879 1553
0.167 0.833 1086 1089
0.896 0.104 978 1170
0.138 0.862 1517 435
0.101 0.899 1652 680
0.475 0.525 1794 155
0.440 0.560 395 1203
0.676 0.324 1684 1140
0.522 0.478 284 573
0.476 0.524 1365 622
0.343 0.657 382 112
0.666 0.334 358 1360
0.930 0.070 1476 193
0.389 0.611 260 246
0.366 0.634 953 972
0.822 0.178 1789 1726
0.344 0.656 1811 562
0.193 0.807 627 1144
0.233 0.767 385 1682
0.782 0.218 847 456
0.367 0.633 1453 302
0.465 0.535 552 1218
0.224 0.776 14 944
0.103 0.897 774 233
0.422 0.578 945 1645
0.794 0.206 1781 746
0.647 0.353 543 939
0.875 0.125 741 1129
0.945 0.055 1283 1077
0.440 0.560 530 1430
0.160 0.840 207 1782
0.261 0.739 1468 1594
0.214 0.786 126 241
0.425 0.575 1380 1465
0.246 0.754 127 471
0.428 0.572 1431 63
0.306 0.694 1394 593
0.170 0.830 1256 897
0.234 0.766 517 1401
0.145 0.855 303 691
0.299 0.701 1229 606
0.070 0.930 1671 798
0.729 0.271 28 713
0.979 0.021 733 596
0.987 0.013 963 205
0.017 0.983 1102 4
0.358 0.642 1632 1300
0.492 0.508 1264 718
0.837 0.163 641 1884
0.746 0.254 935 946
0.567 0.433 740 267
0.156 0.844 1513 1506
0.166 0.834 226 1228
0.934 0.066 721 853
0.542 0.458 1404 330
0.998 0.002 533 1544
0.824 0.176 1256 1305
0.952 0.048 1064 1231
0.184 0.816 813 513
0.518 0.482 1604 1114
0.541 0.459 199 564
0.532 0.468 918 645
0.572 0.428 1344 908
0.323 0.677 1783 919
0.773 0.227 1623 984
0.806 0.194 717 1089
0.372 0.628 1145 714
0.174 0.826 197 1728
0.436 0.564 54 1340
0.400 0.600 1402 643
0.973 0.027 1142 255
0.404 0.596 862 1503
0.497 0.503 443 80
0.028 0.972 115 1507
0.887 0.113 1070 999
0.460 0.540 1452 133
0.681 0.319 1663 1867
0.917 0.083 475 988
0.593 0.407 505 1381
0.467 0.533 949 1764
0.944 0.056 479 911
0.107 0.893 187 1868
0.920 0.080 902 1609
0.434 0.566 1412 1875
0.669 0.331 402 1019
0.208 0.792 1383 995
0.179 0.821 1551 1321
0.730 0.270 1698 599
0.773 0.227 1614 1477
0.122 0.878 1568 332
0.142 0.858 81 21
0.340 0.660 1899 1645
0.063 0.937 1559 955
0.774 0.226 1620 998
0.964 0.036 1851 1488
0.247 0.753 128 651
0.769 0.231 746 951
0.400 0.600 727 336
0.092 0.908 150 1599
0.084 0.916 1812 882
0.826 0.174 459 772
0.127 0.873 575 573
0.292 0.708 895 1144
0.698 0.302 1913 652
0.269 0.731 78 133
0.405 0.595 100 162
0.059 0.941 131 1048
0.586 0.414 282 1369
0.117 0.883 692 444
0.864 0.136 1223 1436
0.826 0.174 1625 1884
0.642 0.358 1221 1792
0.111 0.889 1194 1348
0.296 0.704 1841 1916
0.688 0.312 70 965
0.592 0.408 167 1178
0.708 0.292 256 955
0.689 0.311 1886 124
0.570 0.430 294 1041
0.042 0.958 1273 738
0.690 0.310 1131 1475
0.668 0.332 1049 1133
0.046 0.954 754 958
0.441 0.559 785 1576
0.701 0.299 367 431
0.056 0.944 71 1679
0.131 0.869 1413 71
0.406 0.594 1767 932
0.854 0.146 1437 556
0.848 0.152 1174 833
0.125 0.875 994 1522
0.381 0.619 183 872
0.285 0.715 270 459
0.852 0.148 1596 234
0.823 0.177 1266 673
0.384 0.616 628 1689
0.297 0.703 1330 257
0.540 0.460 369 411
0.585 0.415 964 533
0.899 0.101 1591 1537
0.866 0.134 1036 498
0.179 0.821 289 806
0.378 0.622 655 1699
0.985 0.015 258 1835
0.627 0.373 1850 1762
0.587 0.413 1134 1172
0.136 0.864 1362 1401
0.159 0.841 194 857
0.540 0.460 1008 1226
0.048 0.952 135 362
0.191 0.809 419 275
0.829 0.171 7 727
0.923 0.077 851 1657
0.637 0.363 911 1898
0.662 0.338 469 1026
0.248 0.752 1950 1224
0.641 0.359 1173 1018
0.065 0.935 1947 1607
0.481 0.519 37 798
0.521 0.479 762 866
0.384 0.616 1580 1716
0.695 0.305 397 1261
