1000 994
695120
326846
945148
719669
139229
265438
808608
980510
842091
432071
201551
932107
135566
90262
236793
842124
112297
645924
677730
596236
527317
227367
503005
745427
486913
428444
197453
460977
847032
92122
250022
749947
174538
289845
771039
444423
592413
260717
19001
629736
72890
567459
222056
595019
51745
831426
225646
384860
969923
530088
944804
619629
944526
31395
809171
116305
316788
196284
936785
304044
917518
341921
4505
842232
652730
372624
557681
248500
579615
816139
799035
577180
281883
392497
706735
769504
428494
553197
241171
464298
471999
473231
384381
660563
693530
4368
769266
615187
854238
893404
425597
378724
783540
7907
852219
521253
189002
956839
750511
640921
447933
796792
884614
281622
460689
849544
112576
195742
451684
619203
867544
446446
807797
386222
844031
24429
452128
534643
728577
703878
732245
735838
252277
746568
279090
168746
680796
943687
928219
318540
260745
705515
777271
822005
675633
195493
952510
999200
745837
241255
129010
963724
99282
287178
282665
72111
947152
502283
731904
85196
673327
43824
836562
369545
661821
155514
918091
964138
188517
155102
771458
351469
782480
463112
942121
976150
184040
591846
990787
153223
762458
276979
630260
117064
448763
112886
96437
90992
352770
34857
815810
806571
481
430877
200537
994434
422765
814343
248391
178361
977998
706442
816803
441987
988777
51855
760526
3324
342304
157026
808636
865564
953608
84990
694039
783198
860101
467446
904483
681003
440043
893797
630399
984931
859698
919535
199007
846770
557926
481074
97021
290873
818352
893573
605419
599520
541869
203541
186386
440566
639462
705743
131467
422576
642882
544139
501159
371429
125966
896869
865772
742747
729271
700204
109652
529281
550990
304611
263267
894315
12542
653714
358702
605287
928090
401523
389036
373083
604120
703282
465924
424350
918430
625430
677876
316847
375649
60461
640243
5056
86729
64471
277987
131844
675005
144515
607032
727916
902148
570758
363020
114402
482892
351673
396325
515949
877895
609254
80638
469173
261975
523897
850007
505696
232799
214601
919789
530055
841131
277043
8763
781537
635537
568122
226247
765186
585109
895670
71762
753200
606123
289631
776923
361681
163079
922801
256785
714639
676066
437139
824041
793067
882145
268829
339874
684510
380720
657179
878941
791847
998315
692157
544217
780387
890553
464428
132584
976938
748647
235533
416149
950260
86227
634425
528786
963286
380010
464112
959268
510938
81033
541608
881487
483824
923981
9041
151600
631512
883732
399132
185793
256603
480701
402602
862837
823836
382230
660361
196374
982713
279644
781938
364099
806665
519324
872826
922332
801354
275635
580978
77807
391813
799313
421827
298760
367951
173945
587284
906974
528055
1191
382591
755359
494989
542206
46454
9161
822710
858107
761341
902094
325305
542719
788497
61901
876448
818756
405708
789436
307570
216003
31747
718927
163683
428316
391872
400296
546888
47567
665653
242436
898000
850196
187703
557756
96084
923087
933983
386376
730803
388059
411103
639939
374679
652684
191298
995280
440085
724447
836696
824323
820570
72097
317327
30836
588087
907485
371588
120133
868374
105441
321825
347834
727142
175937
75612
514283
188225
402564
640825
308367
401442
751368
406061
506407
816012
214292
42831
331008
76237
599824
863263
767415
187518
729982
200301
316851
736278
979953
576944
941183
342977
831797
311079
578200
113548
18276
748367
783942
323998
667528
245879
657651
613614
94496
740385
877160
138522
160481
626750
881420
202892
121739
369558
951980
510985
467448
795935
748944
676597
433639
120364
421356
493427
550580
343239
701513
337123
414789
505025
657726
740246
678737
920486
415982
954534
230612
775504
26677
735444
482257
347945
105429
515056
579644
246536
96017
927115
129369
529374
571597
43732
341807
462482
585881
248831
193546
76703
21279
374813
250669
520334
123384
503377
227546
129647
368029
577008
532369
831787
470070
913106
836690
380731
895603
520127
631813
935831
927614
61298
879925
508301
998370
504915
223591
289994
815631
844059
142266
919307
946732
706852
871544
30149
754780
413442
518577
446778
752093
436789
425043
261151
824515
452599
731987
474568
385584
190306
558508
397266
802056
327221
651547
248056
70552
595832
593632
96708
389334
261635
566480
435273
985865
215004
263535
586394
583423
553172
625132
470041
870135
256735
205292
990211
904528
448701
572631
732335
107198
586632
872783
47717
663213
551054
860018
617177
180763
306384
922482
99140
233909
232702
528143
186460
204971
646153
902630
630695
570016
747792
67033
857907
227135
863089
316018
908396
22578
365283
841879
810204
510755
52642
852183
86077
641715
399421
673024
463213
561403
467967
128421
74473
654348
864536
574871
226939
909020
454805
169494
402988
892707
692277
894581
514518
39071
89415
875899
125434
429625
742027
942213
687259
673204
344737
548968
650743
96954
159159
548613
291831
48364
993061
292987
666785
831118
128699
873619
405570
465269
342426
902597
613203
219241
179613
810797
553229
326556
249032
977614
532483
107373
455873
226688
835874
15789
619817
662638
819798
883888
731320
80670
159385
39757
894637
966002
462180
168182
987887
554338
449196
477661
42138
432356
550978
677108
286478
894269
2561
870488
206589
552320
547420
183863
868004
586950
462720
384598
516991
239667
967600
118240
209994
421762
688072
144536
114345
854460
981359
446632
89234
510812
760891
897256
356597
563240
989179
333274
528909
209535
616266
186602
26452
791771
502849
986116
191494
851246
831820
525632
374599
958520
135014
487647
855020
419498
4412
818025
295762
627849
708872
631153
452608
195549
215452
502560
714945
439018
967867
656953
120249
774343
429680
283471
479415
2230
555972
721611
212211
567620
798481
704388
73945
299300
716511
232746
321066
206294
560977
568186
626843
170092
228200
662092
775360
934735
993303
495597
673310
323679
394215
753645
656429
864387
400485
309999
476538
12929
963488
726021
534798
932457
7252
52151
808573
783436
22617
817279
639032
243127
290022
884956
813179
245961
583460
882243
50084
755515
812392
655935
352673
693486
463184
324560
550620
195126
505625
245380
226941
978990
125426
491927
750036
438873
494784
272877
25352
754769
315642
107599
301112
857926
279173
562430
355431
529618
434430
865403
396270
918075
160572
824985
127790
131413
189984
147383
951745
558958
974096
906638
576272
767347
519338
924198
787187
9796
646776
325689
793899
442878
133781
805201
487108
728284
745771
997853
306173
385176
312344
890743
465747
845201
511418
349013
722400
224388
162320
858420
33483
959040
12481
715182
717763
365605
469011
692652
599234
436940
250019
357236
986781
264972
899372
585824
425000
20066
908763
226165
957979
938182
831520
506656
384671
542070
90493
618121
614647
500200
859092
624579
671884
405502
633804
706430
224712
883319
244534
154994
201359
614774
8430
629089
872329
828795
980953
971096
84185
911193
485771
49618
26890
552159
247646
443034
829484
559925
475746
678154
365690
191364
230853
0.687 0.032 1 2
0.685 0.226 3 4
0.674 0.138 5 6
0.609 0.018 7 8
0.666 0.283 9 10
0.964 0.019 11 12
0.586 0.049 13 14
0.657 0.200 15 16
0.369 0.567 17 18
0.012 0.986 19 20
0.739 0.016 21 22
0.633 0.144 23 24
0.820 0.137 25 26
0.552 0.304 27 28
0.074 0.194 29 30
0.981 0.010 31 32
0.033 0.550 33 34
0.252 0.162 35 36
0.665 0.176 37 38
0.698 0.098 39 40
0.764 0.124 41 42
0.613 0.185 43 44
0.585 0.187 45 46
0.349 0.379 47 48
0.761 0.018 49 50
0.592 0.165 51 52
0.918 0.055 53 54
0.376 0.349 55 56
0.838 0.049 57 58
0.557 0.248 59 60
0.370 0.269 61 62
0.778 0.051 63 64
0.806 0.082 65 66
0.941 0.034 67 68
0.169 0.806 69 70
0.209 0.079 71 72
0.246 0.743 73 74
0.375 0.418 75 76
0.669 0.215 77 78
0.781 0.103 79 80
0.220 0.621 81 82
0.690 0.131 83 84
0.794 0.187 85 86
0.979 0.006 87 88
0.138 0.097 89 90
0.796 0.010 91 92
0.349 0.080 93 94
0.757 0.144 95 96
0.939 0.046 97 98
0.812 0.116 99 100
0.289 0.577 101 102
0.291 0.178 103 104
0.460 0.508 105 106
0.769 0.203 107 108
0.422 0.165 109 110
0.985 0.008 111 112
0.168 0.474 113 114
0.841 0.004 115 116
0.374 0.385 117 118
0.513 0.170 119 120
0.472 0.330 121 122
0.468 0.448 123 124
0.163 0.459 125 126
0.500 0.025 127 128
0.412 0.289 129 130
0.235 0.715 131 132
0.533 0.168 133 134
0.805 0.022 135 136
0.303 0.668 137 138
0.759 0.049 139 140
0.303 0.125 141 142
0.119 0.334 143 144
0.175 0.410 145 146
0.418 0.109 147 148
0.451 0.451 149 150
0.418 0.102 151 152
0.158 0.240 153 154
0.117 0.460 155 156
0.011 0.467 157 158
0.709 0.253 159 160
0.129 0.103 161 162
0.672 0.036 163 164
0.801 0.080 165 166
0.144 0.488 167 168
0.328 0.271 169 170
0.028 0.254 171 172
0.210 0.210 173 174
0.645 0.338 175 176
0.420 0.092 177 178
0.562 0.008 179 180
0.324 0.594 181 182
0.416 0.085 183 184
0.648 0.047 185 186
0.247 0.345 187 188
0.048 0.410 189 190
0.553 0.126 191 192
0.811 0.009 193 194
0.776 0.167 195 196
0.308 0.138 197 198
0.758 0.228 199 200
0.473 0.415 201 202
0.807 0.065 203 204
0.927 0.040 205 206
0.141 0.149 207 208
0.515 0.260 209 210
0.794 0.146 211 212
0.572 0.096 213 214
0.186 0.023 215 216
0.017 0.685 217 218
0.441 0.312 219 220
0.005 0.580 221 222
0.527 0.206 223 224
0.011 0.098 225 226
0.276 0.378 227 228
0.298 0.366 229 230
0.409 0.395 231 232
0.428 0.284 233 234
0.936 0.024 235 236
0.307 0.663 237 238
0.362 0.104 239 240
0.817 0.098 241 242
0.471 0.390 243 244
0.002 0.367 245 246
0.470 0.109 247 248
0.511 0.375 249 250
0.201 0.143 251 252
0.700 0.279 253 254
0.925 0.032 255 256
0.336 0.564 257 258
0.046 0.456 259 260
0.816 0.086 261 262
0.761 0.120 263 264
0.649 0.170 265 266
0.208 0.082 267 268
0.598 0.205 269 270
0.332 0.550 271 272
0.216 0.095 273 274
0.014 0.769 275 276
0.210 0.475 277 278
0.613 0.063 279 280
0.571 0.017 281 282
0.797 0.166 283 284
0.072 0.824 285 286
0.124 0.743 287 288
0.596 0.008 289 290
0.495 0.446 291 292
0.327 0.189 293 294
0.221 0.250 295 296
0.487 0.491 297 298
0.846 0.007 299 300
0.957 0.024 301 302
0.065 0.772 303 304
0.589 0.339 305 306
0.120 0.601 307 308
0.194 0.562 309 310
0.190 0.102 311 312
0.947 0.011 313 314
0.089 0.093 315 316
0.158 0.469 317 318
0.283 0.266 319 320
0.588 0.278 321 322
0.329 0.069 323 324
0.157 0.230 325 326
0.130 0.344 327 328
0.163 0.618 329 330
0.533 0.168 331 332
0.364 0.059 333 334
0.024 0.472 335 336
0.729 0.135 337 338
0.486 0.203 339 340
0.533 0.330 341 342
0.230 0.707 343 344
0.107 0.570 345 346
0.691 0.045 347 348
0.390 0.167 349 350
0.292 0.035 351 352
0.471 0.265 353 354
0.815 0.116 355 356
0.193 0.549 357 358
0.786 0.185 359 360
0.443 0.406 361 362
0.163 0.547 363 364
0.682 0.066 365 366
0.035 0.681 367 368
0.304 0.106 369 370
0.114 0.744 371 372
0.988 0.001 373 374
0.740 0.216 375 376
0.539 0.218 377 378
0.659 0.142 379 380
0.406 0.206 381 382
0.229 0.099 383 384
0.032 0.340 385 386
0.255 0.562 387 388
0.239 0.741 389 390
0.666 0.103 391 392
0.524 0.367 393 394
0.144 0.112 395 396
0.513 0.379 397 398
0.342 0.262 399 400
0.913 0.025 401 402
0.724 0.179 403 404
0.497 0.366 405 406
0.128 0.049 407 408
0.278 0.135 409 410
0.023 0.652 411 412
0.656 0.084 413 414
0.075 0.922 415 416
0.452 0.240 417 418
0.023 0.384 419 420
0.008 0.568 421 422
0.630 0.186 423 424
0.963 0.010 425 426
0.804 0.170 427 428
0.492 0.247 429 430
0.941 0.035 431 432
0.792 0.062 433 434
0.626 0.235 435 436
0.648 0.221 437 438
0.505 0.358 439 440
0.899 0.062 441 442
0.748 0.221 443 444
0.909 0.078 445 446
0.097 0.615 447 448
0.928 0.002 449 450
0.806 0.144 451 452
0.805 0.049 453 454
0.567 0.326 455 456
0.450 0.297 457 458
0.229 0.234 459 460
0.555 0.439 461 462
0.288 0.436 463 464
0.210 0.714 465 466
0.118 0.579 467 468
0.005 0.345 469 470
0.419 0.451 471 472
0.734 0.009 473 474
0.284 0.138 475 476
0.717 0.278 477 478
0.758 0.094 479 480
0.046 0.868 481 482
0.591 0.386 483 484
0.860 0.003 485 486
0.264 0.420 487 488
0.495 0.394 489 490
0.948 0.041 491 492
0.407 0.129 493 494
0.046 0.010 495 496
0.955 0.032 497 498
0.610 0.347 499 500
0.013 0.364 501 502
0.093 0.490 503 504
0.248 0.692 505 506
0.826 0.100 507 508
0.573 0.389 509 510
0.949 0.018 511 512
0.452 0.223 513 514
0.338 0.453 515 516
0.571 0.402 517 518
0.259 0.407 519 520
0.503 0.007 521 522
0.900 0.078 523 524
0.169 0.013 525 526
0.958 0.018 527 528
0.364 0.504 529 530
0.357 0.458 531 532
0.305 0.608 533 534
0.954 0.040 535 536
0.255 0.576 537 538
0.547 0.397 539 540
0.809 0.046 541 542
0.777 0.222 543 544
0.076 0.785 545 546
0.466 0.529 547 548
0.002 0.973 549 550
0.379 0.055 551 552
0.540 0.161 553 554
0.450 0.314 555 556
0.727 0.007 557 558
0.249 0.433 559 560
0.955 0.024 561 562
0.189 0.176 563 564
0.165 0.698 565 566
0.129 0.678 567 568
0.539 0.126 569 570
0.515 0.055 571 572
0.847 0.115 573 574
0.605 0.174 575 576
0.824 0.040 577 578
0.089 0.169 579 580
0.681 0.214 581 582
0.370 0.044 583 584
0.141 0.360 585 586
0.627 0.003 587 588
0.852 0.063 589 590
0.098 0.378 591 592
0.435 0.232 593 594
0.869 0.052 595 596
0.607 0.346 597 598
0.969 0.008 599 600
0.100 0.257 601 602
0.890 0.024 603 604
0.312 0.152 605 606
0.981 0.017 607 608
0.482 0.299 609 610
0.785 0.202 611 612
0.529 0.061 613 614
0.685 0.013 615 616
0.472 0.476 617 618
0.040 0.565 619 620
0.735 0.044 621 622
0.926 0.027 623 624
0.240 0.593 625 626
0.301 0.500 627 628
0.106 0.215 629 630
0.173 0.216 631 632
0.059 0.354 633 634
0.440 0.126 635 636
0.596 0.347 637 638
0.690 0.016 639 640
0.336 0.293 641 642
0.972 0.010 643 644
0.753 0.137 645 646
0.934 0.051 647 648
0.075 0.419 649 650
0.861 0.062 651 652
0.415 0.104 653 654
0.058 0.218 655 656
0.141 0.494 657 658
0.728 0.024 659 660
0.948 0.025 661 662
0.917 0.018 663 664
0.321 0.280 665 666
0.331 0.506 667 668
0.552 0.311 669 670
0.764 0.083 671 672
0.593 0.260 673 674
0.128 0.506 675 676
0.421 0.248 677 678
0.290 0.087 679 680
0.923 0.028 681 682
0.909 0.073 683 684
0.356 0.429 685 686
0.156 0.417 687 688
0.522 0.316 689 690
0.306 0.644 691 692
0.457 0.154 693 694
0.133 0.321 695 696
0.040 0.190 697 698
0.217 0.301 699 700
0.632 0.140 701 702
0.482 0.021 703 704
0.277 0.462 705 706
0.480 0.309 707 708
0.167 0.205 709 710
0.765 0.047 711 712
0.055 0.620 713 714
0.697 0.210 715 716
0.420 0.440 717 718
0.874 0.025 719 720
0.989 0.001 721 722
0.856 0.115 723 724
0.182 0.786 725 726
0.439 0.088 727 728
0.229 0.010 729 730
0.803 0.142 731 732
0.551 0.011 733 734
0.386 0.555 735 736
0.740 0.061 737 738
0.358 0.339 739 740
0.738 0.113 741 742
0.812 0.033 743 744
0.174 0.762 745 746
0.495 0.329 747 748
0.497 0.456 749 750
0.855 0.058 751 752
0.389 0.193 753 754
0.364 0.166 755 756
0.599 0.380 757 758
0.631 0.127 759 760
0.645 0.142 761 762
0.614 0.208 763 764
0.003 0.382 765 766
0.708 0.066 767 768
0.340 0.552 769 770
0.429 0.148 771 772
0.970 0.030 773 774
0.111 0.503 775 776
0.052 0.037 777 778
0.033 0.755 779 780
0.578 0.066 781 782
0.104 0.661 783 784
0.602 0.023 785 786
0.533 0.428 787 788
0.624 0.221 789 790
0.109 0.810 791 792
0.314 0.503 793 794
0.614 0.051 795 796
0.916 0.084 797 798
0.233 0.074 799 800
0.611 0.005 801 802
0.245 0.074 803 804
0.176 0.700 805 806
0.534 0.037 807 808
0.244 0.351 809 810
0.434 0.330 811 812
0.247 0.383 813 814
0.601 0.040 815 816
0.135 0.782 817 818
0.311 0.650 819 820
0.324 0.578 821 822
0.030 0.124 823 824
0.752 0.237 825 826
0.094 0.713 827 828
0.294 0.352 829 830
0.880 0.010 831 832
0.162 0.527 833 834
0.884 0.010 835 836
0.522 0.345 837 838
0.942 0.020 839 840
0.204 0.397 841 842
0.965 0.032 843 844
0.734 0.216 845 846
0.543 0.035 847 848
0.490 0.148 849 850
0.307 0.141 851 852
0.349 0.414 853 854
0.436 0.143 855 856
0.732 0.202 857 858
0.133 0.304 859 860
0.257 0.574 861 862
0.250 0.741 863 864
0.767 0.122 865 866
0.115 0.875 867 868
0.939 0.019 869 870
0.117 0.185 871 872
0.489 0.072 873 874
0.020 0.354 875 876
0.296 0.277 877 878
0.091 0.692 879 880
0.571 0.369 881 882
0.800 0.133 883 884
0.096 0.278 885 886
0.830 0.144 887 888
0.359 0.523 889 890
0.062 0.270 891 892
0.286 0.308 893 894
0.258 0.057 895 896
0.922 0.009 897 898
0.957 0.015 899 900
0.139 0.529 901 902
0.549 0.161 903 904
0.278 0.505 905 906
0.158 0.116 907 908
0.784 0.135 909 910
0.675 0.034 911 912
0.454 0.142 913 914
0.974 0.011 915 916
0.582 0.100 917 918
0.800 0.120 919 920
0.360 0.387 921 922
0.349 0.073 923 924
0.413 0.030 925 926
0.066 0.827 927 928
0.484 0.475 929 930
0.766 0.132 931 932
0.449 0.131 933 934
0.965 0.004 935 936
0.864 0.115 937 938
0.337 0.156 939 940
0.570 0.080 941 942
0.589 0.045 943 944
0.010 0.738 945 946
0.102 0.793 947 948
0.996 0.001 949 950
0.886 0.024 951 952
0.126 0.673 953 954
0.847 0.029 955 956
0.622 0.269 957 958
0.497 0.156 959 960
0.709 0.209 961 962
0.257 0.100 963 964
0.499 0.417 965 966
0.343 0.298 967 968
0.765 0.098 969 970
0.028 0.919 971 972
0.557 0.099 973 974
0.555 0.198 975 976
0.142 0.519 977 978
0.201 0.232 979 980
0.611 0.252 981 982
0.729 0.264 983 984
0.567 0.056 985 986
0.369 0.368 987 988
0.635 0.308 989 990
0.044 0.351 991 992
0.468 0.475 993 994
0.345 0.207 995 996
0.798 0.111 997 998
0.759 0.091 999 1000
0.549 0.345 1001 1002
0.638 0.106 1003 1004
0.407 0.451 1005 1006
0.936 0.032 1007 1008
0.653 0.279 1009 1010
0.770 0.148 1011 1012
0.670 0.330 1013 1014
0.394 0.536 1015 1016
0.270 0.231 1017 1018
0.856 0.134 1019 1020
0.771 0.100 1021 1022
0.238 0.682 1023 1024
0.831 0.048 1025 1026
0.586 0.074 1027 1028
0.727 0.262 1029 1030
0.726 0.084 1031 1032
0.903 0.043 1033 1034
0.737 0.119 1035 1036
0.969 0.030 1037 1038
0.174 0.505 1039 1040
0.755 0.048 1041 1042
0.639 0.151 1043 1044
0.552 0.234 1045 1046
0.564 0.176 1047 1048
0.949 0.025 1049 1050
0.126 0.037 1051 1052
0.917 0.006 1053 1054
0.633 0.338 1055 1056
0.006 0.028 1057 1058
0.896 0.062 1059 1060
0.008 0.704 1061 1062
0.036 0.710 1063 1064
0.837 0.158 1065 1066
0.631 0.164 1067 1068
0.772 0.047 1069 1070
0.705 0.111 1071 1072
0.639 0.218 1073 1074
0.512 0.222 1075 1076
0.199 0.511 1077 1078
0.486 0.381 1079 1080
0.550 0.070 1081 1082
0.747 0.197 1083 1084
0.200 0.588 1085 1086
0.705 0.252 1087 1088
0.762 0.112 1089 1090
0.397 0.125 1091 1092
0.516 0.458 1093 1094
0.504 0.480 1095 1096
0.291 0.327 1097 1098
0.787 0.126 1099 1100
0.941 0.041 1101 1102
0.602 0.092 1103 1104
0.694 0.140 1105 1106
0.260 0.220 1107 1108
0.679 0.060 1109 1110
0.327 0.333 1111 1112
0.575 0.054 1113 1114
0.413 0.394 1115 1116
0.596 0.378 1117 1118
0.445 0.377 1119 1120
0.932 0.063 1121 1122
0.339 0.490 1123 1124
0.228 0.702 1125 1126
0.044 0.189 1127 1128
0.264 0.467 1129 1130
0.349 0.489 1131 1132
0.145 0.093 1133 1134
0.193 0.688 1135 1136
0.812 0.023 1137 1138
0.872 0.019 1139 1140
0.626 0.260 1141 1142
0.819 0.095 1143 1144
0.204 0.158 1145 1146
0.686 0.070 1147 1148
0.532 0.230 1149 1150
0.487 0.313 1151 1152
0.045 0.583 1153 1154
0.018 0.943 1155 1156
0.718 0.030 1157 1158
0.815 0.036 1159 1160
0.404 0.024 1161 1162
0.865 0.100 1163 1164
0.298 0.372 1165 1166
0.864 0.036 1167 1168
0.349 0.025 1169 1170
0.944 0.008 1171 1172
0.836 0.024 1173 1174
0.360 0.113 1175 1176
0.376 0.102 1177 1178
0.032 0.089 1179 1180
0.361 0.411 1181 1182
0.131 0.143 1183 1184
0.784 0.040 1185 1186
0.864 0.135 1187 1188
0.899 0.067 1189 1190
0.635 0.335 1191 1192
0.301 0.431 1193 1194
0.604 0.297 1195 1196
0.006 0.486 1197 1198
0.249 0.171 1199 1200
0.347 0.233 1201 1202
0.160 0.045 1203 1204
0.529 0.033 1205 1206
0.683 0.076 1207 1208
0.020 0.645 1209 1210
0.574 0.166 1211 1212
0.883 0.097 1213 1214
0.452 0.355 1215 1216
0.545 0.015 1217 1218
0.018 0.749 1219 1220
0.146 0.625 1221 1222
0.731 0.099 1223 1224
0.312 0.580 1225 1226
0.131 0.231 1227 1228
0.456 0.219 1229 1230
0.975 0.010 1231 1232
0.642 0.299 1233 1234
0.357 0.352 1235 1236
0.790 0.079 1237 1238
0.239 0.561 1239 1240
0.972 0.027 1241 1242
0.750 0.158 1243 1244
0.054 0.161 1245 1246
0.785 0.176 1247 1248
0.656 0.189 1249 1250
0.673 0.320 1251 1252
0.784 0.192 1253 1254
0.512 0.265 1255 1256
0.736 0.085 1257 1258
0.524 0.020 1259 1260
0.238 0.595 1261 1262
0.280 0.398 1263 1264
0.971 0.007 1265 1266
0.309 0.147 1267 1268
0.403 0.132 1269 1270
0.616 0.033 1271 1272
0.177 0.820 1273 1274
0.118 0.327 1275 1276
0.222 0.123 1277 1278
0.412 0.363 1279 1280
0.834 0.115 1281 1282
0.110 0.094 1283 1284
0.117 0.082 1285 1286
0.583 0.382 1287 1288
0.707 0.117 1289 1290
0.412 0.379 1291 1292
0.300 0.109 1293 1294
0.513 0.033 1295 1296
0.882 0.077 1297 1298
0.097 0.366 1299 1300
0.484 0.108 1301 1302
0.175 0.630 1303 1304
0.629 0.203 1305 1306
0.681 0.142 1307 1308
0.043 0.198 1309 1310
0.963 0.019 1311 1312
0.017 0.731 1313 1314
0.482 0.096 1315 1316
0.595 0.351 1317 1318
0.926 0.046 1319 1320
0.992 0.003 1321 1322
0.750 0.245 1323 1324
0.968 0.018 1325 1326
0.680 0.186 1327 1328
0.261 0.614 1329 1330
0.689 0.130 1331 1332
0.584 0.174 1333 1334
0.783 0.164 1335 1336
0.674 0.189 1337 1338
0.144 0.684 1339 1340
0.497 0.193 1341 1342
0.813 0.116 1343 1344
0.824 0.153 1345 1346
0.399 0.203 1347 1348
0.998 0.001 1349 1350
0.960 0.037 1351 1352
0.416 0.334 1353 1354
0.136 0.776 1355 1356
0.883 0.036 1357 1358
0.088 0.565 1359 1360
0.978 0.002 1361 1362
0.664 0.018 1363 1364
0.386 0.202 1365 1366
0.240 0.096 1367 1368
0.146 0.320 1369 1370
0.449 0.132 1371 1372
0.356 0.512 1373 1374
0.998 0.001 1375 1376
0.008 0.903 1377 1378
0.299 0.631 1379 1380
0.785 0.146 1381 1382
0.260 0.142 1383 1384
0.108 0.045 1385 1386
0.401 0.470 1387 1388
0.171 0.737 1389 1390
0.184 0.205 1391 1392
0.023 0.067 1393 1394
0.850 0.069 1395 1396
0.859 0.118 1397 1398
0.025 0.443 1399 1400
0.329 0.513 1401 1402
0.338 0.198 1403 1404
0.122 0.735 1405 1406
0.079 0.777 1407 1408
0.291 0.299 1409 1410
0.250 0.069 1411 1412
0.459 0.041 1413 1414
0.711 0.052 1415 1416
0.946 0.009 1417 1418
0.159 0.622 1419 1420
0.033 0.030 1421 1422
0.839 0.073 1423 1424
0.732 0.100 1425 1426
0.630 0.185 1427 1428
0.540 0.449 1429 1430
0.570 0.032 1431 1432
0.974 0.020 1433 1434
0.144 0.556 1435 1436
0.485 0.087 1437 1438
0.654 0.299 1439 1440
0.076 0.255 1441 1442
0.082 0.284 1443 1444
0.108 0.627 1445 1446
0.048 0.412 1447 1448
0.579 0.083 1449 1450
0.445 0.501 1451 1452
0.804 0.029 1453 1454
0.084 0.177 1455 1456
0.093 0.906 1457 1458
0.598 0.126 1459 1460
0.635 0.310 1461 1462
0.820 0.146 1463 1464
0.034 0.928 1465 1466
0.825 0.071 1467 1468
0.880 0.051 1469 1470
0.658 0.251 1471 1472
0.087 0.851 1473 1474
0.406 0.035 1475 1476
0.951 0.016 1477 1478
0.171 0.224 1479 1480
0.093 0.741 1481 1482
0.030 0.235 1483 1484
0.071 0.282 1485 1486
0.409 0.256 1487 1488
0.367 0.438 1489 1490
0.754 0.083 1491 1492
0.429 0.267 1493 1494
0.913 0.063 1495 1496
0.213 0.385 1497 1498
0.337 0.494 1499 1500
0.103 0.614 1501 1502
0.694 0.152 1503 1504
0.571 0.331 1505 1506
0.894 0.080 1507 1508
0.854 0.038 1509 1510
0.170 0.224 1511 1512
0.794 0.137 1513 1514
0.111 0.375 1515 1516
0.265 0.143 1517 1518
0.214 0.587 1519 1520
0.666 0.127 1521 1522
0.319 0.012 1523 1524
0.306 0.641 1525 1526
0.914 0.006 1527 1528
0.407 0.289 1529 1530
0.636 0.023 1531 1532
0.991 0.007 1533 1534
0.348 0.226 1535 1536
0.585 0.259 1537 1538
0.783 0.086 1539 1540
0.157 0.661 1541 1542
0.286 0.050 1543 1544
0.613 0.042 1545 1546
0.438 0.356 1547 1548
0.028 0.702 1549 1550
0.865 0.122 1551 1552
0.156 0.798 1553 1554
0.676 0.184 1555 1556
0.978 0.021 1557 1558
0.743 0.034 1559 1560
0.598 0.295 1561 1562
0.761 0.208 1563 1564
0.025 0.281 1565 1566
0.624 0.135 1567 1568
0.083 0.202 1569 1570
0.404 0.317 1571 1572
0.225 0.067 1573 1574
0.918 0.011 1575 1576
0.136 0.344 1577 1578
0.515 0.397 1579 1580
0.500 0.211 1581 1582
0.005 0.183 1583 1584
0.179 0.634 1585 1586
0.976 0.018 1587 1588
0.802 0.080 1589 1590
0.122 0.560 1591 1592
0.627 0.278 1593 1594
0.309 0.186 1595 1596
0.115 0.414 1597 1598
0.840 0.058 1599 1600
0.914 0.056 1601 1602
0.179 0.129 1603 1604
0.968 0.013 1605 1606
0.182 0.257 1607 1608
0.910 0.006 1609 1610
0.302 0.385 1611 1612
0.759 0.179 1613 1614
0.940 0.024 1615 1616
0.737 0.037 1617 1618
0.884 0.076 1619 1620
0.182 0.343 1621 1622
0.615 0.023 1623 1624
0.641 0.225 1625 1626
0.660 0.227 1627 1628
0.174 0.105 1629 1630
0.676 0.206 1631 1632
0.108 0.664 1633 1634
0.754 0.191 1635 1636
0.522 0.305 1637 1638
0.824 0.029 1639 1640
0.074 0.163 1641 1642
0.954 0.023 1643 1644
0.324 0.329 1645 1646
0.172 0.344 1647 1648
0.905 0.015 1649 1650
0.075 0.653 1651 1652
0.841 0.113 1653 1654
0.120 0.498 1655 1656
0.875 0.017 1657 1658
0.325 0.351 1659 1660
0.399 0.381 1661 1662
0.828 0.042 1663 1664
0.364 0.543 1665 1666
0.251 0.702 1667 1668
0.915 0.082 1669 1670
0.534 0.300 1671 1672
0.436 0.208 1673 1674
0.221 0.592 1675 1676
0.791 0.088 1677 1678
0.501 0.485 1679 1680
0.800 0.137 1681 1682
0.735 0.086 1683 1684
0.916 0.067 1685 1686
0.011 0.109 1687 1688
0.261 0.575 1689 1690
0.550 0.341 1691 1692
0.181 0.469 1693 1694
0.444 0.304 1695 1696
0.525 0.104 1697 1698
0.371 0.478 1699 1700
0.905 0.001 1701 1702
0.044 0.559 1703 1704
0.022 0.442 1705 1706
0.848 0.071 1707 1708
0.511 0.058 1709 1710
0.370 0.053 1711 1712
0.883 0.092 1713 1714
0.856 0.119 1715 1716
0.499 0.411 1717 1718
0.853 0.033 1719 1720
0.066 0.230 1721 1722
0.681 0.128 1723 1724
0.315 0.067 1725 1726
0.945 0.046 1727 1728
0.726 0.115 1729 1730
0.702 0.229 1731 1732
0.793 0.039 1733 1734
0.873 0.030 1735 1736
0.011 0.384 1737 1738
0.176 0.744 1739 1740
0.580 0.294 1741 1742
0.050 0.385 1743 1744
0.544 0.147 1745 1746
0.485 0.352 1747 1748
0.582 0.391 1749 1750
0.201 0.149 1751 1752
0.841 0.082 1753 1754
0.060 0.412 1755 1756
0.444 0.148 1757 1758
0.208 0.524 1759 1760
0.557 0.415 1761 1762
0.886 0.081 1763 1764
0.352 0.277 1765 1766
0.898 0.007 1767 1768
0.919 0.038 1769 1770
0.179 0.241 1771 1772
0.653 0.205 1773 1774
0.031 0.535 1775 1776
0.352 0.306 1777 1778
0.908 0.044 1779 1780
0.537 0.021 1781 1782
0.853 0.026 1783 1784
0.891 0.078 1785 1786
0.093 0.736 1787 1788
0.265 0.265 1789 1790
0.173 0.146 1791 1792
0.675 0.188 1793 1794
0.322 0.363 1795 1796
0.530 0.219 1797 1798
0.868 0.121 1799 1800
0.937 0.013 1801 1802
0.560 0.223 1803 1804
0.888 0.012 1805 1806
0.235 0.334 1807 1808
0.047 0.494 1809 1810
0.573 0.345 1811 1812
0.307 0.113 1813 1814
0.380 0.586 1815 1816
0.383 0.617 1817 1818
0.535 0.232 1819 1820
0.738 0.173 1821 1822
0.284 0.195 1823 1824
0.281 0.404 1825 1826
0.578 0.303 1827 1828
0.818 0.154 1829 1830
0.874 0.079 1831 1832
0.417 0.385 1833 1834
0.479 0.361 1835 1836
0.660 0.268 1837 1838
0.990 0.009 1839 1840
0.885 0.074 1841 1842
0.941 0.050 1843 1844
0.533 0.239 1845 1846
0.172 0.643 1847 1848
0.046 0.416 1849 1850
0.996 0.001 1851 1852
0.318 0.580 1853 1854
0.573 0.408 1855 1856
0.471 0.343 1857 1858
0.659 0.260 1859 1860
0.078 0.370 1861 1862
0.492 0.211 1863 1864
0.588 0.072 1865 1866
0.338 0.092 1867 1868
0.689 0.092 1869 1870
0.972 0.017 1871 1872
0.285 0.043 1873 1874
0.706 0.167 1876 1877
0.543 0.070 1878 1879
0.858 0.005 1880 1881
0.348 0.572 1882 1883
0.505 0.174 1884 1885
0.302 0.393 1886 1887
0.544 0.174 1888 1889
0.280 0.600 1890 1891
0.461 0.182 1892 1893
0.190 0.491 1894 1895
0.405 0.545 1896 1897
0.196 0.331 1898 1899
0.597 0.214 1900 1901
0.668 0.280 1902 1903
0.854 0.138 1904 1905
0.627 0.143 1906 1907
0.174 0.033 1908 1909
0.523 0.453 1910 1911
0.209 0.140 1912 1913
0.208 0.108 1914 1915
0.798 0.195 1916 1917
0.597 0.047 1918 1919
0.762 0.126 1920 1921
0.600 0.236 1922 1923
0.563 0.051 1924 1925
0.681 0.277 1926 1927
0.149 0.829 1928 1929
0.470 0.242 1930 1931
0.313 0.376 1932 1933
0.384 0.525 1934 1935
0.324 0.551 1936 1937
0.917 0.022 1938 1939
0.239 0.422 1940 1941
0.900 0.022 1942 1943
0.459 0.443 1944 1945
0.484 0.026 1946 1947
0.449 0.055 1948 1949
0.045 0.716 1950 1951
0.333 0.400 1952 1953
0.088 0.509 1954 1955
0.319 0.228 1956 1957
0.649 0.351 1958 1959
0.980 0.006 1960 1961
0.580 0.199 1962 1963
0.835 0.006 1964 1965
0.645 0.297 1966 1967
0.523 0.158 1969 1970
0.206 0.618 1971 1972
0.541 0.167 1973 1974
0.643 0.118 1975 1976
0.467 0.250 1977 1978
0.364 0.108 1979 1980
0.988 0.009 1981 1982
0.906 0.005 1984 1985
0.429 0.249 1986 1987
0.039 0.477 1988 1989
0.856 0.048 1991 1992
