512 511
834053
862876
136425
534872
203853
716162
482745
940470
398400
365581
988454
548026
121951
943301
518879
296202
137846
578722
796579
778347
836584
15860
802600
431513
526475
36162
787537
766833
980557
836576
615735
112638
168343
418455
695711
681612
35690
521545
972434
94734
834620
566975
302438
682267
557580
380696
60620
972595
685495
542599
308951
79595
884379
859122
214503
298041
17829
852786
629630
175913
90639
6429
979805
478900
663572
957430
911132
524562
657548
223708
939614
116335
56163
46958
779777
900670
472953
49328
535873
216405
607621
828934
622923
93335
842856
74998
767895
615943
830537
869942
222903
691655
321851
973414
147526
951357
442307
933551
651959
803064
106872
172232
160662
417698
388027
20935
481219
858131
372304
245708
723792
990215
883513
158305
100848
331580
572063
928566
94442
571391
294893
448198
293712
800050
1123
375816
552612
297041
406152
721617
369627
592286
13456
379001
276411
782670
739357
477297
848199
588419
567799
417218
810815
823024
370371
305445
255577
554608
484211
600160
822110
989860
318020
696006
672708
320624
299416
27081
156022
554183
978010
598295
868524
394764
642693
709505
783387
790974
987270
943164
764688
352662
892290
35740
95777
563899
810417
920365
620774
234388
989258
305310
436310
533992
492632
373802
704067
71867
528883
53400
195437
209417
684158
178888
977873
404193
324189
56198
766546
736811
146443
513046
296703
574027
746951
237150
285528
866622
169661
557884
36890
406343
507452
527238
481515
59761
548535
995239
953748
444008
608121
738469
393213
645469
212680
29706
660757
614727
4842
495465
669836
54040
646787
998401
339999
100457
531043
495482
4856
359608
234987
946732
861757
644328
973244
280590
367967
950710
733964
121600
10069
244855
391678
962869
210242
375802
122987
983985
730019
858534
600545
446612
850969
483549
517190
105611
783731
715268
976801
926978
873583
907084
548769
573762
44630
278594
717050
519815
204591
107601
920410
533592
101128
232851
73864
479611
124991
397882
528318
279937
488249
41818
978281
130330
552128
973661
174337
879666
790029
812973
612556
794294
159682
617003
649404
766175
837987
517290
574790
601269
618850
245968
896501
835488
12481
15711
106796
210487
963100
932091
74898
179001
987089
803727
840210
938714
724169
357935
703070
757593
332199
186126
368419
794415
880268
14889
261042
176432
889892
470902
952090
337947
206795
700246
670106
747643
59414
423892
326868
569615
573063
418425
481115
965420
464051
641599
613256
123648
860633
428657
594210
125800
690555
553586
348283
762199
254571
985298
111994
994198
859539
318433
2871
228876
65887
669249
671986
765642
596971
524260
204759
499948
171167
793133
551966
996411
794757
873423
425085
191786
43611
5872
771965
393138
993761
125542
535465
793169
374593
399815
61505
806953
347120
736822
335459
201216
800435
795344
796937
11885
684802
694243
839385
819552
272277
499454
300568
609508
632344
870331
861582
627256
265333
123445
753833
423535
440366
417332
957247
366815
813759
392059
289646
613043
73861
610294
491490
699740
536965
360415
534888
942425
804045
671693
401081
351219
71992
642781
496618
564138
863933
446496
322709
112217
250868
455912
519459
19906
11210
344207
847136
566626
847080
200165
93973
643003
456540
115253
333387
370562
491709
120578
731960
539197
664506
511544
60378
740809
140926
173136
135952
131967
691036
463515
848910
714254
2023
551173
556757
218471
626476
446075
958792
594029
553315
850108
610677
869024
340519
185544
212254
358167
357748
684870
631413
388041
732367
670951
956029
784073
988
487230
0.777 0.031 1 2
0.100 0.779 3 4
0.117 0.733 5 6
0.723 0.002 7 8
0.856 0.073 9 10
0.630 0.221 11 12
0.412 0.121 13 14
0.630 0.316 15 16
0.517 0.430 17 18
0.607 0.223 19 20
0.989 0.003 21 22
0.742 0.173 23 24
0.578 0.198 25 26
0.302 0.428 27 28
0.064 0.607 29 30
0.192 0.075 31 32
0.557 0.388 33 34
0.475 0.437 35 36
0.054 0.270 37 38
0.707 0.029 39 40
0.620 0.209 41 42
0.050 0.428 43 44
0.953 0.018 45 46
0.627 0.186 47 48
0.596 0.169 49 50
0.082 0.620 51 52
0.176 0.365 53 54
0.110 0.271 55 56
0.461 0.218 57 58
0.149 0.657 59 60
0.839 0.095 61 62
0.465 0.446 63 64
0.040 0.264 65 66
0.590 0.285 67 68
0.447 0.111 69 70
0.648 0.100 71 72
0.902 0.071 73 74
0.392 0.469 75 76
0.871 0.038 77 78
0.951 0.004 79 80
0.894 0.020 81 82
0.138 0.555 83 84
0.252 0.155 85 86
0.670 0.104 87 88
0.624 0.159 89 90
0.943 0.049 91 92
0.790 0.014 93 94
0.031 0.243 95 96
0.961 0.036 97 98
0.960 0.029 99 100
0.259 0.017 101 102
0.043 0.500 103 104
0.049 0.665 105 106
0.845 0.030 107 108
0.106 0.261 109 110
0.027 0.877 111 112
0.088 0.075 113 114
0.560 0.115 115 116
0.854 0.026 117 118
0.077 0.127 119 120
0.826 0.097 121 122
0.361 0.502 123 124
0.387 0.046 125 126
0.421 0.294 127 128
0.664 0.252 129 130
0.457 0.293 131 132
0.314 0.660 133 134
0.782 0.125 135 136
0.614 0.005 137 138
0.635 0.232 139 140
0.128 0.080 141 142
0.661 0.259 143 144
0.475 0.292 145 146
0.189 0.138 147 148
0.664 0.155 149 150
0.526 0.210 151 152
0.018 0.390 153 154
0.232 0.154 155 156
0.972 0.005 157 158
0.722 0.028 159 160
0.479 0.363 161 162
0.112 0.530 163 164
0.030 0.018 165 166
0.722 0.199 167 168
0.547 0.345 169 170
0.897 0.019 171 172
0.495 0.146 173 174
0.972 0.005 175 176
0.649 0.129 177 178
0.996 0.001 179 180
0.019 0.211 181 182
0.602 0.187 183 184
0.123 0.386 185 186
0.729 0.100 187 188
0.207 0.087 189 190
0.586 0.355 191 192
0.203 0.756 193 194
0.807 0.148 195 196
0.885 0.072 197 198
0.799 0.076 199 200
0.216 0.156 201 202
0.163 0.535 203 204
0.918 0.045 205 206
0.307 0.014 207 208
0.661 0.053 209 210
0.640 0.125 211 212
0.267 0.083 213 214
0.681 0.116 215 216
0.806 0.146 217 218
0.863 0.116 219 220
0.718 0.112 221 222
0.667 0.127 223 224
0.122 0.477 225 226
0.655 0.236 227 228
0.041 0.084 229 230
0.816 0.104 231 232
0.432 0.537 233 234
0.709 0.193 235 236
0.069 0.658 237 238
0.781 0.100 239 240
0.876 0.105 241 242
0.498 0.302 243 244
0.760 0.171 245 246
0.518 0.409 247 248
0.669 0.074 249 250
0.288 0.321 251 252
0.207 0.106 253 254
0.347 0.587 255 256
0.157 0.195 257 258
0.063 0.371 259 260
0.222 0.279 261 262
0.285 0.062 263 264
0.202 0.030 265 266
0.783 0.125 267 268
0.887 0.061 269 270
0.872 0.127 271 272
0.732 0.258 273 274
0.201 0.118 275 276
0.334 0.558 277 278
0.719 0.206 279 280
0.555 0.123 281 282
0.017 0.599 283 284
0.456 0.395 285 286
0.183 0.630 287 288
0.196 0.737 289 290
0.874 0.115 291 292
0.492 0.047 293 294
0.291 0.595 295 296
0.713 0.252 297 298
0.179 0.661 299 300
0.545 0.344 301 302
0.559 0.118 303 304
0.364 0.294 305 306
0.679 0.096 307 308
0.906 0.009 309 310
0.093 0.523 311 312
0.406 0.150 313 314
0.070 0.923 315 316
0.013 0.275 317 318
0.025 0.277 319 320
0.707 0.264 321 322
0.790 0.066 323 324
0.962 0.012 325 326
0.938 0.018 327 328
0.039 0.840 329 330
0.526 0.361 331 332
0.133 0.086 333 334
0.780 0.046 335 336
0.944 0.016 337 338
0.415 0.410 339 340
0.102 0.280 341 342
0.012 0.138 343 344
0.857 0.082 345 346
0.006 0.194 347 348
0.703 0.106 349 350
0.722 0.167 351 352
0.211 0.333 353 354
0.032 0.417 355 356
0.018 0.254 357 358
0.953 0.032 359 360
0.274 0.093 361 362
0.483 0.467 363 364
0.030 0.126 365 366
0.520 0.031 367 368
0.389 0.115 369 370
0.144 0.426 371 372
0.720 0.198 373 374
0.435 0.320 375 376
0.079 0.098 377 378
0.013 0.286 379 380
0.522 0.377 381 382
0.666 0.293 383 384
0.108 0.360 385 386
0.220 0.643 387 388
0.541 0.174 389 390
0.943 0.016 391 392
0.682 0.021 393 394
0.481 0.290 395 396
0.850 0.108 397 398
0.900 0.063 399 400
0.516 0.445 401 402
0.700 0.175 403 404
0.813 0.144 405 406
0.297 0.042 407 408
0.860 0.046 409 410
0.897 0.045 411 412
0.801 0.014 413 414
0.573 0.140 415 416
0.134 0.272 417 418
0.485 0.140 419 420
0.205 0.286 421 422
0.579 0.054 423 424
0.400 0.294 425 426
0.576 0.320 427 428
0.393 0.322 429 430
0.873 0.072 431 432
0.574 0.234 433 434
0.239 0.655 435 436
0.511 0.412 437 438
0.640 0.106 439 440
0.559 0.379 441 442
0.633 0.305 443 444
0.433 0.454 445 446
0.517 0.308 447 448
0.114 0.794 449 450
0.589 0.155 451 452
0.339 0.506 453 454
0.514 0.349 455 456
0.327 0.526 457 458
0.832 0.035 459 460
0.636 0.044 461 462
0.819 0.006 463 464
0.748 0.160 465 466
0.476 0.099 467 468
0.498 0.349 469 470
0.226 0.095 471 472
0.846 0.100 473 474
0.338 0.173 475 476
0.237 0.645 477 478
0.727 0.238 479 480
0.560 0.363 481 482
0.219 0.608 483 484
0.376 0.187 485 486
0.690 0.010 487 488
0.120 0.377 489 490
0.473 0.080 491 492
0.023 0.009 493 494
0.706 0.222 495 496
0.738 0.191 497 498
0.904 0.070 499 500
0.782 0.188 501 502
0.972 0.001 503 504
0.727 0.145 505 506
0.853 0.027 507 508
0.107 0.804 509 510
0.190 0.633 511 512
0.871 0.077 513 514
0.144 0.035 515 516
0.854 0.146 517 518
0.622 0.203 519 520
0.010 0.290 521 522
0.201 0.355 523 524
0.593 0.152 525 526
0.942 0.030 527 528
0.478 0.195 529 530
0.622 0.132 531 532
0.225 0.660 533 534
0.424 0.319 535 536
0.101 0.207 537 538
0.508 0.292 539 540
0.955 0.043 541 542
0.639 0.304 543 544
0.019 0.932 545 546
0.205 0.625 547 548
0.316 0.091 549 550
0.028 0.897 551 552
0.711 0.017 553 554
0.247 0.617 555 556
0.556 0.257 557 558
0.893 0.012 559 560
0.393 0.302 561 562
0.357 0.544 563 564
0.049 0.180 565 566
0.840 0.064 567 568
0.173 0.282 569 570
0.069 0.182 571 572
0.371 0.044 573 574
0.709 0.249 575 576
0.816 0.130 577 578
0.958 0.040 579 580
0.448 0.049 581 582
0.225 0.676 583 584
0.379 0.546 585 586
0.160 0.021 587 588
0.806 0.188 589 590
0.225 0.434 591 592
0.821 0.040 593 594
0.430 0.539 595 596
0.439 0.354 597 598
0.391 0.396 599 600
0.349 0.618 601 602
0.786 0.077 603 604
0.477 0.308 605 606
0.507 0.247 607 608
0.828 0.059 609 610
0.363 0.580 611 612
0.966 0.001 613 614
0.355 0.118 615 616
0.211 0.180 617 618
0.113 0.614 619 620
0.084 0.087 621 622
0.626 0.372 623 624
0.933 0.051 625 626
0.110 0.286 627 628
0.315 0.083 629 630
0.324 0.437 631 632
0.941 0.001 633 634
0.204 0.219 635 636
0.449 0.164 637 638
0.430 0.567 639 640
0.826 0.026 641 642
0.601 0.123 643 644
0.582 0.302 645 646
0.209 0.292 647 648
0.587 0.355 649 650
0.434 0.382 651 652
0.949 0.038 653 654
0.630 0.130 655 656
0.073 0.071 657 658
0.214 0.541 659 660
0.264 0.098 661 662
0.857 0.016 663 664
0.427 0.234 665 666
0.826 0.144 667 668
0.554 0.054 669 670
0.428 0.259 671 672
0.109 0.476 673 674
0.053 0.166 675 676
0.426 0.512 677 678
0.317 0.347 679 680
0.284 0.684 681 682
0.358 0.032 683 684
0.614 0.263 685 686
0.712 0.240 687 688
0.961 0.003 689 690
0.496 0.278 691 692
0.898 0.071 693 694
0.697 0.102 695 696
0.368 0.485 697 698
0.869 0.041 699 700
0.252 0.702 701 702
0.655 0.140 703 704
0.298 0.469 705 706
0.121 0.362 707 708
0.328 0.650 709 710
0.913 0.041 711 712
0.480 0.437 713 714
0.872 0.025 715 716
0.998 0.001 717 718
0.336 0.589 719 720
0.915 0.049 721 722
0.997 0.001 723 724
0.986 0.012 725 726
0.227 0.545 727 728
0.296 0.091 729 730
0.249 0.325 731 732
0.197 0.279 733 734
0.962 0.009 735 736
0.072 0.459 737 738
0.747 0.165 739 740
0.808 0.065 741 742
0.667 0.019 743 744
0.543 0.409 745 746
0.263 0.053 747 748
0.339 0.271 749 750
0.500 0.007 751 752
0.523 0.336 753 754
0.757 0.075 755 756
0.460 0.027 757 758
0.850 0.027 759 760
0.440 0.114 761 762
0.825 0.094 763 764
0.047 0.404 765 766
0.347 0.063 767 768
0.944 0.020 769 770
0.105 0.653 771 772
0.902 0.089 773 774
0.375 0.399 775 776
0.564 0.163 777 778
0.394 0.225 779 780
0.082 0.638 781 782
0.336 0.179 783 784
0.640 0.036 785 786
0.772 0.036 787 788
0.205 0.429 789 790
0.915 0.015 791 792
0.900 0.055 793 794
0.428 0.339 795 796
0.319 0.511 797 798
0.190 0.408 799 800
0.859 0.069 801 802
0.856 0.080 803 804
0.858 0.002 805 806
0.910 0.036 807 808
0.987 0.008 809 810
0.715 0.185 811 812
0.860 0.113 813 814
0.500 0.032 815 816
0.407 0.432 817 818
0.113 0.117 819 820
0.930 0.018 821 822
0.344 0.614 823 824
0.645 0.178 825 826
0.773 0.024 827 828
0.392 0.491 829 830
0.580 0.159 831 832
0.935 0.026 833 834
0.314 0.209 835 836
0.254 0.156 837 838
0.324 0.404 839 840
0.845 0.069 841 842
0.637 0.170 843 844
0.816 0.089 845 846
0.847 0.065 847 848
0.654 0.098 849 850
0.882 0.087 851 852
0.715 0.121 853 854
0.867 0.101 855 856
0.177 0.536 857 858
0.502 0.172 859 860
0.097 0.483 861 862
0.014 0.178 863 864
0.103 0.314 865 866
0.286 0.066 867 868
0.535 0.157 869 870
0.099 0.606 871 872
0.770 0.064 873 874
0.032 0.036 875 876
0.842 0.017 877 878
0.214 0.050 879 880
0.688 0.310 881 882
0.063 0.044 883 884
0.737 0.111 885 886
0.639 0.205 887 888
0.378 0.031 889 890
0.230 0.242 891 892
0.886 0.082 893 894
0.267 0.056 895 896
0.482 0.114 897 898
0.901 0.031 899 900
0.175 0.381 901 902
0.267 0.321 903 904
0.410 0.031 905 906
0.362 0.476 907 908
0.747 0.212 909 910
0.448 0.243 911 912
0.316 0.325 913 914
0.873 0.029 915 916
0.200 0.572 917 918
0.679 0.085 919 920
0.054 0.832 921 922
0.100 0.743 923 924
0.337 0.288 925 926
0.726 0.077 927 928
0.425 0.065 929 930
0.338 0.425 931 932
0.832 0.037 933 934
0.224 0.709 935 936
0.540 0.441 937 938
0.465 0.485 939 940
0.135 0.094 941 942
0.977 0.004 943 944
0.388 0.324 945 946
0.419 0.419 947 948
0.537 0.166 949 950
0.650 0.055 951 952
0.908 0.078 953 954
0.009 0.116 955 956
0.421 0.552 957 958
0.916 0.020 959 960
0.908 0.084 961 962
0.106 0.824 963 964
0.151 0.508 965 966
0.471 0.279 967 968
0.282 0.277 969 970
0.470 0.337 971 972
0.187 0.408 973 974
0.493 0.407 975 976
0.231 0.567 977 978
0.337 0.440 979 980
0.760 0.073 981 982
0.573 0.333 983 984
0.190 0.323 985 986
0.589 0.248 987 988
0.724 0.219 989 990
0.896 0.037 991 992
0.357 0.244 993 994
0.954 0.030 995 996
0.838 0.087 997 998
0.915 0.041 999 1000
0.877 0.024 1001 1002
0.462 0.216 1003 1004
0.554 0.445 1005 1006
0.593 0.069 1007 1008
0.440 0.315 1009 1010
0.837 0.103 1011 1012
0.219 0.059 1013 1014
0.567 0.052 1015 1016
0.704 0.046 1017 1018
0.825 0.068 1019 1020
0.506 0.237 1021 1022
