100 1000
162558
352840
567265
201122
298841
163755
509869
574630
174027
941597
256432
907154
300235
4936
470704
580857
777081
275763
57336
337187
311044
170851
686876
356190
252996
115631
289666
407186
131703
71491
626210
544346
949497
800600
391129
888690
802497
104278
263605
183202
319011
561834
205117
136425
67451
595535
354355
950477
270869
966673
566711
929631
183495
834503
627424
202091
574739
786922
981681
522887
498617
962431
960043
18909
771469
281093
182593
904820
706961
8429
240451
619247
486810
934038
225124
227370
166224
544764
87512
334327
656581
635689
702046
240912
34552
736070
94205
233736
840347
860250
787951
444620
68702
321014
963864
909525
742311
657505
71128
851620
0.558 0.404 32 91
0.056 0.458 59 37
0.146 0.688 11 9
0.670 0.017 32 32
0.794 0.134 69 33
0.438 0.349 10 8
0.516 0.197 39 5
0.706 0.161 55 30
0.702 0.006 6 99
0.840 0.003 28 63
0.983 0.007 76 1
0.828 0.048 62 91
0.529 0.331 35 20
0.110 0.612 42 99
0.672 0.076 72 75
0.734 0.119 58 73
0.188 0.537 55 42
0.227 0.528 77 90
0.206 0.755 26 105
0.957 0.003 1 87
0.364 0.172 83 51
0.735 0.081 46 67
0.704 0.154 39 37
0.102 0.545 107 4
0.300 0.638 64 29
0.902 0.089 90 8
0.389 0.506 41 14
0.684 0.013 44 36
0.651 0.082 68 40
0.687 0.249 43 99
0.806 0.167 130 95
0.241 0.280 86 88
0.980 0.020 99 68
0.128 0.369 131 40
0.856 0.030 105 43
0.689 0.226 16 79
0.336 0.419 110 81
0.031 0.951 115 65
0.883 0.113 30 11
0.833 0.075 133 136
0.617 0.201 140 127
0.312 0.045 88 59
0.049 0.687 65 30
0.579 0.366 127 84
0.171 0.042 16 135
0.726 0.193 67 109
0.996 0.002 56 75
0.399 0.143 15 65
0.039 0.180 66 95
0.425 0.534 22 31
0.222 0.182 109 59
0.802 0.132 50 31
0.610 0.335 120 117
0.855 0.132 83 95
0.923 0.068 102 59
0.045 0.437 76 93
0.498 0.224 58 60
0.882 0.081 40 83
0.637 0.011 82 108
0.232 0.012 8 106
0.686 0.311 27 23
0.587 0.006 40 41
0.578 0.401 69 138
0.051 0.499 108 92
0.073 0.731 58 116
0.925 0.036 38 32
0.102 0.185 165 159
0.994 0.002 1 136
0.429 0.088 133 70
0.431 0.259 55 109
0.529 0.182 109 80
0.270 0.695 123 164
0.068 0.158 57 24
0.673 0.020 145 8
0.723 0.113 116 36
0.012 0.209 45 4
0.972 0.011 28 40
0.320 0.287 57 154
0.627 0.134 172 104
0.562 0.292 162 112
0.202 0.552 130 33
0.298 0.642 130 180
0.803 0.098 182 6
0.349 0.047 70 82
0.745 0.247 47 127
0.157 0.060 86 118
0.715 0.188 151 149
0.992 0.004 174 79
0.118 0.210 25 45
0.123 0.730 184 76
0.651 0.293 97 158
0.122 0.812 76 177
0.617 0.311 109 170
0.211 0.644 97 32
0.447 0.207 4 143
0.306 0.601 188 67
0.989 0.010 31 69
0.438 0.029 48 4
0.335 0.379 48 59
0.270 0.430 155 145
0.694 0.227 49 7
0.635 0.352 159 122
0.562 0.384 92 69
0.947 0.027 185 28
0.764 0.131 53 169
0.537 0.392 40 81
0.644 0.165 14 30
0.477 0.491 77 83
0.747 0.123 206 52
0.361 0.091 174 208
0.851 0.123 97 201
0.308 0.433 57 182
0.848 0.029 94 156
0.159 0.699 45 153
0.834 0.030 94 100
0.148 0.079 125 76
0.068 0.043 4 156
0.316 0.405 73 86
0.448 0.285 214 57
0.807 0.073 202 33
0.095 0.100 111 190
0.288 0.181 85 206
0.368 0.291 37 167
0.227 0.375 63 96
0.796 0.069 171 43
0.608 0.105 34 58
0.477 0.049 50 42
0.692 0.245 167 34
0.078 0.411 113 217
0.534 0.303 202 109
0.501 0.026 135 164
0.936 0.018 95 158
0.271 0.679 197 215
0.362 0.566 112 68
0.798 0.055 182 220
0.811 0.126 7 228
0.742 0.053 217 212
0.900 0.044 89 194
0.718 0.119 43 20
0.349 0.325 212 190
0.801 0.159 33 30
0.288 0.031 20 83
0.872 0.005 149 149
0.168 0.803 11 243
0.147 0.425 179 146
0.478 0.044 190 93
0.157 0.698 40 200
0.895 0.028 206 93
0.664 0.133 184 115
0.461 0.379 71 61
0.202 0.303 96 180
0.298 0.329 166 200
0.771 0.131 194 191
0.998 0.002 152 199
0.414 0.245 186 132
0.242 0.635 141 131
0.705 0.001 45 133
0.233 0.447 117 192
0.279 0.710 41 141
0.990 0.001 211 201
0.544 0.100 200 106
0.863 0.062 203 115
0.333 0.485 168 175
0.561 0.164 244 59
0.073 0.896 218 7
0.358 0.534 142 55
0.447 0.413 91 247
0.666 0.077 4 205
0.409 0.295 104 243
0.161 0.814 190 29
0.791 0.145 251 215
0.482 0.025 249 170
0.702 0.292 161 242
0.084 0.321 3 106
0.602 0.002 269 261
0.782 0.197 56 107
0.665 0.126 196 130
0.707 0.106 181 216
0.733 0.214 106 250
0.485 0.467 203 244
0.763 0.037 193 187
0.531 0.356 74 32
0.061 0.126 223 240
0.088 0.527 190 12
0.432 0.107 158 231
0.419 0.053 76 230
0.237 0.137 35 11
0.386 0.095 135 120
0.340 0.631 51 79
0.738 0.083 48 244
0.597 0.328 124 39
0.960 0.018 101 260
0.564 0.164 94 246
0.683 0.253 255 207
0.664 0.084 53 27
0.528 0.089 275 293
0.567 0.342 186 110
0.336 0.491 267 51
0.732 0.229 116 100
0.208 0.386 19 75
0.883 0.106 138 140
0.774 0.049 43 57
0.001 0.639 37 171
0.328 0.427 190 179
0.683 0.228 257 241
0.680 0.171 73 41
0.342 0.473 263 205
0.583 0.067 262 172
0.453 0.339 108 72
0.586 0.008 19 213
0.700 0.008 126 46
0.855 0.134 165 32
0.564 0.429 60 273
0.980 0.013 95 269
0.891 0.103 35 17
0.573 0.373 168 258
0.996 0.001 36 87
0.459 0.254 20 190
0.844 0.104 127 298
0.875 0.017 281 176
0.651 0.276 188 32
0.491 0.335 298 31
0.200 0.198 217 31
0.336 0.135 94 200
0.805 0.019 222 212
0.101 0.437 286 87
0.827 0.124 146 267
0.111 0.501 129 197
0.672 0.069 43 287
0.976 0.006 201 222
0.034 0.062 218 167
0.552 0.006 156 285
0.620 0.137 105 277
0.462 0.083 238 150
0.440 0.193 120 70
0.500 0.321 157 108
0.785 0.096 313 138
0.354 0.261 334 6
0.968 0.002 331 264
0.854 0.042 311 296
0.778 0.097 180 67
0.689 0.096 274 213
0.207 0.622 131 319
0.894 0.064 83 75
0.281 0.069 314 281
0.036 0.112 29 153
0.042 0.528 70 8
0.842 0.027 305 192
0.076 0.889 234 121
0.243 0.622 60 83
0.425 0.048 63 321
0.471 0.469 49 124
0.446 0.347 125 181
0.972 0.021 186 106
0.242 0.500 174 3
0.439 0.402 66 303
0.764 0.062 119 346
0.252 0.260 308 188
0.296 0.451 130 164
0.415 0.162 9 193
0.980 0.017 329 113
0.811 0.120 45 263
0.966 0.016 295 51
0.652 0.192 123 333
0.074 0.437 289 81
0.415 0.475 181 46
0.770 0.053 133 111
0.373 0.386 318 168
0.079 0.833 347 236
0.072 0.013 106 289
0.748 0.036 246 172
0.803 0.180 172 370
0.867 0.122 216 235
0.752 0.032 69 230
0.045 0.348 205 115
0.484 0.213 256 76
0.527 0.417 190 42
0.845 0.068 217 141
0.726 0.174 229 8
0.880 0.045 189 64
0.080 0.109 338 54
0.760 0.124 21 16
0.646 0.026 255 221
0.354 0.393 138 240
0.808 0.040 292 319
0.150 0.574 34 379
0.268 0.136 307 383
0.801 0.105 269 204
0.390 0.274 136 148
0.104 0.422 204 306
0.386 0.252 130 210
0.002 0.524 223 370
0.003 0.530 79 262
0.532 0.392 55 306
0.078 0.003 323 71
0.964 0.005 27 189
0.931 0.057 20 394
0.885 0.058 197 388
0.475 0.329 124 200
0.259 0.465 82 51
0.996 0.003 363 104
0.918 0.048 136 71
0.175 0.344 147 3
0.233 0.290 377 35
0.682 0.183 204 208
0.015 0.477 336 314
0.431 0.456 270 237
0.545 0.295 298 69
0.814 0.135 306 143
0.408 0.487 82 339
0.785 0.157 287 103
0.315 0.188 335 92
0.372 0.220 169 202
0.639 0.269 367 401
0.357 0.147 155 64
0.354 0.074 370 388
0.456 0.396 74 268
0.339 0.178 291 146
0.750 0.213 96 104
0.532 0.116 63 151
0.801 0.169 401 277
0.170 0.798 253 166
0.105 0.437 243 244
0.322 0.366 340 407
0.887 0.045 263 331
0.918 0.051 414 11
0.021 0.303 308 246
0.566 0.394 11 306
0.985 0.005 374 377
0.801 0.111 123 212
0.631 0.302 69 324
0.569 0.019 173 411
0.180 0.501 370 224
0.908 0.077 341 26
0.613 0.003 73 167
0.402 0.055 261 52
0.762 0.196 90 354
0.610 0.192 122 308
0.454 0.029 24 327
0.681 0.141 117 403
0.485 0.101 75 52
0.631 0.054 116 81
0.935 0.057 368 225
0.013 0.585 295 48
0.955 0.010 37 433
0.374 0.134 395 276
0.477 0.435 249 417
0.817 0.059 140 217
0.460 0.105 394 80
0.865 0.112 365 10
0.139 0.105 77 95
0.707 0.001 164 367
0.287 0.478 227 293
0.703 0.078 195 249
0.397 0.552 252 22
0.770 0.221 207 42
0.181 0.126 87 270
0.923 0.060 148 99
0.783 0.013 225 444
0.671 0.079 364 60
0.028 0.843 13 298
0.330 0.504 258 194
0.249 0.631 9 370
0.486 0.500 44 67
0.638 0.355 67 37
0.019 0.431 160 298
0.388 0.028 402 220
0.556 0.392 461 172
0.762 0.213 430 10
0.519 0.464 80 411
0.453 0.416 85 351
0.204 0.710 160 4
0.618 0.017 405 320
0.584 0.203 47 20
0.072 0.604 189 25
0.481 0.308 151 389
0.840 0.040 57 376
0.887 0.060 151 200
0.503 0.385 213 173
0.215 0.662 105 83
0.506 0.089 477 312
0.265 0.043 42 257
0.556 0.082 231 383
0.453 0.287 384 149
0.978 0.019 349 217
0.465 0.516 18 96
0.725 0.191 167 248
0.744 0.017 249 409
0.172 0.488 425 145
0.573 0.345 119 459
0.015 0.577 305 375
0.201 0.351 216 477
0.626 0.092 342 353
0.971 0.023 416 351
0.465 0.226 349 243
0.181 0.350 273 426
0.300 0.382 1 306
0.690 0.198 107 86
0.599 0.199 167 290
0.866 0.032 60 471
0.952 0.003 88 466
0.636 0.314 216 349
0.722 0.274 68 276
0.904 0.010 257 74
0.112 0.625 442 452
0.789 0.132 210 481
0.532 0.431 472 231
0.692 0.062 421 372
0.487 0.428 465 245
0.095 0.001 428 173
0.298 0.389 382 477
0.928 0.020 425 169
0.170 0.453 117 405
0.049 0.904 273 322
0.820 0.051 306 242
0.814 0.138 304 18
0.640 0.245 288 240
0.152 0.549 373 268
0.599 0.073 482 93
0.983 0.003 35 26
0.706 0.123 177 1
0.911 0.089 312 468
0.686 0.118 210 232
0.094 0.578 430 279
0.112 0.723 439 392
0.301 0.310 349 101
0.960 0.021 394 401
0.680 0.054 8 73
0.875 0.075 422 225
0.186 0.242 92 163
0.941 0.041 435 281
0.387 0.088 333 304
0.718 0.185 135 41
0.055 0.446 160 306
0.892 0.108 16 249
0.927 0.060 372 231
0.638 0.306 249 52
0.444 0.373 364 243
0.469 0.089 11 343
0.926 0.052 200 416
0.701 0.229 537 411
0.948 0.022 359 288
0.797 0.135 46 116
0.470 0.509 232 203
0.209 0.187 373 293
0.874 0.124 321 188
0.045 0.461 210 88
0.988 0.010 263 181
0.309 0.154 242 83
0.645 0.080 142 258
0.681 0.224 508 352
0.998 0.001 279 215
0.887 0.019 374 220
0.270 0.475 160 483
0.850 0.008 21 442
0.664 0.060 269 363
0.250 0.727 113 171
0.798 0.075 27 383
0.418 0.307 224 191
0.008 0.476 103 539
0.751 0.076 463 508
0.490 0.422 319 68
0.640 0.229 555 97
0.816 0.136 415 292
0.900 0.032 415 397
0.474 0.254 363 203
0.327 0.533 208 95
0.454 0.245 64 467
0.112 0.114 503 46
0.940 0.014 85 234
0.863 0.016 96 163
0.993 0.002 562 363
0.385 0.312 504 524
0.513 0.362 27 29
0.583 0.355 161 393
0.388 0.227 545 125
0.442 0.428 487 331
0.341 0.169 548 352
0.074 0.833 354 429
0.639 0.038 542 105
0.176 0.720 347 356
0.071 0.331 127 402
0.528 0.025 353 419
0.514 0.419 516 387
0.476 0.061 562 147
0.304 0.158 80 568
0.674 0.088 570 425
0.450 0.440 450 181
0.194 0.499 481 464
0.142 0.441 95 454
0.116 0.261 22 348
0.097 0.692 472 496
0.948 0.005 86 173
0.140 0.188 506 46
0.218 0.643 27 486
0.862 0.067 488 232
0.215 0.590 484 432
0.270 0.102 73 55
0.235 0.220 285 103
0.637 0.329 308 200
0.058 0.679 74 503
0.686 0.214 378 169
0.960 0.021 192 357
0.698 0.180 106 444
0.719 0.280 109 175
0.385 0.042 315 87
0.651 0.238 241 587
0.511 0.170 25 435
0.237 0.723 413 420
0.322 0.117 199 505
0.434 0.430 266 433
0.124 0.127 275 513
0.563 0.120 78 479
0.435 0.019 518 121
0.196 0.249 463 574
0.531 0.234 533 253
0.436 0.386 111 137
0.818 0.044 57 438
0.746 0.050 509 555
0.563 0.227 548 291
0.243 0.751 21 241
0.531 0.385 261 202
0.826 0.045 261 346
0.397 0.303 372 17
0.369 0.133 51 427
0.323 0.057 209 534
0.299 0.588 64 83
0.153 0.362 126 585
0.230 0.245 388 40
0.149 0.177 64 20
0.825 0.001 530 380
0.728 0.261 552 105
0.466 0.057 545 438
0.570 0.004 76 161
0.324 0.103 130 29
0.163 0.647 266 230
0.887 0.036 510 594
0.297 0.083 197 539
0.021 0.931 149 489
0.139 0.197 575 636
0.492 0.443 367 104
0.574 0.391 156 317
0.426 0.094 513 456
0.010 0.663 629 299
0.206 0.124 524 277
0.604 0.206 392 83
0.866 0.054 42 407
0.834 0.123 5 197
0.772 0.073 47 448
0.371 0.605 439 332
0.968 0.020 543 429
0.360 0.240 341 280
0.831 0.050 545 498
0.367 0.279 426 425
0.386 0.397 634 320
0.670 0.226 307 451
0.680 0.149 421 537
0.096 0.871 499 229
0.977 0.010 443 189
0.757 0.096 580 258
0.108 0.547 409 582
0.402 0.198 403 313
0.279 0.255 291 8
0.561 0.431 416 575
0.169 0.200 27 479
0.217 0.424 492 293
0.562 0.224 633 441
0.070 0.232 421 664
0.093 0.449 246 287
0.035 0.675 23 487
0.131 0.797 483 181
0.346 0.386 466 473
0.266 0.276 504 594
0.175 0.215 210 393
0.110 0.127 374 519
0.377 0.557 584 582
0.237 0.295 624 127
0.801 0.098 38 673
0.610 0.292 154 573
0.438 0.245 20 154
0.048 0.657 354 268
0.663 0.042 547 366
0.146 0.850 193 118
0.808 0.095 427 49
0.524 0.081 425 401
0.759 0.184 441 662
0.875 0.057 222 385
0.943 0.015 313 67
0.442 0.288 140 189
0.299 0.381 504 421
0.535 0.015 360 488
0.854 0.023 49 284
0.390 0.499 29 300
0.073 0.578 414 447
0.308 0.528 171 427
0.996 0.003 553 285
0.809 0.008 674 469
0.713 0.079 16 119
0.674 0.217 597 421
0.735 0.183 129 505
0.518 0.390 488 302
0.129 0.763 268 307
0.046 0.122 433 342
0.087 0.225 194 474
0.428 0.107 438 324
0.533 0.320 391 306
0.336 0.284 307 439
0.422 0.429 700 400
0.864 0.009 355 590
0.198 0.536 257 390
0.948 0.034 383 288
0.670 0.300 374 509
0.627 0.015 328 72
0.134 0.183 554 46
0.022 0.556 278 241
0.516 0.294 237 697
0.812 0.124 527 557
0.367 0.283 632 208
0.148 0.718 473 276
0.480 0.421 86 449
0.352 0.284 86 273
0.744 0.082 581 183
0.528 0.075 155 185
0.710 0.194 177 177
0.754 0.202 68 454
0.027 0.772 400 594
0.354 0.136 578 606
0.358 0.143 372 27
0.524 0.406 687 34
0.171 0.173 278 236
0.676 0.130 65 549
0.560 0.305 602 662
0.673 0.135 500 277
0.639 0.031 390 559
0.717 0.259 376 124
0.105 0.823 64 582
0.926 0.073 291 39
0.143 0.750 46 131
0.629 0.130 479 391
0.933 0.052 310 728
0.205 0.629 686 546
0.391 0.339 591 632
0.374 0.180 514 37
0.146 0.300 488 263
0.272 0.460 539 103
0.978 0.011 617 503
0.093 0.094 137 177
0.690 0.152 584 472
0.685 0.069 585 582
0.724 0.004 168 41
0.913 0.028 627 482
0.696 0.046 461 57
0.885 0.074 617 15
0.005 0.853 285 131
0.810 0.033 558 373
0.700 0.225 570 484
0.738 0.222 253 730
0.605 0.192 235 145
0.648 0.155 599 634
0.289 0.388 13 464
0.882 0.024 127 157
0.704 0.111 613 84
0.766 0.111 223 126
0.595 0.393 634 726
0.359 0.483 409 630
0.602 0.110 112 443
0.219 0.629 221 511
0.131 0.701 632 125
0.152 0.803 610 322
0.260 0.682 362 413
0.643 0.284 659 302
0.896 0.033 228 465
0.828 0.010 227 275
0.937 0.034 687 721
0.754 0.246 513 554
0.543 0.276 49 195
0.668 0.022 223 750
0.521 0.427 394 559
0.927 0.049 180 539
0.787 0.094 728 345
0.016 0.191 740 16
0.568 0.167 325 720
0.706 0.252 176 690
0.660 0.275 644 203
0.034 0.029 595 423
0.874 0.037 92 720
0.549 0.415 472 656
0.003 0.060 313 273
0.047 0.288 95 778
0.884 0.058 48 771
0.549 0.030 502 231
0.871 0.075 288 372
0.397 0.267 114 409
0.800 0.177 283 719
0.705 0.181 355 390
0.908 0.044 160 339
0.278 0.289 222 522
0.736 0.158 148 120
0.168 0.705 178 301
0.756 0.160 256 396
0.022 0.705 748 369
0.501 0.192 673 11
0.670 0.081 411 478
0.815 0.064 136 484
0.922 0.049 546 55
0.952 0.018 756 502
0.247 0.561 553 652
0.459 0.315 511 678
0.086 0.800 244 675
0.533 0.143 672 54
0.120 0.145 590 752
0.845 0.035 195 675
0.311 0.325 583 729
0.317 0.374 431 160
0.857 0.139 633 244
0.182 0.078 76 402
0.856 0.113 235 713
0.216 0.557 540 701
0.658 0.218 775 329
0.199 0.488 301 129
0.341 0.357 733 683
0.904 0.015 767 94
0.537 0.438 432 199
0.641 0.187 332 311
0.172 0.800 473 244
0.624 0.310 769 96
0.882 0.003 17 161
0.749 0.119 824 410
0.726 0.169 101 449
0.440 0.551 670 552
0.572 0.137 551 130
0.416 0.273 789 202
0.264 0.011 133 590
0.509 0.447 236 98
0.884 0.035 641 681
0.929 0.004 334 83
0.283 0.591 59 737
0.398 0.490 42 779
0.704 0.126 125 191
0.543 0.087 691 735
0.459 0.259 250 673
0.453 0.449 180 267
0.378 0.037 388 503
0.284 0.572 385 782
0.300 0.473 473 106
0.599 0.355 591 60
0.083 0.334 644 172
0.412 0.198 753 847
0.165 0.451 342 46
0.831 0.146 655 33
0.941 0.005 453 214
0.523 0.259 296 117
0.557 0.018 579 333
0.595 0.356 670 299
0.302 0.394 615 741
0.464 0.221 768 280
0.656 0.220 447 173
0.884 0.084 3 716
0.316 0.334 280 556
0.539 0.063 229 124
0.500 0.097 541 50
0.488 0.263 372 590
0.683 0.228 704 111
0.175 0.122 835 616
0.671 0.224 425 803
0.609 0.142 792 608
0.060 0.590 537 622
0.869 0.034 80 114
0.094 0.128 87 756
0.890 0.091 720 190
0.486 0.185 171 268
0.250 0.542 181 603
0.822 0.162 872 44
0.908 0.016 517 559
0.965 0.028 824 315
0.517 0.309 195 57
0.575 0.300 492 765
0.519 0.027 874 311
0.662 0.331 144 87
0.970 0.015 285 422
0.734 0.149 509 414
0.303 0.128 158 300
0.458 0.335 846 515
0.087 0.025 480 461
0.075 0.374 101 630
0.554 0.201 46 6
0.639 0.185 716 870
0.189 0.659 630 131
0.673 0.111 591 146
0.701 0.114 713 670
0.533 0.058 618 783
0.634 0.272 576 254
0.864 0.068 793 659
0.897 0.044 531 367
0.133 0.611 421 365
0.380 0.306 215 577
0.634 0.233 556 896
0.594 0.057 114 852
0.082 0.334 135 701
0.620 0.096 344 338
0.896 0.087 610 853
0.818 0.088 500 163
0.421 0.060 361 375
0.935 0.027 315 624
0.308 0.223 636 402
0.872 0.098 218 149
0.974 0.026 899 406
0.848 0.066 854 379
0.105 0.063 350 407
0.447 0.052 750 650
0.902 0.061 316 127
0.380 0.524 50 54
0.562 0.159 204 365
0.195 0.391 382 681
0.235 0.461 56 457
0.657 0.210 646 367
0.528 0.167 769 79
0.400 0.158 618 111
0.467 0.434 753 708
0.639 0.221 138 73
0.592 0.241 852 689
0.965 0.019 770 791
0.124 0.856 560 461
0.980 0.014 773 38
0.880 0.067 429 506
0.691 0.277 716 475
0.303 0.278 691 312
0.547 0.057 585 478
0.093 0.226 737 54
0.805 0.094 886 194
0.709 0.232 592 917
0.258 0.678 451 311
0.512 0.433 298 108
0.489 0.253 167 210
0.754 0.046 732 784
0.618 0.346 135 152
0.390 0.158 14 642
0.889 0.044 889 10
0.062 0.722 108 899
0.340 0.144 639 878
0.493 0.197 406 63
0.954 0.046 881 8
0.363 0.606 507 426
0.933 0.037 659 451
0.850 0.095 359 591
0.050 0.028 452 73
0.339 0.353 203 114
0.450 0.064 886 701
0.534 0.131 820 891
0.636 0.079 279 112
0.942 0.046 326 47
0.549 0.092 391 415
0.421 0.343 848 795
0.328 0.495 110 801
0.058 0.679 638 52
0.993 0.002 606 285
0.345 0.295 407 729
0.974 0.001 123 313
0.935 0.037 150 863
0.378 0.504 193 268
0.818 0.127 931 39
0.966 0.009 80 706
0.854 0.112 814 394
0.874 0.032 608 485
0.704 0.057 456 740
0.169 0.276 443 45
0.420 0.148 873 931
0.299 0.342 431 230
0.122 0.673 482 923
0.773 0.185 653 177
0.835 0.014 53 901
0.982 0.003 764 863
0.700 0.148 948 721
0.257 0.606 477 929
0.713 0.207 199 643
0.546 0.417 102 88
0.835 0.047 461 247
0.560 0.257 974 912
0.306 0.483 117 173
0.839 0.079 364 667
0.616 0.258 557 317
0.272 0.525 795 91
0.778 0.222 285 569
0.061 0.191 578 123
0.758 0.078 9 215
0.791 0.084 728 812
0.979 0.015 92 480
0.779 0.115 84 27
0.738 0.236 835 307
0.128 0.374 954 507
0.012 0.244 162 921
0.985 0.011 307 422
0.943 0.023 185 748
0.190 0.368 744 506
0.049 0.398 613 793
0.551 0.081 440 283
0.185 0.197 884 3
0.304 0.335 568 100
0.344 0.476 82 677
0.185 0.564 88 984
0.260 0.390 70 226
0.504 0.041 763 780
0.517 0.328 173 512
0.566 0.307 243 708
0.923 0.050 16 870
0.007 0.755 224 118
0.337 0.555 970 63
0.533 0.379 366 491
0.751 0.208 708 868
0.567 0.099 975 420
0.622 0.270 429 611
0.067 0.810 66 838
0.878 0.024 379 892
0.389 0.237 855 204
0.778 0.163 812 826
0.582 0.123 312 745
0.484 0.014 283 97
0.881 0.016 519 90
0.206 0.474 293 439
0.419 0.514 609 777
0.772 0.036 675 450
0.378 0.111 292 114
0.988 0.002 374 671
0.907 0.075 328 584
0.699 0.176 83 300
0.127 0.775 186 21
0.928 0.050 820 374
0.799 0.074 936 935
0.443 0.388 534 622
0.011 0.435 33 66
0.177 0.607 345 463
0.636 0.337 65 749
0.272 0.172 984 535
0.324 0.482 474 951
0.765 0.121 403 520
0.864 0.033 624 924
0.552 0.384 84 763
0.246 0.050 445 391
0.693 0.185 39 643
0.218 0.214 880 57
0.019 0.525 35 291
0.324 0.096 307 39
0.518 0.197 41 879
0.537 0.355 565 751
0.708 0.052 429 183
0.671 0.306 106 651
0.826 0.086 609 525
0.872 0.057 469 319
0.214 0.014 63 740
0.470 0.273 829 68
0.077 0.252 1011 612
0.345 0.379 334 76
0.605 0.085 978 931
0.862 0.060 783 1050
0.072 0.718 236 181
0.144 0.693 87 400
0.729 0.229 453 5
0.771 0.128 868 899
0.128 0.253 363 740
0.622 0.094 393 860
0.604 0.044 195 633
0.183 0.692 1031 28
0.509 0.424 229 468
0.726 0.061 94 667
0.193 0.455 1009 898
0.648 0.307 307 205
0.702 0.094 490 184
0.888 0.057 178 581
0.218 0.658 874 162
0.941 0.020 670 641
0.112 0.340 939 901
0.782 0.168 795 372
0.814 0.029 431 843
0.923 0.023 712 412
0.483 0.295 233 922
0.421 0.461 774 255
0.569 0.282 138 837
0.896 0.089 12 136
0.026 0.133 163 88
0.394 0.211 209 578
0.333 0.127 397 1015
0.321 0.329 184 410
0.270 0.424 570 509
0.053 0.458 629 415
0.334 0.479 535 542
0.387 0.395 849 793
0.234 0.361 1063 190
0.047 0.461 394 285
0.860 0.049 61 385
0.946 0.045 71 455
0.700 0.225 999 168
0.472 0.019 745 484
0.750 0.097 657 804
0.238 0.353 531 438
0.727 0.167 261 584
0.615 0.133 390 249
0.453 0.055 620 1092
0.613 0.210 731 566
0.553 0.236 794 231
0.016 0.770 45 464
