10 100
999771
567660
610992
645481
619414
427647
106656
965669
408123
997979
0.736 0.195 10 4
0.367 0.393 4 10
0.015 0.889 7 10
0.911 0.087 6 5
0.283 0.388 5 7
0.401 0.258 3 14
0.266 0.138 8 16
0.327 0.559 16 1
0.682 0.081 10 8
0.537 0.456 8 15
0.036 0.100 1 4
0.157 0.175 3 9
0.553 0.352 21 4
0.963 0.007 16 21
0.145 0.296 24 2
0.944 0.047 17 22
0.690 0.175 6 25
0.759 0.223 8 17
0.890 0.060 10 27
0.751 0.217 10 24
0.069 0.292 11 1
0.636 0.248 29 31
0.277 0.315 23 4
0.974 0.009 28 8
0.735 0.030 23 25
0.330 0.203 14 6
0.373 0.510 35 14
0.152 0.765 3 18
0.677 0.021 7 27
0.218 0.720 25 7
0.049 0.878 15 6
0.335 0.121 35 37
0.693 0.067 19 27
0.332 0.371 13 40
0.520 0.289 7 30
0.091 0.309 14 37
0.727 0.175 44 36
0.642 0.112 2 13
0.200 0.679 16 42
0.463 0.008 20 13
0.342 0.016 39 28
0.579 0.267 13 12
0.702 0.230 47 28
0.460 0.365 43 43
0.428 0.081 1 11
0.360 0.610 37 19
0.313 0.031 48 6
0.525 0.203 30 53
0.959 0.031 27 29
0.625 0.199 58 52
0.101 0.245 59 13
0.682 0.303 56 5
0.245 0.668 39 31
0.050 0.886 20 4
0.814 0.096 18 58
0.266 0.074 1 48
0.987 0.013 11 14
0.781 0.058 31 43
0.388 0.370 3 62
0.392 0.072 26 16
0.698 0.267 9 6
0.163 0.519 66 51
0.656 0.260 67 14
0.295 0.648 2 48
0.338 0.511 18 9
0.068 0.245 37 6
0.086 0.577 38 10
0.708 0.146 12 64
0.670 0.306 54 73
0.423 0.421 46 29
0.331 0.209 56 14
0.750 0.207 38 27
0.615 0.135 29 75
0.728 0.159 62 22
0.387 0.481 18 14
0.946 0.003 47 6
0.497 0.081 40 32
0.815 0.038 16 84
0.596 0.071 56 70
0.785 0.186 15 61
0.314 0.112 64 9
0.713 0.050 28 57
0.504 0.369 67 86
0.026 0.678 53 55
0.621 0.210 2 48
0.008 0.957 10 26
0.368 0.514 44 30
0.741 0.212 25 27
0.782 0.181 76 86
0.562 0.289 21 35
0.201 0.449 33 41
0.140 0.386 81 49
0.911 0.046 49 50
0.616 0.207 77 38
0.135 0.650 31 71
0.087 0.860 29 98
0.933 0.016 77 14
0.882 0.115 98 62
0.522 0.029 107 93
0.349 0.099 52 40
