1 100
525554
0.264 0.658 1 1
0.808 0.114 1 2
0.535 0.201 1 3
0.796 0.185 3 1
0.281 0.432 5 3
0.080 0.424 1 1
0.871 0.002 7 4
0.526 0.438 5 8
0.610 0.008 8 7
0.920 0.060 9 8
0.387 0.414 9 9
0.755 0.226 11 7
0.322 0.195 10 9
0.143 0.538 10 14
0.556 0.145 14 14
0.521 0.411 16 3
0.956 0.021 1 10
0.938 0.005 13 10
0.027 0.328 11 4
0.082 0.428 15 8
0.816 0.003 12 15
0.729 0.119 7 5
0.048 0.868 20 19
0.929 0.038 10 18
0.506 0.469 8 13
0.221 0.185 26 17
0.600 0.195 8 2
0.034 0.758 13 4
0.999 0.001 3 14
0.431 0.379 7 10
0.239 0.503 19 15
0.389 0.405 14 2
0.021 0.071 18 5
0.654 0.056 20 14
0.052 0.079 5 14
0.218 0.148 6 36
0.998 0.001 35 31
0.762 0.024 23 26
0.451 0.239 20 29
0.786 0.202 9 23
0.916 0.081 37 20
0.686 0.055 9 25
0.183 0.367 29 6
0.388 0.213 1 16
0.081 0.883 3 43
0.718 0.227 30 15
0.820 0.016 38 47
0.055 0.604 43 27
0.525 0.075 36 5
0.551 0.258 8 11
0.957 0.001 28 4
0.755 0.144 15 8
0.471 0.320 33 45
0.700 0.147 1 20
0.842 0.153 39 49
0.778 0.015 50 5
0.466 0.230 46 20
0.015 0.814 54 29
0.989 0.006 47 10
0.351 0.284 17 32
0.333 0.179 51 46
0.678 0.300 11 56
0.688 0.215 28 31
0.928 0.026 26 20
0.154 0.819 19 52
0.995 0.001 49 37
0.145 0.346 16 43
0.733 0.123 33 4
0.570 0.045 25 48
0.673 0.316 28 40
0.689 0.067 41 32
0.626 0.152 26 12
0.650 0.250 34 48
0.325 0.585 51 56
0.632 0.220 29 75
0.036 0.494 19 67
0.491 0.157 51 25
0.305 0.012 3 20
0.383 0.318 45 7
0.053 0.746 63 78
0.771 0.056 5 76
0.681 0.238 33 45
0.157 0.791 8 59
0.625 0.258 69 49
0.813 0.046 52 37
0.747 0.005 17 79
0.997 0.001 35 8
0.314 0.184 75 3
0.574 0.200 6 76
0.138 0.567 76 75
0.125 0.376 38 25
0.365 0.594 82 11
0.623 0.022 72 62
0.281 0.597 25 38
0.248 0.253 29 45
0.739 0.192 34 10
0.174 0.480 95 1
0.398 0.312 46 38
0.954 0.033 98 91
0.573 0.423 15 62
