2048 2047
50696
947295
125144
868006
534620
410737
975129
563370
320305
833555
827453
985013
964097
154187
711941
164634
230556
376120
767644
132871
933562
398962
609295
845449
498486
458562
683793
362528
55562
156301
24875
681772
692332
895783
341215
785024
561430
643584
18834
973873
136679
420175
227729
10192
160776
571071
746184
503023
11429
672441
685361
676624
609489
266263
29885
376524
496773
342302
846254
418771
402633
26954
737492
226081
100753
60510
688597
169952
275114
950248
48424
840294
856639
340767
48550
706064
393989
756678
130153
321254
126851
741383
461742
358522
510182
834572
911396
562261
985003
969955
140450
297897
295130
138985
221954
762125
438137
374509
36493
845075
787385
813286
832822
229883
520258
210952
969900
734086
806797
956484
560503
356829
131155
828134
541101
586637
97403
975513
177724
266210
906634
392935
857532
103421
938650
517598
346411
279277
620231
442918
893856
983733
637710
777712
210539
21142
726561
739143
486980
610589
631164
674860
263962
16384
275079
168102
235330
126507
112503
724253
891745
309572
952033
374426
668762
60446
520571
764476
82514
339861
832047
262403
270542
63894
261461
452444
945418
624179
348371
509759
87798
973836
197327
289148
199146
928067
576007
466335
845450
436006
405561
482754
434984
190751
808512
940333
708379
996672
710456
781868
328398
128756
487403
698693
987253
764266
706376
170197
451349
889685
467439
228138
144077
670202
298161
801648
320077
276418
347779
78686
915439
38218
861152
671342
720491
616749
14820
495179
891715
150934
132434
957659
826225
886296
939844
674585
761739
437134
391215
901543
369010
67834
23853
528757
744020
439615
639706
413342
298302
608271
60776
279021
583188
793726
259099
236245
221215
363280
595630
823090
969063
136252
180739
290238
718184
226832
437466
248267
124832
596568
307811
269877
171552
486918
547577
280530
988141
246196
702154
236390
628149
588657
482514
805944
668208
583798
757777
554692
663766
548270
854150
799553
360725
960190
926791
432100
659648
992212
573174
953044
647534
301600
495034
128607
812085
213989
732198
234980
42187
11439
710848
124906
659040
131385
799412
705100
219948
910655
572451
525666
732026
978582
950844
963102
96596
865288
859371
724079
441762
657987
366738
379947
730733
837035
478734
743469
198709
980284
824017
264287
386247
385132
338812
343266
103155
754803
209514
897563
567814
494591
222150
605158
352415
655639
731753
943679
562767
166995
928869
995955
697582
439414
163306
982894
570698
285086
677101
311628
514233
185744
199872
118866
385733
83346
357479
788616
74106
695837
598795
568248
539715
946522
41793
599036
772108
942893
883051
665917
814989
563396
239748
603253
330584
748830
855340
899509
804524
447368
895139
554325
258194
768724
950569
334803
10722
82747
340676
441491
592882
264178
430214
518191
979127
661113
432515
419747
140633
9597
981931
703911
344107
20926
525169
712064
854970
306241
489360
191385
499961
111397
546017
748349
190041
551813
48000
1020
129841
873378
570660
473561
184989
430624
480421
443779
631166
903509
966666
468216
419802
912265
863107
193696
868874
974096
66076
195414
447325
918288
465992
978180
634570
560515
768320
136558
766004
661770
989659
963409
612581
531540
616281
5473
421508
333118
576051
425214
127743
383339
662973
113057
566748
632998
735563
846598
76177
698284
420080
339016
214031
73843
246840
651003
968854
487189
416423
734575
435936
265319
373457
863440
534999
846561
271966
42040
947915
980395
346397
943890
241490
573855
581198
934292
625985
430337
459725
808869
304509
430788
279808
648724
733487
414741
777160
173787
243413
95090
368370
160098
987101
137540
360965
585255
155920
205597
567235
508366
597495
785319
962140
717278
751408
32357
860280
916880
229934
564166
149301
914586
720627
640196
967195
268861
880065
838268
658079
63878
689903
502616
485919
235393
286406
922683
731437
422985
868211
443188
932663
314294
278976
50158
171165
207441
386141
181756
246672
401891
71193
510305
179861
407293
350578
70928
527864
50729
461382
12993
836299
50177
712880
809159
848261
433341
995562
140023
778276
973137
663475
622786
807083
946685
661625
763029
538284
882585
461389
835952
150970
896029
743880
488817
273334
838142
399730
213166
276259
772648
644724
432122
238955
966288
620248
889522
638621
665936
718356
575440
816114
587470
738296
413884
986191
32774
762420
803403
884049
720108
955265
546084
699684
375494
897668
927308
231515
664953
434948
37448
21403
78622
692353
20157
673504
170558
149361
319440
972590
577398
372426
867143
632731
444257
24349
30769
59542
938027
936155
8050
959003
77078
618978
773507
920258
118628
519197
842275
296164
507850
243825
407508
641441
105530
631271
80829
639455
475905
530227
742201
156722
450954
973569
891036
704391
256858
498306
586073
252425
881381
189741
137154
62140
274274
561431
770830
431570
69899
363121
940638
487499
678252
221888
799190
550507
886599
81153
640709
329216
320231
828044
515276
481950
48795
203084
647789
643579
257720
307402
811171
548379
911682
252005
204262
543190
406342
158552
417082
59598
297340
97785
253557
964485
571527
352520
863386
105277
417929
864501
467137
435916
377775
563753
14499
55788
360990
629772
899196
972860
206815
624328
935284
818796
935020
701459
459607
286967
779762
744120
747197
687988
962867
521918
348892
411164
969180
140534
739473
263462
570195
793912
436802
852821
985549
741154
82539
407782
373338
394201
59096
445603
443125
197848
309877
834901
945810
193704
988252
813179
636834
314125
60537
42237
209106
586157
765691
738244
523349
399729
399949
657732
163511
213523
18821
993717
986121
27593
710266
593389
984619
567797
778265
19006
459445
680294
929279
164669
558317
205739
968530
861588
359565
49962
826764
95481
480323
845990
924228
678152
116183
577065
228256
779453
45619
705043
618521
779580
11609
369535
274065
109570
947389
782731
778043
57881
502004
751481
441465
702379
459989
328886
229880
663562
812369
57945
373511
523049
675849
520407
540979
844318
738470
439839
629444
151268
607254
520706
52948
208985
659894
952041
905800
570948
121510
454615
497145
108243
14033
827557
267630
251632
833628
895553
900792
918850
499486
666019
494449
660289
740729
65496
363531
394478
536406
165038
558132
272475
509028
23634
183090
123208
871837
462492
840593
242601
871920
797831
47729
793888
737169
592
807663
449537
536613
100672
408889
816279
986049
327361
472335
488240
556736
715747
380736
929544
431351
651685
155499
179937
491168
676944
659727
840436
116110
947663
867041
397393
16257
468397
405820
322411
101406
489850
797893
531836
375102
720912
755411
56889
971512
223030
652314
142663
603567
294386
40385
916686
82425
268968
428591
635264
174290
946485
63602
136342
588818
726411
582053
38134
143299
536306
139682
141413
888531
785757
365514
97195
999349
331681
910934
865881
889553
780649
384086
297800
364763
305395
230872
939507
84993
687198
617123
477228
925724
434617
304241
506928
741878
590164
508486
977308
765493
256011
615346
553708
516751
370236
226564
155739
779447
14529
817887
375595
462074
609992
101766
46555
414931
31027
628728
597283
533075
948602
374400
523764
673962
526672
179700
172768
780596
438034
880328
818386
363572
952521
98208
393079
205450
610892
44304
513610
799942
254975
541726
999740
364219
722614
358749
559819
998382
552412
376310
420308
614873
807682
430095
333374
412447
580491
310188
580066
872924
462964
483164
758598
77192
458864
652187
564946
749609
60924
626584
213297
585482
54572
438116
607545
408055
898561
169240
650825
131156
564633
985062
888382
686655
178667
435227
470065
112579
566103
46285
322420
150402
511887
519354
484993
541736
609034
477352
252725
691624
239107
908641
477634
173652
555812
985508
909807
511909
446378
442662
919073
908299
181989
364932
476284
818716
199206
306075
152593
263353
385392
582452
652349
488456
271611
761609
535615
275711
353828
171000
624581
53705
339893
386198
620142
549350
905962
534482
124885
351281
912306
836677
837363
224863
122815
151384
509987
635615
36471
153678
613776
443195
259455
309836
76702
956760
731057
993538
893952
635081
556547
805680
278179
351743
458912
489348
918166
828361
41887
477910
595972
903195
609451
800755
578870
381018
723890
307465
564713
570537
583534
131446
981019
201698
400278
711824
700306
452809
177585
732267
958417
476889
327854
480046
314164
880924
610097
433557
296970
367692
913955
924828
98352
744245
386165
416304
401202
590186
149553
560248
387620
755592
173356
563537
156466
496265
168951
527002
123706
416295
324097
474311
810711
144808
364122
868002
612091
877450
567587
824033
489718
269208
236522
162492
468638
219015
18505
708038
50164
314555
891071
599301
218369
337992
949864
13453
384399
696961
279130
962751
247945
461381
837394
111756
360990
421962
346383
762049
35745
649653
405104
939
942842
941001
759030
518755
131551
281097
198457
847447
435558
485578
347845
449180
184013
388234
902088
482526
603463
236197
775705
570254
777906
455637
635112
651524
556877
103049
815813
215701
266316
726608
841185
813720
428513
581169
579057
231791
732332
304758
104444
959456
133728
548895
878848
666938
905553
774474
856166
461992
430128
66771
235746
429164
519359
780337
185143
503560
856124
193991
817060
269471
487667
625047
742190
128679
349145
996781
757330
62990
543579
78146
674188
964559
601244
20837
237163
363176
540250
320271
969638
708811
920742
81026
667777
362543
872095
82247
512984
955372
332594
896661
511884
896238
867142
259438
280284
486119
929671
52214
954939
670146
250824
312994
557192
841313
352008
540450
750774
325500
189594
742518
676170
26952
945726
877514
45717
798549
113314
739685
499844
423247
661541
462155
448866
137570
180085
753573
504298
574543
617517
173172
168280
85993
262819
616941
265322
731195
576793
545747
413279
532212
404378
342746
621986
212550
642512
574130
902429
375022
46307
997635
641056
197274
6830
947821
258506
301590
930730
588177
411309
971142
595475
933569
453154
755093
912690
313622
780527
518019
787036
522270
60259
208844
73984
468263
764708
303483
720428
191567
343670
454138
171144
592772
840058
551494
995823
448511
671586
413734
343575
248467
669129
878951
281844
444046
767466
249767
147620
628756
430913
515430
832922
846289
359360
329148
701404
504347
76912
709065
424981
487953
149855
132322
970094
341124
254078
26548
548970
469474
516386
379396
963209
973791
622439
872923
714018
444571
731957
226912
576738
179414
594138
646036
746937
669951
678673
603681
431518
221137
52077
456417
677117
73602
217017
348398
268334
961820
505983
356460
644928
39550
337948
233762
115499
559727
956789
707932
667797
154914
561803
386308
911837
883296
945566
39093
338363
621096
251066
442458
477789
799127
712197
276352
112265
877312
26124
269892
688696
744708
26348
44509
504028
438289
817674
239682
796078
597153
830141
702186
678204
305322
811080
45662
274181
745477
121108
245647
630972
313686
287574
988183
317780
909934
663492
615771
191055
42362
309484
568068
259739
689898
113781
398092
61227
846479
280807
828921
965605
678019
772643
270262
381702
474541
353552
691478
871855
371225
875008
774882
46701
911389
862442
339707
700750
961091
660137
395366
327999
588206
61631
675044
979505
848849
73244
519650
183474
227134
554657
929911
738066
498696
662605
562135
295096
770758
573345
434190
583174
737196
858101
870764
114854
557075
702538
915201
789482
965121
589521
977230
563693
565203
375992
644203
721734
979525
423641
643184
456032
925850
457462
237511
578776
152535
414462
892848
893153
638802
718365
35640
677451
611005
695115
314871
678016
20006
344128
85759
14592
434229
174092
933402
492263
22438
454365
184148
408663
540546
112908
974874
844000
25629
271890
812609
731010
98419
321003
369899
234533
236074
421788
887769
972583
7892
998158
877365
714320
859393
527248
194543
627803
271459
386862
386238
74471
948635
991950
227103
899132
851235
644433
918565
188994
667809
538979
601485
971658
701577
743882
278295
879785
617357
722097
282974
669100
351133
390164
972805
743290
199919
695964
172891
174460
967650
83584
940704
116652
36810
916882
390333
271961
376348
588661
582272
315667
795617
307419
278314
678612
594552
534228
595623
699844
768423
380917
339311
879564
768103
251948
896837
751617
208495
629244
475953
890285
712047
130804
191427
525866
400923
812181
500287
681286
227838
760229
940854
849267
510199
66068
124242
402921
710662
744231
221697
36113
396629
80446
3924
67130
880548
502308
455005
831484
715331
231758
239605
532639
601830
28426
388837
906587
299221
790513
165780
253257
952989
231727
174070
678438
658730
146255
128807
244251
263696
948642
137899
337745
500372
934377
643305
333837
50372
25246
253182
263260
635955
678855
533877
824717
369024
874473
802556
801218
125354
38554
654734
289860
706885
44562
814298
867306
226947
507860
686616
536544
646179
461015
410504
853610
323587
310611
888060
507176
158505
264277
725113
275999
407390
758466
59842
788222
225497
844169
715020
18003
823413
87593
518739
820614
446614
61937
18250
249136
945078
156869
879708
808879
908877
963020
812593
408516
630783
225093
537834
551616
553063
55960
775130
49247
752566
440607
923271
109305
225297
1032
101201
439607
895685
204731
313265
7268
6173
872363
314261
170608
803934
877661
866005
510679
679981
634022
571825
519429
477392
573694
514955
68808
9670
410891
851128
20744
733236
646910
888395
34952
472281
225173
698063
676547
718183
498902
758750
399780
101240
476620
608001
846946
231389
570897
118648
143549
562596
507269
296859
653138
136518
268377
330272
20038
496897
410557
308069
671947
657474
544497
544645
233334
581067
801533
281365
310294
238346
509267
849202
299127
166632
248069
339401
755960
358236
208050
956251
693938
490875
438265
557928
988307
65278
325258
149062
47688
401387
981623
36891
581560
239257
840930
392478
896979
216663
800266
771300
177986
810250
760346
69608
379316
952478
568988
530102
632488
440041
362477
397724
398252
39040
634856
894253
796713
902936
808684
575791
116135
26002
749101
881048
339028
951919
801768
855966
598998
206376
869835
899025
439985
521269
16836
371125
277795
796569
970503
583476
855394
79435
246003
345779
53859
177218
40983
34586
744173
78964
798032
35241
352104
616847
212568
668438
36466
782683
691197
12481
388943
289672
591323
213453
904817
685705
852214
943417
0.816 0.059 1 2
0.235 0.511 3 4
0.959 0.016 5 6
0.792 0.165 7 8
0.188 0.017 9 10
0.481 0.448 11 12
0.269 0.467 13 14
0.793 0.043 15 16
0.799 0.056 17 18
0.711 0.136 19 20
0.855 0.054 21 22
0.412 0.296 23 24
0.105 0.282 25 26
0.758 0.097 27 28
0.992 0.008 29 30
0.200 0.090 31 32
0.389 0.341 33 34
0.034 0.128 35 36
0.199 0.351 37 38
0.338 0.298 39 40
0.188 0.180 41 42
0.548 0.329 43 44
0.064 0.302 45 46
0.701 0.037 47 48
0.926 0.039 49 50
0.186 0.201 51 52
0.842 0.102 53 54
0.242 0.658 55 56
0.751 0.144 57 58
0.472 0.433 59 60
0.947 0.053 61 62
0.012 0.075 63 64
0.937 0.052 65 66
0.866 0.119 67 68
0.209 0.611 69 70
0.057 0.123 71 72
0.004 0.460 73 74
0.468 0.340 75 76
0.298 0.621 77 78
0.742 0.070 79 80
0.405 0.144 81 82
0.835 0.148 83 84
0.913 0.003 85 86
0.833 0.021 87 88
0.383 0.311 89 90
0.659 0.305 91 92
0.229 0.616 93 94
0.949 0.021 95 96
0.374 0.268 97 98
0.960 0.028 99 100
0.241 0.119 101 102
0.013 0.614 103 104
0.745 0.018 105 106
0.938 0.005 107 108
0.894 0.017 109 110
0.191 0.434 111 112
0.380 0.270 113 114
0.022 0.787 115 116
0.177 0.002 117 118
0.419 0.334 119 120
0.443 0.166 121 122
0.572 0.332 123 124
0.149 0.108 125 126
0.975 0.001 127 128
0.898 0.077 129 130
0.118 0.339 131 132
0.088 0.871 133 134
0.934 0.055 135 136
0.807 0.151 137 138
0.433 0.027 139 140
0.204 0.158 141 142
0.950 0.002 143 144
0.703 0.194 145 146
0.946 0.027 147 148
0.648 0.038 149 150
0.405 0.219 151 152
0.211 0.077 153 154
0.103 0.549 155 156
0.116 0.038 157 158
0.910 0.027 159 160
0.737 0.111 161 162
0.719 0.263 163 164
0.807 0.143 165 166
0.530 0.087 167 168
0.976 0.018 169 170
0.426 0.567 171 172
0.624 0.043 173 174
0.227 0.196 175 176
0.861 0.080 177 178
0.272 0.078 179 180
0.276 0.638 181 182
0.346 0.233 183 184
0.976 0.018 185 186
0.814 0.068 187 188
0.680 0.196 189 190
0.462 0.104 191 192
0.478 0.206 193 194
0.854 0.085 195 196
0.226 0.737 197 198
0.632 0.299 199 200
0.272 0.628 201 202
0.882 0.083 203 204
0.272 0.332 205 206
0.919 0.038 207 208
0.919 0.061 209 210
0.565 0.187 211 212
0.260 0.705 213 214
0.783 0.062 215 216
0.841 0.003 217 218
0.411 0.373 219 220
0.947 0.022 221 222
0.771 0.213 223 224
0.485 0.415 225 226
0.452 0.107 227 228
0.102 0.693 229 230
0.044 0.203 231 232
0.294 0.224 233 234
0.935 0.038 235 236
0.787 0.121 237 238
0.846 0.063 239 240
0.958 0.035 241 242
0.333 0.637 243 244
0.455 0.338 245 246
0.949 0.005 247 248
0.358 0.427 249 250
0.950 0.043 251 252
0.489 0.206 253 254
0.073 0.879 255 256
0.030 0.407 257 258
0.465 0.383 259 260
0.921 0.069 261 262
0.699 0.274 263 264
0.348 0.282 265 266
0.180 0.814 267 268
0.058 0.145 269 270
0.968 0.009 271 272
0.298 0.522 273 274
0.733 0.042 275 276
0.415 0.370 277 278
0.968 0.011 279 280
0.469 0.137 281 282
0.298 0.388 283 284
0.656 0.176 285 286
0.843 0.036 287 288
0.459 0.194 289 290
0.859 0.115 291 292
0.282 0.467 293 294
0.862 0.040 295 296
0.988 0.006 297 298
0.999 0.001 299 300
0.684 0.085 301 302
0.438 0.374 303 304
0.936 0.052 305 306
0.483 0.252 307 308
0.791 0.048 309 310
0.180 0.285 311 312
0.437 0.526 313 314
0.571 0.410 315 316
0.104 0.482 317 318
0.610 0.073 319 320
0.498 0.459 321 322
0.393 0.038 323 324
0.365 0.238 325 326
0.596 0.213 327 328
0.350 0.175 329 330
0.953 0.027 331 332
0.104 0.508 333 334
0.567 0.243 335 336
0.977 0.007 337 338
0.410 0.419 339 340
0.940 0.012 341 342
0.787 0.021 343 344
0.729 0.229 345 346
0.881 0.076 347 348
0.257 0.692 349 350
0.054 0.395 351 352
0.486 0.361 353 354
0.213 0.567 355 356
0.593 0.197 357 358
0.637 0.307 359 360
0.326 0.079 361 362
0.973 0.019 363 364
0.724 0.212 365 366
0.650 0.104 367 368
0.748 0.025 369 370
0.607 0.126 371 372
0.329 0.116 373 374
0.428 0.450 375 376
0.030 0.158 377 378
0.437 0.450 379 380
0.717 0.192 381 382
0.853 0.079 383 384
0.195 0.721 385 386
0.090 0.038 387 388
0.482 0.260 389 390
0.204 0.493 391 392
0.887 0.005 393 394
0.134 0.305 395 396
0.792 0.021 397 398
0.843 0.010 399 400
0.771 0.076 401 402
0.632 0.031 403 404
0.548 0.400 405 406
0.527 0.187 407 408
0.906 0.061 409 410
0.143 0.565 411 412
0.648 0.268 413 414
0.822 0.105 415 416
0.496 0.386 417 418
0.472 0.511 419 420
0.284 0.507 421 422
0.647 0.153 423 424
0.257 0.138 425 426
0.872 0.113 427 428
0.617 0.277 429 430
0.300 0.186 431 432
0.454 0.226 433 434
0.722 0.046 435 436
0.617 0.175 437 438
0.083 0.627 439 440
0.198 0.045 441 442
0.002 0.604 443 444
0.669 0.148 445 446
0.298 0.110 447 448
0.731 0.043 449 450
0.526 0.127 451 452
0.695 0.287 453 454
0.823 0.140 455 456
0.461 0.113 457 458
0.297 0.413 459 460
0.246 0.464 461 462
0.484 0.444 463 464
0.291 0.228 465 466
0.465 0.006 467 468
0.094 0.251 469 470
0.772 0.015 471 472
0.189 0.802 473 474
0.016 0.326 475 476
0.875 0.106 477 478
0.800 0.193 479 480
0.300 0.390 481 482
0.490 0.372 483 484
0.370 0.005 485 486
0.843 0.076 487 488
0.320 0.114 489 490
0.349 0.010 491 492
0.900 0.086 493 494
0.105 0.179 495 496
0.074 0.508 497 498
0.198 0.016 499 500
0.774 0.058 501 502
0.516 0.353 503 504
0.733 0.104 505 506
0.541 0.262 507 508
0.428 0.521 509 510
0.511 0.420 511 512
0.730 0.141 513 514
0.270 0.017 515 516
0.056 0.252 517 518
0.400 0.392 519 520
0.998 0.002 521 522
0.495 0.216 523 524
0.744 0.018 525 526
0.991 0.005 527 528
0.345 0.252 529 530
0.585 0.103 531 532
0.697 0.245 533 534
0.247 0.314 535 536
0.794 0.042 537 538
0.185 0.713 539 540
0.505 0.174 541 542
0.023 0.509 543 544
0.687 0.212 545 546
0.688 0.140 547 548
0.514 0.486 549 550
0.528 0.371 551 552
0.128 0.092 553 554
0.411 0.391 555 556
0.253 0.232 557 558
0.648 0.144 559 560
0.293 0.348 561 562
0.447 0.246 563 564
0.186 0.435 565 566
0.766 0.189 567 568
0.119 0.836 569 570
0.497 0.294 571 572
0.806 0.083 573 574
0.112 0.727 575 576
0.980 0.002 577 578
0.613 0.332 579 580
0.980 0.011 581 582
0.525 0.174 583 584
0.367 0.475 585 586
0.757 0.231 587 588
0.914 0.054 589 590
0.612 0.142 591 592
0.850 0.014 593 594
0.078 0.190 595 596
0.756 0.197 597 598
0.347 0.624 599 600
0.799 0.095 601 602
0.897 0.037 603 604
0.819 0.055 605 606
0.334 0.076 607 608
0.423 0.411 609 610
0.096 0.427 611 612
0.111 0.622 613 614
0.974 0.023 615 616
0.834 0.152 617 618
0.252 0.593 619 620
0.274 0.574 621 622
0.507 0.212 623 624
0.170 0.790 625 626
0.766 0.055 627 628
0.011 0.126 629 630
0.620 0.345 631 632
0.014 0.904 633 634
0.261 0.631 635 636
0.866 0.110 637 638
0.921 0.073 639 640
0.430 0.154 641 642
0.892 0.053 643 644
0.711 0.005 645 646
0.222 0.397 647 648
0.329 0.590 649 650
0.242 0.754 651 652
0.276 0.243 653 654
0.228 0.443 655 656
0.385 0.268 657 658
0.539 0.432 659 660
0.930 0.026 661 662
0.532 0.298 663 664
0.295 0.319 665 666
0.372 0.035 667 668
0.869 0.074 669 670
0.474 0.053 671 672
0.715 0.209 673 674
0.593 0.023 675 676
0.391 0.559 677 678
0.877 0.082 679 680
0.430 0.353 681 682
0.572 0.124 683 684
0.505 0.048 685 686
0.962 0.019 687 688
0.426 0.423 689 690
0.990 0.008 691 692
0.590 0.379 693 694
0.849 0.058 695 696
0.086 0.846 697 698
0.365 0.551 699 700
0.221 0.077 701 702
0.525 0.146 703 704
0.426 0.149 705 706
0.304 0.600 707 708
0.798 0.192 709 710
0.492 0.081 711 712
0.172 0.407 713 714
0.013 0.614 715 716
0.239 0.018 717 718
0.389 0.444 719 720
0.074 0.729 721 722
0.015 0.131 723 724
0.835 0.119 725 726
0.564 0.101 727 728
0.294 0.267 729 730
0.302 0.629 731 732
0.737 0.059 733 734
0.827 0.060 735 736
0.403 0.283 737 738
0.170 0.467 739 740
0.723 0.264 741 742
0.585 0.404 743 744
0.187 0.743 745 746
0.108 0.025 747 748
0.480 0.257 749 750
0.395 0.382 751 752
0.103 0.640 753 754
0.377 0.460 755 756
0.643 0.181 757 758
0.956 0.038 759 760
0.878 0.011 761 762
0.806 0.136 763 764
0.286 0.534 765 766
0.803 0.143 767 768
0.645 0.188 769 770
0.948 0.003 771 772
0.290 0.329 773 774
0.044 0.631 775 776
0.298 0.102 777 778
0.505 0.315 779 780
0.126 0.193 781 782
0.868 0.056 783 784
0.181 0.323 785 786
0.449 0.407 787 788
0.890 0.015 789 790
0.556 0.118 791 792
0.747 0.063 793 794
0.106 0.344 795 796
0.446 0.086 797 798
0.622 0.017 799 800
0.848 0.011 801 802
0.446 0.432 803 804
0.936 0.020 805 806
0.028 0.866 807 808
0.689 0.109 809 810
0.561 0.103 811 812
0.740 0.058 813 814
0.745 0.206 815 816
0.400 0.058 817 818
0.340 0.034 819 820
0.754 0.042 821 822
0.034 0.586 823 824
0.960 0.011 825 826
0.104 0.720 827 828
0.135 0.374 829 830
0.204 0.222 831 832
0.927 0.072 833 834
0.381 0.044 835 836
0.201 0.453 837 838
0.845 0.082 839 840
0.898 0.042 841 842
0.415 0.355 843 844
0.476 0.005 845 846
0.804 0.073 847 848
0.622 0.226 849 850
0.595 0.226 851 852
0.081 0.653 853 854
0.025 0.633 855 856
0.586 0.182 857 858
0.101 0.259 859 860
0.153 0.366 861 862
0.066 0.306 863 864
0.755 0.042 865 866
0.008 0.278 867 868
0.662 0.034 869 870
0.882 0.110 871 872
0.106 0.512 873 874
0.634 0.072 875 876
0.042 0.521 877 878
0.886 0.113 879 880
0.755 0.211 881 882
0.047 0.737 883 884
0.070 0.833 885 886
0.811 0.186 887 888
0.607 0.334 889 890
0.700 0.208 891 892
0.266 0.107 893 894
0.524 0.253 895 896
0.340 0.397 897 898
0.803 0.150 899 900
0.578 0.143 901 902
0.428 0.197 903 904
0.420 0.565 905 906
0.094 0.798 907 908
0.242 0.169 909 910
0.780 0.005 911 912
0.265 0.727 913 914
0.517 0.478 915 916
0.767 0.221 917 918
0.523 0.063 919 920
0.758 0.195 921 922
0.016 0.285 923 924
0.277 0.307 925 926
0.859 0.067 927 928
0.803 0.170 929 930
0.831 0.131 931 932
0.041 0.207 933 934
0.048 0.035 935 936
0.601 0.385 937 938
0.290 0.707 939 940
0.716 0.216 941 942
0.980 0.002 943 944
0.568 0.033 945 946
0.790 0.067 947 948
0.202 0.025 949 950
0.689 0.118 951 952
0.374 0.125 953 954
0.177 0.286 955 956
0.220 0.518 957 958
0.847 0.142 959 960
0.258 0.163 961 962
0.367 0.524 963 964
0.506 0.480 965 966
0.160 0.096 967 968
0.309 0.187 969 970
0.559 0.422 971 972
0.273 0.489 973 974
0.044 0.144 975 976
0.825 0.136 977 978
0.288 0.339 979 980
0.185 0.662 981 982
0.471 0.364 983 984
0.133 0.687 985 986
0.099 0.696 987 988
0.500 0.164 989 990
0.280 0.404 991 992
0.973 0.007 993 994
0.075 0.107 995 996
0.407 0.458 997 998
0.457 0.185 999 1000
0.544 0.308 1001 1002
0.207 0.768 1003 1004
0.193 0.731 1005 1006
0.088 0.227 1007 1008
0.942 0.011 1009 1010
0.099 0.883 1011 1012
0.340 0.187 1013 1014
0.666 0.254 1015 1016
0.060 0.895 1017 1018
0.017 0.132 1019 1020
0.427 0.291 1021 1022
0.510 0.377 1023 1024
0.321 0.619 1025 1026
0.810 0.177 1027 1028
0.066 0.188 1029 1030
0.447 0.196 1031 1032
0.949 0.024 1033 1034
0.199 0.727 1035 1036
0.268 0.145 1037 1038
0.932 0.047 1039 1040
0.343 0.101 1041 1042
0.616 0.156 1043 1044
0.408 0.116 1045 1046
0.186 0.462 1047 1048
0.387 0.191 1049 1050
0.625 0.273 1051 1052
0.715 0.095 1053 1054
0.892 0.054 1055 1056
0.469 0.324 1057 1058
0.259 0.386 1059 1060
0.221 0.779 1061 1062
0.754 0.201 1063 1064
0.683 0.118 1065 1066
0.599 0.283 1067 1068
0.157 0.505 1069 1070
0.395 0.599 1071 1072
0.822 0.092 1073 1074
0.034 0.166 1075 1076
0.092 0.159 1077 1078
0.482 0.314 1079 1080
0.114 0.050 1081 1082
0.360 0.479 1083 1084
0.053 0.122 1085 1086
0.572 0.115 1087 1088
0.203 0.136 1089 1090
0.768 0.159 1091 1092
0.872 0.078 1093 1094
0.599 0.298 1095 1096
0.830 0.037 1097 1098
0.254 0.024 1099 1100
0.322 0.608 1101 1102
0.595 0.308 1103 1104
0.438 0.293 1105 1106
0.746 0.238 1107 1108
0.357 0.528 1109 1110
0.966 0.015 1111 1112
0.835 0.073 1113 1114
0.771 0.136 1115 1116
0.448 0.036 1117 1118
0.142 0.224 1119 1120
0.775 0.223 1121 1122
0.483 0.409 1123 1124
0.323 0.516 1125 1126
0.514 0.394 1127 1128
0.341 0.518 1129 1130
0.147 0.823 1131 1132
0.169 0.070 1133 1134
0.111 0.603 1135 1136
0.407 0.489 1137 1138
0.796 0.097 1139 1140
0.282 0.416 1141 1142
0.588 0.125 1143 1144
0.679 0.208 1145 1146
0.004 0.804 1147 1148
0.862 0.067 1149 1150
0.025 0.955 1151 1152
0.879 0.069 1153 1154
0.773 0.064 1155 1156
0.094 0.772 1157 1158
0.343 0.432 1159 1160
0.546 0.146 1161 1162
0.992 0.001 1163 1164
0.384 0.128 1165 1166
0.824 0.067 1167 1168
0.641 0.168 1169 1170
0.122 0.026 1171 1172
0.636 0.057 1173 1174
0.339 0.474 1175 1176
0.291 0.243 1177 1178
0.568 0.396 1179 1180
0.524 0.152 1181 1182
0.690 0.019 1183 1184
0.029 0.177 1185 1186
0.736 0.059 1187 1188
0.348 0.113 1189 1190
0.591 0.355 1191 1192
0.104 0.188 1193 1194
0.836 0.011 1195 1196
0.721 0.032 1197 1198
0.646 0.017 1199 1200
0.690 0.269 1201 1202
0.121 0.393 1203 1204
0.852 0.054 1205 1206
0.279 0.114 1207 1208
0.242 0.509 1209 1210
0.287 0.243 1211 1212
0.913 0.033 1213 1214
0.371 0.314 1215 1216
0.236 0.591 1217 1218
0.305 0.486 1219 1220
0.413 0.455 1221 1222
0.251 0.209 1223 1224
0.372 0.467 1225 1226
0.286 0.199 1227 1228
0.610 0.130 1229 1230
0.206 0.473 1231 1232
0.900 0.046 1233 1234
0.132 0.719 1235 1236
0.731 0.088 1237 1238
0.136 0.515 1239 1240
0.284 0.603 1241 1242
0.689 0.207 1243 1244
0.204 0.438 1245 1246
0.323 0.460 1247 1248
0.433 0.354 1249 1250
0.112 0.310 1251 1252
0.283 0.444 1253 1254
0.739 0.192 1255 1256
0.334 0.293 1257 1258
0.369 0.540 1259 1260
0.224 0.598 1261 1262
0.827 0.068 1263 1264
0.901 0.087 1265 1266
0.908 0.068 1267 1268
0.173 0.827 1269 1270
0.487 0.178 1271 1272
0.009 0.585 1273 1274
0.279 0.269 1275 1276
0.353 0.183 1277 1278
0.724 0.231 1279 1280
0.397 0.233 1281 1282
0.228 0.327 1283 1284
0.417 0.137 1285 1286
0.935 0.031 1287 1288
0.834 0.011 1289 1290
0.157 0.119 1291 1292
0.766 0.181 1293 1294
0.051 0.432 1295 1296
0.513 0.058 1297 1298
0.551 0.371 1299 1300
0.220 0.242 1301 1302
0.564 0.150 1303 1304
0.495 0.433 1305 1306
0.783 0.212 1307 1308
0.080 0.701 1309 1310
0.315 0.599 1311 1312
0.368 0.539 1313 1314
0.557 0.228 1315 1316
0.819 0.046 1317 1318
0.991 0.004 1319 1320
0.031 0.168 1321 1322
0.285 0.432 1323 1324
0.968 0.025 1325 1326
0.051 0.179 1327 1328
0.192 0.724 1329 1330
0.342 0.342 1331 1332
0.466 0.435 1333 1334
0.830 0.082 1335 1336
0.394 0.267 1337 1338
0.579 0.094 1339 1340
0.262 0.487 1341 1342
0.657 0.222 1343 1344
0.601 0.052 1345 1346
0.165 0.469 1347 1348
0.040 0.848 1349 1350
0.717 0.030 1351 1352
0.323 0.252 1353 1354
0.594 0.156 1355 1356
0.320 0.092 1357 1358
0.875 0.013 1359 1360
0.118 0.118 1361 1362
0.475 0.145 1363 1364
0.697 0.169 1365 1366
0.382 0.139 1367 1368
0.332 0.620 1369 1370
0.317 0.649 1371 1372
0.646 0.069 1373 1374
0.245 0.010 1375 1376
0.957 0.026 1377 1378
0.509 0.462 1379 1380
0.454 0.150 1381 1382
0.776 0.156 1383 1384
0.573 0.057 1385 1386
0.473 0.301 1387 1388
0.479 0.061 1389 1390
0.114 0.594 1391 1392
0.643 0.064 1393 1394
0.279 0.552 1395 1396
0.924 0.075 1397 1398
0.128 0.066 1399 1400
0.098 0.819 1401 1402
0.316 0.174 1403 1404
0.299 0.592 1405 1406
0.409 0.316 1407 1408
0.892 0.021 1409 1410
0.821 0.055 1411 1412
0.820 0.117 1413 1414
0.076 0.163 1415 1416
0.494 0.035 1417 1418
0.750 0.232 1419 1420
0.517 0.094 1421 1422
0.087 0.541 1423 1424
0.274 0.040 1425 1426
0.328 0.459 1427 1428
0.486 0.053 1429 1430
0.019 0.867 1431 1432
0.273 0.046 1433 1434
0.531 0.347 1435 1436
0.228 0.169 1437 1438
0.400 0.124 1439 1440
0.452 0.307 1441 1442
0.967 0.024 1443 1444
0.312 0.386 1445 1446
0.836 0.100 1447 1448
0.335 0.037 1449 1450
0.473 0.230 1451 1452
0.389 0.517 1453 1454
0.933 0.067 1455 1456
0.293 0.411 1457 1458
0.599 0.120 1459 1460
0.942 0.043 1461 1462
0.556 0.302 1463 1464
0.193 0.532 1465 1466
0.961 0.014 1467 1468
0.704 0.148 1469 1470
0.223 0.726 1471 1472
0.728 0.123 1473 1474
0.192 0.270 1475 1476
0.203 0.432 1477 1478
0.020 0.166 1479 1480
0.663 0.101 1481 1482
0.568 0.261 1483 1484
0.511 0.230 1485 1486
0.033 0.802 1487 1488
0.389 0.505 1489 1490
0.853 0.109 1491 1492
0.706 0.194 1493 1494
0.912 0.087 1495 1496
0.496 0.333 1497 1498
0.251 0.393 1499 1500
0.898 0.065 1501 1502
0.821 0.100 1503 1504
0.617 0.017 1505 1506
0.422 0.131 1507 1508
0.079 0.230 1509 1510
0.985 0.007 1511 1512
0.524 0.177 1513 1514
0.256 0.711 1515 1516
0.437 0.537 1517 1518
0.088 0.556 1519 1520
0.535 0.075 1521 1522
0.061 0.288 1523 1524
0.653 0.088 1525 1526
0.481 0.128 1527 1528
0.264 0.470 1529 1530
0.399 0.516 1531 1532
0.780 0.063 1533 1534
0.368 0.574 1535 1536
0.527 0.277 1537 1538
0.520 0.187 1539 1540
0.353 0.424 1541 1542
0.126 0.117 1543 1544
0.684 0.267 1545 1546
0.806 0.031 1547 1548
0.464 0.078 1549 1550
0.898 0.028 1551 1552
0.959 0.036 1553 1554
0.431 0.063 1555 1556
0.742 0.024 1557 1558
0.029 0.390 1559 1560
0.085 0.795 1561 1562
0.619 0.360 1563 1564
0.475 0.370 1565 1566
0.116 0.590 1567 1568
0.120 0.564 1569 1570
0.675 0.227 1571 1572
0.437 0.111 1573 1574
0.895 0.083 1575 1576
0.409 0.406 1577 1578
0.191 0.096 1579 1580
0.388 0.400 1581 1582
0.853 0.087 1583 1584
0.581 0.110 1585 1586
0.880 0.010 1587 1588
0.657 0.245 1589 1590
0.427 0.218 1591 1592
0.839 0.151 1593 1594
0.658 0.027 1595 1596
0.878 0.106 1597 1598
0.580 0.395 1599 1600
0.555 0.416 1601 1602
0.313 0.620 1603 1604
0.172 0.746 1605 1606
0.219 0.407 1607 1608
0.077 0.619 1609 1610
0.316 0.361 1611 1612
0.907 0.084 1613 1614
0.179 0.113 1615 1616
0.649 0.062 1617 1618
0.226 0.338 1619 1620
0.079 0.490 1621 1622
0.440 0.373 1623 1624
0.389 0.101 1625 1626
0.783 0.152 1627 1628
0.109 0.682 1629 1630
0.035 0.084 1631 1632
0.608 0.227 1633 1634
0.932 0.031 1635 1636
0.346 0.563 1637 1638
0.927 0.060 1639 1640
0.385 0.354 1641 1642
0.828 0.152 1643 1644
0.633 0.343 1645 1646
0.843 0.076 1647 1648
0.031 0.875 1649 1650
0.735 0.177 1651 1652
0.803 0.112 1653 1654
0.124 0.373 1655 1656
0.811 0.106 1657 1658
0.820 0.059 1659 1660
0.079 0.394 1661 1662
0.296 0.245 1663 1664
0.220 0.506 1665 1666
0.286 0.298 1667 1668
0.643 0.329 1669 1670
0.824 0.084 1671 1672
0.107 0.077 1673 1674
0.293 0.242 1675 1676
0.940 0.003 1677 1678
0.023 0.615 1679 1680
0.560 0.393 1681 1682
0.354 0.109 1683 1684
0.539 0.335 1685 1686
0.227 0.509 1687 1688
0.224 0.038 1689 1690
0.150 0.524 1691 1692
0.266 0.253 1693 1694
0.460 0.475 1695 1696
0.394 0.173 1697 1698
0.260 0.713 1699 1700
0.728 0.228 1701 1702
0.524 0.086 1703 1704
0.435 0.543 1705 1706
0.715 0.203 1707 1708
0.516 0.163 1709 1710
0.761 0.081 1711 1712
0.209 0.712 1713 1714
0.019 0.895 1715 1716
0.566 0.057 1717 1718
0.394 0.351 1719 1720
0.016 0.105 1721 1722
0.505 0.483 1723 1724
0.681 0.026 1725 1726
0.018 0.856 1727 1728
0.880 0.022 1729 1730
0.312 0.498 1731 1732
0.394 0.335 1733 1734
0.026 0.387 1735 1736
0.514 0.265 1737 1738
0.950 0.036 1739 1740
0.749 0.149 1741 1742
0.586 0.165 1743 1744
0.126 0.288 1745 1746
0.376 0.045 1747 1748
0.728 0.214 1749 1750
0.070 0.136 1751 1752
0.986 0.008 1753 1754
0.159 0.191 1755 1756
0.919 0.053 1757 1758
0.740 0.019 1759 1760
0.722 0.003 1761 1762
0.840 0.065 1763 1764
0.549 0.158 1765 1766
0.966 0.028 1767 1768
0.580 0.329 1769 1770
0.456 0.175 1771 1772
0.455 0.152 1773 1774
0.931 0.010 1775 1776
0.305 0.134 1777 1778
0.289 0.299 1779 1780
0.169 0.258 1781 1782
0.829 0.167 1783 1784
0.484 0.077 1785 1786
0.577 0.244 1787 1788
0.407 0.560 1789 1790
0.665 0.202 1791 1792
0.022 0.424 1793 1794
0.016 0.898 1795 1796
0.196 0.124 1797 1798
0.040 0.150 1799 1800
0.782 0.061 1801 1802
0.317 0.506 1803 1804
0.586 0.403 1805 1806
0.797 0.154 1807 1808
0.499 0.420 1809 1810
0.556 0.145 1811 1812
0.290 0.569 1813 1814
0.851 0.070 1815 1816
0.857 0.030 1817 1818
0.008 0.755 1819 1820
0.930 0.059 1821 1822
0.209 0.490 1823 1824
0.814 0.053 1825 1826
0.952 0.010 1827 1828
0.394 0.485 1829 1830
0.932 0.020 1831 1832
0.349 0.162 1833 1834
0.264 0.071 1835 1836
0.037 0.570 1837 1838
0.252 0.337 1839 1840
0.133 0.284 1841 1842
0.965 0.035 1843 1844
0.412 0.221 1845 1846
0.467 0.495 1847 1848
0.445 0.367 1849 1850
0.924 0.029 1851 1852
0.464 0.381 1853 1854
0.289 0.541 1855 1856
0.526 0.260 1857 1858
0.522 0.306 1859 1860
0.864 0.036 1861 1862
0.116 0.303 1863 1864
0.179 0.473 1865 1866
0.438 0.144 1867 1868
0.270 0.014 1869 1870
0.946 0.016 1871 1872
0.867 0.133 1873 1874
0.100 0.246 1875 1876
0.088 0.564 1877 1878
0.111 0.607 1879 1880
0.144 0.807 1881 1882
0.380 0.429 1883 1884
0.237 0.694 1885 1886
0.473 0.379 1887 1888
0.592 0.225 1889 1890
0.638 0.020 1891 1892
0.746 0.138 1893 1894
0.784 0.101 1895 1896
0.621 0.326 1897 1898
0.140 0.634 1899 1900
0.217 0.329 1901 1902
0.796 0.161 1903 1904
0.263 0.259 1905 1906
0.769 0.083 1907 1908
0.935 0.007 1909 1910
0.761 0.127 1911 1912
0.877 0.105 1913 1914
0.559 0.156 1915 1916
0.726 0.187 1917 1918
0.541 0.216 1919 1920
0.289 0.363 1921 1922
0.051 0.406 1923 1924
0.297 0.347 1925 1926
0.307 0.596 1927 1928
0.171 0.734 1929 1930
0.537 0.439 1931 1932
0.356 0.333 1933 1934
0.786 0.037 1935 1936
0.786 0.162 1937 1938
0.427 0.240 1939 1940
0.318 0.127 1941 1942
0.035 0.262 1943 1944
0.885 0.089 1945 1946
0.400 0.461 1947 1948
0.072 0.439 1949 1950
0.026 0.418 1951 1952
0.528 0.112 1953 1954
0.105 0.383 1955 1956
0.965 0.003 1957 1958
0.657 0.223 1959 1960
0.977 0.008 1961 1962
0.333 0.173 1963 1964
0.633 0.112 1965 1966
0.217 0.270 1967 1968
0.334 0.047 1969 1970
0.258 0.311 1971 1972
0.660 0.170 1973 1974
0.619 0.027 1975 1976
0.263 0.431 1977 1978
0.213 0.226 1979 1980
0.106 0.820 1981 1982
0.120 0.580 1983 1984
0.798 0.134 1985 1986
0.188 0.640 1987 1988
0.507 0.107 1989 1990
0.547 0.232 1991 1992
0.877 0.044 1993 1994
0.827 0.074 1995 1996
0.885 0.069 1997 1998
0.923 0.043 1999 2000
0.284 0.313 2001 2002
0.995 0.001 2003 2004
0.412 0.174 2005 2006
0.557 0.031 2007 2008
0.890 0.020 2009 2010
0.017 0.713 2011 2012
0.650 0.292 2013 2014
0.948 0.023 2015 2016
0.244 0.732 2017 2018
0.995 0.004 2019 2020
0.111 0.129 2021 2022
0.917 0.080 2023 2024
0.171 0.779 2025 2026
0.530 0.407 2027 2028
0.539 0.066 2029 2030
0.331 0.098 2031 2032
0.048 0.734 2033 2034
0.283 0.604 2035 2036
0.489 0.064 2037 2038
0.001 0.869 2039 2040
0.194 0.755 2041 2042
0.512 0.235 2043 2044
0.257 0.543 2045 2046
0.467 0.276 2047 2048
0.879 0.018 2049 2050
0.031 0.366 2051 2052
0.123 0.833 2053 2054
0.388 0.175 2055 2056
0.682 0.007 2057 2058
0.187 0.715 2059 2060
0.946 0.023 2061 2062
0.742 0.071 2063 2064
0.333 0.145 2065 2066
0.178 0.487 2067 2068
0.557 0.024 2069 2070
0.254 0.077 2071 2072
0.053 0.129 2073 2074
0.477 0.343 2075 2076
0.996 0.003 2077 2078
0.009 0.688 2079 2080
0.003 0.096 2081 2082
0.709 0.207 2083 2084
0.268 0.131 2085 2086
0.415 0.438 2087 2088
0.924 0.032 2089 2090
0.964 0.016 2091 2092
0.957 0.038 2093 2094
0.127 0.127 2095 2096
0.914 0.019 2097 2098
0.487 0.438 2099 2100
0.076 0.474 2101 2102
0.224 0.198 2103 2104
0.187 0.786 2105 2106
0.347 0.307 2107 2108
0.226 0.767 2109 2110
0.901 0.007 2111 2112
0.543 0.342 2113 2114
0.267 0.267 2115 2116
0.295 0.285 2117 2118
0.213 0.452 2119 2120
0.334 0.257 2121 2122
0.974 0.025 2123 2124
0.401 0.501 2125 2126
0.709 0.238 2127 2128
0.541 0.179 2129 2130
0.006 0.102 2131 2132
0.956 0.018 2133 2134
0.089 0.675 2135 2136
0.045 0.708 2137 2138
0.971 0.008 2139 2140
0.819 0.134 2141 2142
0.635 0.285 2143 2144
0.245 0.517 2145 2146
0.557 0.338 2147 2148
0.047 0.133 2149 2150
0.089 0.607 2151 2152
0.059 0.229 2153 2154
0.917 0.047 2155 2156
0.121 0.599 2157 2158
0.752 0.099 2159 2160
0.983 0.009 2161 2162
0.113 0.481 2163 2164
0.141 0.757 2165 2166
0.152 0.511 2167 2168
0.783 0.036 2169 2170
0.135 0.788 2171 2172
0.436 0.231 2173 2174
0.290 0.206 2175 2176
0.316 0.421 2177 2178
0.709 0.102 2179 2180
0.082 0.812 2181 2182
0.926 0.036 2183 2184
0.504 0.083 2185 2186
0.814 0.116 2187 2188
0.059 0.361 2189 2190
0.517 0.097 2191 2192
0.440 0.337 2193 2194
0.695 0.071 2195 2196
0.195 0.295 2197 2198
0.672 0.310 2199 2200
0.983 0.010 2201 2202
0.713 0.283 2203 2204
0.250 0.564 2205 2206
0.656 0.308 2207 2208
0.300 0.698 2209 2210
0.302 0.579 2211 2212
0.217 0.312 2213 2214
0.437 0.507 2215 2216
0.579 0.151 2217 2218
0.827 0.100 2219 2220
0.930 0.035 2221 2222
0.010 0.312 2223 2224
0.914 0.056 2225 2226
0.235 0.249 2227 2228
0.184 0.065 2229 2230
0.797 0.044 2231 2232
0.558 0.136 2233 2234
0.291 0.535 2235 2236
0.141 0.192 2237 2238
0.041 0.109 2239 2240
0.051 0.306 2241 2242
0.138 0.307 2243 2244
0.341 0.149 2245 2246
0.622 0.299 2247 2248
0.494 0.373 2249 2250
0.421 0.383 2251 2252
0.495 0.032 2253 2254
0.631 0.096 2255 2256
0.131 0.612 2257 2258
0.304 0.226 2259 2260
0.610 0.183 2261 2262
0.717 0.182 2263 2264
0.015 0.002 2265 2266
0.362 0.151 2267 2268
0.962 0.014 2269 2270
0.408 0.449 2271 2272
0.375 0.076 2273 2274
0.789 0.181 2275 2276
0.043 0.394 2277 2278
0.809 0.005 2279 2280
0.381 0.166 2281 2282
0.228 0.553 2283 2284
0.452 0.129 2285 2286
0.489 0.208 2287 2288
0.028 0.176 2289 2290
0.613 0.365 2291 2292
0.098 0.678 2293 2294
0.859 0.109 2295 2296
0.207 0.508 2297 2298
0.755 0.004 2299 2300
0.032 0.282 2301 2302
0.290 0.334 2303 2304
0.813 0.119 2305 2306
0.278 0.649 2307 2308
0.544 0.178 2309 2310
0.082 0.066 2311 2312
0.595 0.345 2313 2314
0.949 0.043 2315 2316
0.042 0.171 2317 2318
0.726 0.219 2319 2320
0.481 0.371 2321 2322
0.668 0.075 2323 2324
0.120 0.204 2325 2326
0.055 0.936 2327 2328
0.917 0.068 2329 2330
0.859 0.050 2331 2332
0.769 0.093 2333 2334
0.727 0.004 2335 2336
0.507 0.295 2337 2338
0.576 0.182 2339 2340
0.432 0.099 2341 2342
0.062 0.538 2343 2344
0.526 0.453 2345 2346
0.228 0.054 2347 2348
0.952 0.003 2349 2350
0.245 0.519 2351 2352
0.628 0.306 2353 2354
0.587 0.039 2355 2356
0.893 0.041 2357 2358
0.876 0.101 2359 2360
0.766 0.027 2361 2362
0.318 0.064 2363 2364
0.079 0.724 2365 2366
0.738 0.130 2367 2368
0.133 0.812 2369 2370
0.875 0.094 2371 2372
0.643 0.080 2373 2374
0.634 0.284 2375 2376
0.272 0.593 2377 2378
0.004 0.327 2379 2380
0.742 0.151 2381 2382
0.683 0.187 2383 2384
0.979 0.003 2385 2386
0.143 0.373 2387 2388
0.005 0.116 2389 2390
0.390 0.268 2391 2392
0.260 0.186 2393 2394
0.652 0.113 2395 2396
0.086 0.816 2397 2398
0.638 0.018 2399 2400
0.257 0.665 2401 2402
0.175 0.637 2403 2404
0.094 0.091 2405 2406
0.383 0.430 2407 2408
0.457 0.436 2409 2410
0.260 0.037 2411 2412
0.960 0.024 2413 2414
0.801 0.027 2415 2416
0.610 0.040 2417 2418
0.918 0.013 2419 2420
0.800 0.014 2421 2422
0.413 0.214 2423 2424
0.943 0.050 2425 2426
0.735 0.017 2427 2428
0.550 0.308 2429 2430
0.967 0.028 2431 2432
0.298 0.107 2433 2434
0.055 0.396 2435 2436
0.291 0.700 2437 2438
0.357 0.061 2439 2440
0.823 0.030 2441 2442
0.604 0.348 2443 2444
0.594 0.306 2445 2446
0.103 0.675 2447 2448
0.030 0.785 2449 2450
0.396 0.482 2451 2452
0.502 0.019 2453 2454
0.528 0.410 2455 2456
0.411 0.508 2457 2458
0.224 0.499 2459 2460
0.298 0.653 2461 2462
0.419 0.439 2463 2464
0.487 0.143 2465 2466
0.474 0.326 2467 2468
0.981 0.018 2469 2470
0.041 0.333 2471 2472
0.635 0.251 2473 2474
0.664 0.233 2475 2476
0.659 0.012 2477 2478
0.247 0.473 2479 2480
0.745 0.051 2481 2482
0.463 0.076 2483 2484
0.336 0.581 2485 2486
0.160 0.251 2487 2488
0.369 0.267 2489 2490
0.942 0.038 2491 2492
0.266 0.400 2493 2494
0.941 0.043 2495 2496
0.021 0.695 2497 2498
0.425 0.551 2499 2500
0.849 0.003 2501 2502
0.173 0.332 2503 2504
0.471 0.469 2505 2506
0.857 0.121 2507 2508
0.021 0.906 2509 2510
0.910 0.064 2511 2512
0.211 0.668 2513 2514
0.254 0.012 2515 2516
0.541 0.002 2517 2518
0.962 0.027 2519 2520
0.214 0.577 2521 2522
0.576 0.339 2523 2524
0.572 0.016 2525 2526
0.070 0.807 2527 2528
0.510 0.154 2529 2530
0.777 0.178 2531 2532
0.508 0.465 2533 2534
0.391 0.134 2535 2536
0.143 0.516 2537 2538
0.122 0.849 2539 2540
0.442 0.070 2541 2542
0.247 0.214 2543 2544
0.555 0.108 2545 2546
0.221 0.258 2547 2548
0.649 0.159 2549 2550
0.469 0.502 2551 2552
0.866 0.064 2553 2554
0.464 0.416 2555 2556
0.209 0.610 2557 2558
0.978 0.022 2559 2560
0.367 0.187 2561 2562
0.915 0.018 2563 2564
0.776 0.183 2565 2566
0.311 0.664 2567 2568
0.429 0.373 2569 2570
0.401 0.213 2571 2572
0.547 0.360 2573 2574
0.048 0.693 2575 2576
0.148 0.641 2577 2578
0.751 0.015 2579 2580
0.202 0.170 2581 2582
0.157 0.530 2583 2584
0.073 0.371 2585 2586
0.809 0.115 2587 2588
0.486 0.206 2589 2590
0.866 0.075 2591 2592
0.567 0.007 2593 2594
0.034 0.053 2595 2596
0.770 0.061 2597 2598
0.095 0.681 2599 2600
0.568 0.088 2601 2602
0.158 0.785 2603 2604
0.565 0.028 2605 2606
0.563 0.253 2607 2608
0.297 0.614 2609 2610
0.488 0.257 2611 2612
0.731 0.129 2613 2614
0.646 0.107 2615 2616
0.568 0.223 2617 2618
0.888 0.081 2619 2620
0.272 0.728 2621 2622
0.790 0.025 2623 2624
0.868 0.128 2625 2626
0.309 0.496 2627 2628
0.988 0.011 2629 2630
0.021 0.199 2631 2632
0.335 0.030 2633 2634
0.942 0.054 2635 2636
0.182 0.188 2637 2638
0.505 0.306 2639 2640
0.025 0.423 2641 2642
0.198 0.547 2643 2644
0.060 0.376 2645 2646
0.266 0.203 2647 2648
0.821 0.070 2649 2650
0.428 0.314 2651 2652
0.935 0.003 2653 2654
0.415 0.421 2655 2656
0.669 0.056 2657 2658
0.765 0.191 2659 2660
0.130 0.136 2661 2662
0.763 0.196 2663 2664
0.601 0.284 2665 2666
0.458 0.128 2667 2668
0.954 0.006 2669 2670
0.286 0.294 2671 2672
0.886 0.080 2673 2674
0.451 0.359 2675 2676
0.521 0.046 2677 2678
0.951 0.008 2679 2680
0.975 0.014 2681 2682
0.652 0.266 2683 2684
0.553 0.053 2685 2686
0.071 0.127 2687 2688
0.637 0.020 2689 2690
0.807 0.162 2691 2692
0.464 0.240 2693 2694
0.379 0.007 2695 2696
0.114 0.322 2697 2698
0.743 0.140 2699 2700
0.128 0.287 2701 2702
0.711 0.168 2703 2704
0.728 0.048 2705 2706
0.586 0.141 2707 2708
0.618 0.128 2709 2710
0.080 0.788 2711 2712
0.179 0.715 2713 2714
0.465 0.004 2715 2716
0.801 0.135 2717 2718
0.986 0.009 2719 2720
0.375 0.308 2721 2722
0.789 0.109 2723 2724
0.559 0.171 2725 2726
0.347 0.142 2727 2728
0.807 0.042 2729 2730
0.276 0.671 2731 2732
0.769 0.150 2733 2734
0.517 0.165 2735 2736
0.823 0.069 2737 2738
0.559 0.021 2739 2740
0.456 0.312 2741 2742
0.628 0.134 2743 2744
0.008 0.904 2745 2746
0.669 0.101 2747 2748
0.251 0.272 2749 2750
0.696 0.072 2751 2752
0.912 0.048 2753 2754
0.114 0.391 2755 2756
0.586 0.075 2757 2758
0.716 0.263 2759 2760
0.241 0.103 2761 2762
0.916 0.046 2763 2764
0.221 0.545 2765 2766
0.686 0.055 2767 2768
0.164 0.143 2769 2770
0.655 0.204 2771 2772
0.757 0.116 2773 2774
0.749 0.028 2775 2776
0.097 0.109 2777 2778
0.366 0.358 2779 2780
0.376 0.468 2781 2782
0.051 0.649 2783 2784
0.853 0.098 2785 2786
0.479 0.393 2787 2788
0.126 0.793 2789 2790
0.601 0.100 2791 2792
0.044 0.283 2793 2794
0.143 0.026 2795 2796
0.966 0.017 2797 2798
0.398 0.596 2799 2800
0.946 0.031 2801 2802
0.755 0.175 2803 2804
0.766 0.055 2805 2806
0.309 0.617 2807 2808
0.338 0.479 2809 2810
0.829 0.054 2811 2812
0.152 0.468 2813 2814
0.748 0.002 2815 2816
0.455 0.439 2817 2818
0.692 0.299 2819 2820
0.461 0.230 2821 2822
0.016 0.329 2823 2824
0.469 0.232 2825 2826
0.165 0.210 2827 2828
0.838 0.064 2829 2830
0.419 0.497 2831 2832
0.604 0.393 2833 2834
0.239 0.424 2835 2836
0.436 0.115 2837 2838
0.314 0.640 2839 2840
0.620 0.199 2841 2842
0.542 0.071 2843 2844
0.519 0.108 2845 2846
0.183 0.643 2847 2848
0.939 0.030 2849 2850
0.400 0.490 2851 2852
0.749 0.084 2853 2854
0.727 0.185 2855 2856
0.001 0.176 2857 2858
0.339 0.445 2859 2860
0.659 0.239 2861 2862
0.001 0.263 2863 2864
0.864 0.029 2865 2866
0.454 0.460 2867 2868
0.703 0.281 2869 2870
0.558 0.282 2871 2872
0.013 0.160 2873 2874
0.074 0.493 2875 2876
0.414 0.108 2877 2878
0.106 0.845 2879 2880
0.437 0.162 2881 2882
0.969 0.009 2883 2884
0.253 0.076 2885 2886
0.324 0.530 2887 2888
0.086 0.457 2889 2890
0.918 0.065 2891 2892
0.234 0.670 2893 2894
0.849 0.071 2895 2896
0.387 0.032 2897 2898
0.048 0.240 2899 2900
0.493 0.335 2901 2902
0.567 0.214 2903 2904
0.991 0.009 2905 2906
0.649 0.089 2907 2908
0.310 0.409 2909 2910
0.194 0.769 2911 2912
0.041 0.894 2913 2914
0.722 0.052 2915 2916
0.394 0.428 2917 2918
0.376 0.335 2919 2920
0.642 0.245 2921 2922
0.439 0.180 2923 2924
0.901 0.025 2925 2926
0.641 0.058 2927 2928
0.490 0.089 2929 2930
0.115 0.743 2931 2932
0.675 0.093 2933 2934
0.707 0.166 2935 2936
0.605 0.011 2937 2938
0.674 0.250 2939 2940
0.769 0.071 2941 2942
0.980 0.013 2943 2944
0.674 0.104 2945 2946
0.024 0.853 2947 2948
0.132 0.178 2949 2950
0.986 0.012 2951 2952
0.202 0.168 2953 2954
0.749 0.064 2955 2956
0.438 0.428 2957 2958
0.156 0.781 2959 2960
0.913 0.065 2961 2962
0.395 0.495 2963 2964
0.075 0.414 2965 2966
0.390 0.279 2967 2968
0.630 0.072 2969 2970
0.864 0.039 2971 2972
0.485 0.506 2973 2974
0.116 0.010 2975 2976
0.295 0.312 2977 2978
0.881 0.062 2979 2980
0.208 0.592 2981 2982
0.030 0.303 2983 2984
0.906 0.015 2985 2986
0.384 0.288 2987 2988
0.182 0.301 2989 2990
0.234 0.103 2991 2992
0.215 0.292 2993 2994
0.915 0.030 2995 2996
0.221 0.329 2997 2998
0.806 0.085 2999 3000
0.017 0.080 3001 3002
0.969 0.003 3003 3004
0.739 0.030 3005 3006
0.188 0.258 3007 3008
0.968 0.017 3009 3010
0.399 0.104 3011 3012
0.108 0.053 3013 3014
0.497 0.037 3015 3016
0.487 0.219 3017 3018
0.108 0.200 3019 3020
0.511 0.415 3021 3022
0.306 0.142 3023 3024
0.617 0.050 3025 3026
0.283 0.695 3027 3028
0.767 0.222 3029 3030
0.825 0.125 3031 3032
0.543 0.125 3033 3034
0.694 0.201 3035 3036
0.253 0.702 3037 3038
0.330 0.410 3039 3040
0.141 0.472 3041 3042
0.134 0.225 3043 3044
0.060 0.440 3045 3046
0.519 0.416 3047 3048
0.110 0.603 3049 3050
0.192 0.271 3051 3052
0.838 0.013 3053 3054
0.018 0.084 3055 3056
0.932 0.020 3057 3058
0.932 0.003 3059 3060
0.808 0.130 3061 3062
0.803 0.141 3063 3064
0.792 0.019 3065 3066
0.361 0.429 3067 3068
0.355 0.232 3069 3070
0.946 0.008 3071 3072
0.780 0.203 3073 3074
0.175 0.811 3075 3076
0.064 0.537 3077 3078
0.362 0.560 3079 3080
0.496 0.504 3081 3082
0.288 0.112 3083 3084
0.575 0.245 3085 3086
0.149 0.703 3087 3088
0.187 0.382 3089 3090
0.557 0.382 3091 3092
0.220 0.421 3093 3094
0.398 0.532 3095 3096
0.202 0.391 3097 3098
0.631 0.281 3099 3100
0.129 0.081 3101 3102
0.530 0.199 3103 3104
0.507 0.289 3105 3106
0.140 0.218 3107 3108
0.796 0.068 3109 3110
0.741 0.038 3111 3112
0.138 0.461 3113 3114
0.167 0.656 3115 3116
0.846 0.010 3117 3118
0.246 0.670 3119 3120
0.634 0.353 3121 3122
0.875 0.011 3123 3124
0.959 0.016 3125 3126
0.531 0.267 3127 3128
0.832 0.100 3129 3130
0.080 0.422 3131 3132
0.292 0.432 3133 3134
0.171 0.219 3135 3136
0.566 0.031 3137 3138
0.043 0.535 3139 3140
0.331 0.290 3141 3142
0.351 0.179 3143 3144
0.650 0.312 3145 3146
0.179 0.543 3147 3148
0.692 0.071 3149 3150
0.332 0.030 3151 3152
0.924 0.042 3153 3154
0.065 0.053 3155 3156
0.183 0.020 3157 3158
0.780 0.107 3159 3160
0.286 0.492 3161 3162
0.266 0.690 3163 3164
0.958 0.031 3165 3166
0.062 0.696 3167 3168
0.040 0.281 3169 3170
0.880 0.030 3171 3172
0.075 0.448 3173 3174
0.072 0.684 3175 3176
0.270 0.562 3177 3178
0.638 0.112 3179 3180
0.917 0.057 3181 3182
0.613 0.038 3183 3184
0.510 0.041 3185 3186
0.930 0.049 3187 3188
0.171 0.089 3189 3190
0.093 0.381 3191 3192
0.581 0.334 3193 3194
0.408 0.172 3195 3196
0.882 0.100 3197 3198
0.294 0.700 3199 3200
0.175 0.566 3201 3202
0.181 0.030 3203 3204
0.012 0.456 3205 3206
0.678 0.312 3207 3208
0.491 0.387 3209 3210
0.830 0.169 3211 3212
0.180 0.348 3213 3214
0.780 0.018 3215 3216
0.581 0.329 3217 3218
0.309 0.034 3219 3220
0.878 0.045 3221 3222
0.599 0.221 3223 3224
0.176 0.141 3225 3226
0.228 0.542 3227 3228
0.477 0.520 3229 3230
0.287 0.029 3231 3232
0.172 0.697 3233 3234
0.921 0.072 3235 3236
0.362 0.027 3237 3238
0.531 0.089 3239 3240
0.466 0.512 3241 3242
0.195 0.237 3243 3244
0.720 0.170 3245 3246
0.267 0.623 3247 3248
0.200 0.375 3249 3250
0.198 0.228 3251 3252
0.303 0.126 3253 3254
0.495 0.088 3255 3256
0.059 0.064 3257 3258
0.177 0.325 3259 3260
0.077 0.580 3261 3262
0.974 0.004 3263 3264
0.453 0.189 3265 3266
0.572 0.163 3267 3268
0.343 0.358 3269 3270
0.791 0.085 3271 3272
0.566 0.402 3273 3274
0.322 0.439 3275 3276
0.447 0.025 3277 3278
0.458 0.368 3279 3280
0.122 0.743 3281 3282
0.424 0.365 3283 3284
0.545 0.381 3285 3286
0.130 0.299 3287 3288
0.995 0.002 3289 3290
0.751 0.151 3291 3292
0.243 0.019 3293 3294
0.640 0.262 3295 3296
0.080 0.169 3297 3298
0.780 0.021 3299 3300
0.050 0.425 3301 3302
0.951 0.005 3303 3304
0.767 0.031 3305 3306
0.211 0.529 3307 3308
0.673 0.185 3309 3310
0.171 0.599 3311 3312
0.715 0.050 3313 3314
0.126 0.035 3315 3316
0.058 0.153 3317 3318
0.455 0.222 3319 3320
0.628 0.034 3321 3322
0.042 0.070 3323 3324
0.682 0.314 3325 3326
0.572 0.273 3327 3328
0.350 0.061 3329 3330
0.139 0.206 3331 3332
0.773 0.053 3333 3334
0.103 0.775 3335 3336
0.700 0.186 3337 3338
0.592 0.391 3339 3340
0.474 0.259 3341 3342
0.778 0.033 3343 3344
0.589 0.092 3345 3346
0.295 0.601 3347 3348
0.722 0.167 3349 3350
0.814 0.183 3351 3352
0.042 0.447 3353 3354
0.154 0.081 3355 3356
0.454 0.338 3357 3358
0.839 0.019 3359 3360
0.931 0.014 3361 3362
0.736 0.069 3363 3364
0.690 0.093 3365 3366
0.152 0.167 3367 3368
0.125 0.325 3369 3370
0.150 0.542 3371 3372
0.363 0.300 3373 3374
0.173 0.024 3375 3376
0.841 0.035 3377 3378
0.907 0.020 3379 3380
0.598 0.101 3381 3382
0.758 0.113 3383 3384
0.996 0.002 3385 3386
0.331 0.096 3387 3388
0.579 0.020 3389 3390
0.044 0.461 3391 3392
0.596 0.174 3393 3394
0.449 0.039 3395 3396
0.302 0.255 3397 3398
0.696 0.292 3399 3400
0.700 0.229 3401 3402
0.665 0.011 3403 3404
0.266 0.704 3405 3406
0.434 0.187 3407 3408
0.950 0.008 3409 3410
0.281 0.297 3411 3412
0.363 0.316 3413 3414
0.304 0.002 3415 3416
0.505 0.029 3417 3418
0.953 0.043 3419 3420
0.748 0.156 3421 3422
0.989 0.009 3423 3424
0.547 0.215 3425 3426
0.653 0.165 3427 3428
0.406 0.189 3429 3430
0.712 0.262 3431 3432
0.016 0.076 3433 3434
0.665 0.047 3435 3436
0.280 0.034 3437 3438
0.789 0.094 3439 3440
0.516 0.050 3441 3442
0.887 0.039 3443 3444
0.046 0.693 3445 3446
0.280 0.711 3447 3448
0.525 0.047 3449 3450
0.890 0.054 3451 3452
0.672 0.306 3453 3454
0.106 0.739 3455 3456
0.957 0.002 3457 3458
0.542 0.300 3459 3460
0.401 0.486 3461 3462
0.990 0.001 3463 3464
0.882 0.060 3465 3466
0.917 0.004 3467 3468
0.978 0.014 3469 3470
0.509 0.441 3471 3472
0.522 0.072 3473 3474
0.880 0.087 3475 3476
0.502 0.160 3477 3478
0.572 0.157 3479 3480
0.315 0.268 3481 3482
0.993 0.002 3483 3484
0.267 0.501 3485 3486
0.943 0.019 3487 3488
0.042 0.791 3489 3490
0.746 0.237 3491 3492
0.822 0.027 3493 3494
0.127 0.593 3495 3496
0.176 0.541 3497 3498
0.461 0.366 3499 3500
0.298 0.668 3501 3502
0.084 0.343 3503 3504
0.260 0.445 3505 3506
0.862 0.015 3507 3508
0.818 0.099 3509 3510
0.155 0.030 3511 3512
0.935 0.035 3513 3514
0.445 0.403 3515 3516
0.285 0.439 3517 3518
0.234 0.196 3519 3520
0.742 0.217 3521 3522
0.691 0.187 3523 3524
0.862 0.049 3525 3526
0.101 0.303 3527 3528
0.030 0.695 3529 3530
0.316 0.397 3531 3532
0.624 0.072 3533 3534
0.771 0.221 3535 3536
0.003 0.478 3537 3538
0.952 0.038 3539 3540
0.480 0.058 3541 3542
0.880 0.090 3543 3544
0.798 0.011 3545 3546
0.021 0.227 3547 3548
0.895 0.090 3549 3550
0.572 0.066 3551 3552
0.881 0.041 3553 3554
0.597 0.295 3555 3556
0.625 0.345 3557 3558
0.714 0.195 3559 3560
0.234 0.540 3561 3562
0.707 0.118 3563 3564
0.873 0.075 3565 3566
0.316 0.270 3567 3568
0.378 0.518 3569 3570
0.998 0.002 3571 3572
0.384 0.242 3573 3574
0.193 0.574 3575 3576
0.093 0.631 3577 3578
0.657 0.287 3579 3580
0.869 0.014 3581 3582
0.095 0.287 3583 3584
0.790 0.169 3585 3586
0.358 0.321 3587 3588
0.527 0.219 3589 3590
0.260 0.728 3591 3592
0.600 0.294 3593 3594
0.141 0.372 3595 3596
0.123 0.460 3597 3598
0.261 0.667 3599 3600
0.886 0.080 3601 3602
0.683 0.191 3603 3604
0.586 0.002 3605 3606
0.293 0.254 3607 3608
0.232 0.228 3609 3610
0.914 0.036 3611 3612
0.936 0.064 3613 3614
0.873 0.090 3615 3616
0.944 0.042 3617 3618
0.339 0.349 3619 3620
0.853 0.059 3621 3622
0.024 0.414 3623 3624
0.003 0.961 3625 3626
0.471 0.326 3627 3628
0.520 0.164 3629 3630
0.998 0.001 3631 3632
0.581 0.397 3633 3634
0.535 0.456 3635 3636
0.264 0.397 3637 3638
0.456 0.255 3639 3640
0.526 0.182 3641 3642
0.346 0.153 3643 3644
0.408 0.399 3645 3646
0.796 0.176 3647 3648
0.215 0.378 3649 3650
0.534 0.340 3651 3652
0.861 0.005 3653 3654
0.699 0.283 3655 3656
0.554 0.026 3657 3658
0.249 0.293 3659 3660
0.455 0.078 3661 3662
0.077 0.397 3663 3664
0.135 0.167 3665 3666
0.195 0.140 3667 3668
0.755 0.182 3669 3670
0.109 0.610 3671 3672
0.832 0.082 3673 3674
0.069 0.537 3675 3676
0.720 0.046 3677 3678
0.053 0.703 3679 3680
0.394 0.207 3681 3682
0.363 0.442 3683 3684
0.488 0.287 3685 3686
0.663 0.239 3687 3688
0.950 0.043 3689 3690
0.884 0.103 3691 3692
0.753 0.058 3693 3694
0.224 0.470 3695 3696
0.566 0.284 3697 3698
0.860 0.064 3699 3700
0.679 0.145 3701 3702
0.477 0.442 3703 3704
0.530 0.389 3705 3706
0.452 0.062 3707 3708
0.602 0.292 3709 3710
0.792 0.118 3711 3712
0.103 0.463 3713 3714
0.296 0.007 3715 3716
0.353 0.121 3717 3718
0.139 0.571 3719 3720
0.545 0.337 3721 3722
0.209 0.527 3723 3724
0.777 0.054 3725 3726
0.690 0.221 3727 3728
0.084 0.051 3729 3730
0.456 0.284 3731 3732
0.866 0.118 3733 3734
0.656 0.147 3735 3736
0.481 0.373 3737 3738
0.919 0.049 3739 3740
0.886 0.044 3741 3742
0.889 0.105 3743 3744
0.424 0.339 3745 3746
0.600 0.042 3747 3748
0.559 0.220 3749 3750
0.551 0.111 3751 3752
0.451 0.054 3753 3754
0.585 0.303 3755 3756
0.805 0.118 3757 3758
0.484 0.123 3759 3760
0.131 0.048 3761 3762
0.490 0.365 3763 3764
0.576 0.033 3765 3766
0.709 0.096 3767 3768
0.169 0.285 3769 3770
0.393 0.010 3771 3772
0.424 0.438 3773 3774
0.038 0.744 3775 3776
0.278 0.098 3777 3778
0.894 0.100 3779 3780
0.159 0.146 3781 3782
0.877 0.039 3783 3784
0.911 0.002 3785 3786
0.609 0.342 3787 3788
0.113 0.027 3789 3790
0.870 0.106 3791 3792
0.490 0.452 3793 3794
0.198 0.691 3795 3796
0.556 0.374 3797 3798
0.602 0.005 3799 3800
0.731 0.091 3801 3802
0.577 0.097 3803 3804
0.719 0.232 3805 3806
0.022 0.379 3807 3808
0.944 0.027 3809 3810
0.212 0.138 3811 3812
0.503 0.257 3813 3814
0.572 0.213 3815 3816
0.674 0.293 3817 3818
0.870 0.011 3819 3820
0.395 0.400 3821 3822
0.306 0.174 3823 3824
0.352 0.280 3825 3826
0.679 0.179 3827 3828
0.341 0.284 3829 3830
0.381 0.603 3831 3832
0.024 0.187 3833 3834
0.406 0.139 3835 3836
0.993 0.002 3837 3838
0.486 0.135 3839 3840
0.865 0.021 3841 3842
0.430 0.476 3843 3844
0.914 0.079 3845 3846
0.604 0.280 3847 3848
0.687 0.241 3849 3850
0.385 0.589 3851 3852
0.320 0.114 3853 3854
0.457 0.123 3855 3856
0.326 0.167 3857 3858
0.830 0.048 3859 3860
0.455 0.390 3861 3862
0.173 0.352 3863 3864
0.923 0.044 3865 3866
0.751 0.239 3867 3868
0.296 0.106 3869 3870
0.081 0.648 3871 3872
0.162 0.532 3873 3874
0.482 0.042 3875 3876
0.382 0.037 3877 3878
0.019 0.866 3879 3880
0.380 0.076 3881 3882
0.307 0.115 3883 3884
0.031 0.577 3885 3886
0.986 0.007 3887 3888
0.004 0.429 3889 3890
0.951 0.010 3891 3892
0.549 0.198 3893 3894
0.470 0.023 3895 3896
0.760 0.099 3897 3898
0.700 0.061 3899 3900
0.595 0.108 3901 3902
0.508 0.127 3903 3904
0.143 0.196 3905 3906
0.660 0.261 3907 3908
0.214 0.583 3909 3910
0.656 0.132 3911 3912
0.922 0.015 3913 3914
0.888 0.043 3915 3916
0.758 0.167 3917 3918
0.320 0.638 3919 3920
0.034 0.616 3921 3922
0.772 0.049 3923 3924
0.832 0.029 3925 3926
0.754 0.239 3927 3928
0.576 0.365 3929 3930
0.479 0.436 3931 3932
0.983 0.017 3933 3934
0.777 0.065 3935 3936
0.674 0.037 3937 3938
0.226 0.759 3939 3940
0.580 0.078 3941 3942
0.310 0.039 3943 3944
0.787 0.057 3945 3946
0.562 0.067 3947 3948
0.431 0.020 3949 3950
0.077 0.188 3951 3952
0.088 0.112 3953 3954
0.202 0.119 3955 3956
0.461 0.524 3957 3958
0.565 0.315 3959 3960
0.344 0.402 3961 3962
0.389 0.545 3963 3964
0.837 0.135 3965 3966
0.613 0.289 3967 3968
0.395 0.097 3969 3970
0.062 0.304 3971 3972
0.359 0.067 3973 3974
0.040 0.519 3975 3976
0.402 0.498 3977 3978
0.268 0.178 3979 3980
0.771 0.040 3981 3982
0.732 0.017 3983 3984
0.031 0.437 3985 3986
0.091 0.335 3987 3988
0.248 0.738 3989 3990
0.601 0.066 3991 3992
0.244 0.575 3993 3994
0.938 0.011 3995 3996
0.205 0.318 3997 3998
0.369 0.460 3999 4000
0.165 0.051 4001 4002
0.165 0.173 4003 4004
0.217 0.767 4005 4006
0.527 0.266 4007 4008
0.278 0.221 4009 4010
0.179 0.123 4011 4012
0.704 0.226 4013 4014
0.764 0.205 4015 4016
0.364 0.101 4017 4018
0.857 0.119 4019 4020
0.387 0.250 4021 4022
0.090 0.057 4023 4024
0.283 0.691 4025 4026
0.241 0.470 4027 4028
0.657 0.004 4029 4030
0.019 0.788 4031 4032
0.979 0.010 4033 4034
0.558 0.128 4035 4036
0.862 0.081 4037 4038
0.436 0.469 4039 4040
0.801 0.032 4041 4042
0.153 0.285 4043 4044
0.702 0.123 4045 4046
0.826 0.127 4047 4048
0.970 0.011 4049 4050
0.546 0.313 4051 4052
0.641 0.281 4053 4054
0.357 0.025 4055 4056
0.175 0.097 4057 4058
0.907 0.024 4059 4060
0.228 0.161 4061 4062
0.653 0.163 4063 4064
0.189 0.524 4065 4066
0.906 0.026 4067 4068
0.515 0.389 4069 4070
0.477 0.159 4071 4072
0.047 0.616 4073 4074
0.932 0.048 4075 4076
0.701 0.241 4077 4078
0.636 0.351 4079 4080
0.831 0.141 4081 4082
0.663 0.159 4083 4084
0.945 0.053 4085 4086
0.619 0.029 4087 4088
0.759 0.168 4089 4090
0.844 0.077 4091 4092
0.633 0.268 4093 4094
