180 99 13
164 98 76 110 96 105 170 138 150 65 131 29 67 42 33 141 174 77 135 99 27 26 132 95 68 171 164 12 4 111 39 80 161 31 145 144 92 86 123 57 112 40 78 50 126 38 156 73 162 16 59 177 167 140 83 122 130 176 173 158 179 88 129 44 127 120 113 94 66 2 11 116 93 6 64 61 84 30 152 71 62 160 128 97 106 143 24 7 119 104 163 63 139 114 51 169 47 87 134 60 54 10 91 107 103 15 70 28 41 17 178 79 53 121 89 72 166 146 25 18 13 117 49 22 69 23 151 8 180 157 136 82 159 1 5 153 137 154 155 168 149 52 32 118 115 81 102 20 48 46 175 19 90 35 147 165 56 34 124 3 74 14 133 36 75
61 54 123 41 163 120 61 151 71 33 77 24 124 28 103 105 139 107 144 180 6 168 116 68 22 115 119 26 5 155 65 104 46 73 62 91 63 156 98 176 158 138 40 175 113 38 12 57 15 88 84 60 27 34 145 16 18 130 94 42 50 174
83 31 99 74 157 47 53 64 75 93 173 72 83 2 153 52 170 3 159 164 25 82 92 131 149 49 86 14 135 79 51 10 117 166 178 90 141 4 67 137 133 150 179 81 69 20 167 171 112 97 147 162 76 111 48 106 17 143 177 102 161 8 126 70 152 114 7 160 127 29 23 56 132 80 129 1 13 118 59 165 134 121 36 154
70 56 171 2 166 154 10 152 157 112 69 79 3 36 165 48 67 75 80 114 49 137 20 102 121 132 82 90 8 173 53 170 127 52 4 147 81 150 93 14 135 25 83 131 7 1 86 72 129 161 179 59 76 74 143 99 111 134 31 178 17 13 47 97 51 117 64 177 167 118 92
20 49 72 143 2 7 3 14 102 134 80 51 154 82 137 127 1 47 131 173 86
37 112 59 129 117 76 135 83 17 121 10 152 13 166 93 179 52 74 53 25 75 170 161 79 132 97 36 177 20 48 90 111 118 69 81 4 167 99
12 135 36 129 10 93 48 59 121 74 4 177 166
15 79 52 75 13 83 53 170 81 117 179 112 111 118 97 17
9 152 161 25 76 167 99 69 132 20
2 152 69
1 132
2 99 167
1 167
