200 4 9
146 176 72 11 109 159 40 114 80 76 63 126 77 200 113 8 29 28 198 110 12 163 14 79 94 143 61 27 35 128 92 154 67 66 84 71 60 65 107 22 112 30 101 197 56 181 182 7 171 187 122 180 32 125 135 20 1 174 115 78 173 156 74 88 140 37 34 18 188 148 33 70 193 39 120 91 117 149 175 2 83 15 87 157 136 151 85 93 10 6 103 45 38 177 43 57 146 170 119 169 4 46 96 51 133 17 158 13 106 167 59 55 104 75 179 23 58 186 195 137 160 142 184 24 9 138 191 190 105 162 124 116 166 44 53 89 102 48 54 147 5 139 42 118 3 49 21
69 186 75 170 57 142 200 190 117 67 177 173 171 20 37 116 197 158 107 188 10 3 48 175 74 169 12 54 55 58 8 162 53 101 93 113 191 106 148 45 18 139 42 76 133 4 195 103 110 109 43 179 115 104 181 143 122 160 39 85 166 46 187 118 66 29 83 147 70 138
64 200 139 138 118 160 169 53 113 179 45 46 93 109 106 103 37 117 67 18 162 42 133 39 4 55 115 197 186 75 54 148 191 122 66 76 57 147 43 20 173 170 158 177 29 12 48 187 175 3 8 58 190 116 104 181 195 107 110 101 74 188 70 83 85
27 115 113 76 160 162 109 93 66 177 133 181 18 118 195 110 170 43 70 190 191 54 67 46 3 138 139 48
15 58 29 107 55 186 116 101 75 85 20 106 74 83 57 200
11 39 187 169 8 188 103 173 175 37 117 42
5 12 179 147 148 122
1 197
1 4
