160 124 11
93 35 46 157 26 37 79 143 98 60 51 81 97 41 110 30 78 57 86 27 120 150 4 49 3 82 22 115 38 24 125 28 72 7 144 64 61 92 122 76 106 153 126 145 39 85 80 25 138 148 127 59 121 95 17 108 75 151 107 87 53 55 67 13 93 32 18 20 52 141 160 154 11 111 1 2 45 36 65 15 47 19 5 33 99 8 94 48 104 137 73 135 66 50
62 101 96 112 21 103 56 155 43 44 158 124 136 40 131 89 68 130 116 109 83 58 31 133 114 102 62 34 29 146 129 132 128 91 23 142 119 63 156 84 88 69 16 105 54 70 140 90 71 118 14 6 10 147 9 74 152 100 149 77 159 139 123
56 112 159 147 77 130 6 100 132 155 14 56 74 149 83 123 124 140 62 114 128 54 40 101 68 156 118 69 63 71 90 89 16 31 119 23 70 109 9 146 129 10 44 34 103 102 96 131 152 21 133 139 84 88 58 158 136
47 34 58 101 124 158 68 54 132 9 10 128 74 77 70 14 131 6 44 84 136 16 156 69 102 103 100 89 96 147 123 21 152 118 159 112 130 109 88 90 140 146 23 62 119 133 56 71
17 130 56 23 118 58 69 159 102 131 9 136 119 124 10 147 96 100
6 131 124 23 69 58 9
1 23
1 69
3 9 124 58
2 124 9
1 124
