100 51 99
99 12 45 84 15 76 21 3 2 32 33 61 87 27 53 13 14 96 50 19 86 68 9 5 31 95 44 81 17 88 75 29 38 64 48 43 85 63 94 16 72 39 62 34 54 56 1 93 70 59 90 36 99 41 67 80 46 42 51 57 6 23 83 100 78 35 25 74 47 55 4 10 7 40 8 73 79 77 82 24 28 92 58 98 91 52 22 11 71 97 49 37 60 26 18 66 89 65 30 69
98 68 15 13 99 88 98 36 49 32 57 87 31 63 69 23 92 1 5 64 42 46 43 71 18 83 60 2 22 29 100 67 82 45 41 93 6 48 44 52 86 9 75 10 84 8 94 7 96 30 73 91 34 89 62 78 27 65 33 56 25 55 11 74 16 38 53 61 35 12 47 26 90 50 17 95 70 76 59 40 81 77 21 3 58 39 97 14 54 79 66 51 85 24 19 72 28 4 80
97 63 21 88 58 15 60 80 78 55 31 49 50 25 68 81 99 70 34 17 65 14 24 6 4 40 66 36 7 82 12 38 18 16 29 75 77 26 44 62 64 76 3 33 46 91 52 100 41 43 92 86 51 2 73 27 83 42 9 79 96 90 5 19 93 95 39 8 71 69 32 61 22 57 47 87 28 84 97 98 10 74 59 85 94 35 53 1 56 89 11 48 45 54 13 72 67 23
96 87 76 96 94 83 49 86 45 36 17 10 44 71 31 19 4 55 58 32 39 99 67 51 21 74 3 12 60 82 5 63 62 77 46 70 27 11 26 16 47 14 52 38 91 35 40 34 7 1 56 65 59 81 50 8 93 73 9 88 69 95 2 18 68 29 97 78 64 89 42 22 15 57 84 61 23 80 75 28 6 33 43 90 66 53 41 54 72 25 85 98 24 13 92 79 100
95 24 61 87 77 98 1 21 70 57 86 49 51 76 97 6 73 52 79 33 41 12 55 27 32 28 29 88 96 10 93 62 74 38 17 9 71 16 94 85 34 72 83 43 11 82 100 69 64 25 8 99 68 18 35 36 56 66 5 60 23 78 84 46 44 4 39 63 75 19 92 95 22 59 31 67 45 42 65 47 2 90 80 54 50 40 7 53 89 81 91 13 58 15 3 14
94 80 94 7 50 64 44 39 100 28 79 97 10 9 27 69 24 77 43 45 34 87 92 62 91 49 42 6 72 14 88 21 38 8 85 61 56 75 71 66 83 19 13 90 3 99 11 78 81 58 1 33 47 70 63 31 2 86 51 96 5 84 65 95 23 54 36 67 55 82 15 16 22 68 60 76 18 40 25 52 46 17 35 73 32 12 98 4 53 29 41 59 57 74 89
93 69 98 68 85 24 95 61 88 71 28 52 91 39 8 67 43 51 5 75 14 21 87 53 9 41 66 3 45 13 16 63 4 27 92 96 2 18 42 32 1 97 84 55 33 60 44 22 36 15 65 80 49 31 58 82 99 73 64 57 46 50 11 62 100 40 89 7 86 70 77 83 81 94 35 59 12 90 74 19 56 6 23 72 10 25 54 79 47 78 34 38 76 29
92 100 4 59 14 61 66 79 25 78 73 28 8 36 89 75 24 74 86 50 46 58 92 31 96 97 13 18 7 84 52 87 56 21 38 77 39 99 83 63 53 43 32 49 65 94 16 29 19 35 64 90 71 98 54 22 95 9 27 33 40 3 69 42 62 23 51 11 68 45 44 88 2 47 5 70 41 34 76 82 81 57 12 10 1 80 55 91 15 67 6 60 85
91 88 16 2 13 53 65 80 95 52 78 87 90 69 7 63 94 27 97 77 39 36 1 51 59 29 81 61 56 89 33 40 46 4 85 45 68 64 22 74 96 91 71 49 19 21 50 11 44 25 83 15 67 75 57 79 24 98 6 43 38 23 58 55 41 28 35 18 99 86 34 60 47 100 54 8 84 92 70 66 42 62 82 3 31 14 5 32 76 9 73 12
90 32 45 95 23 43 97 25 21 8 71 77 4 67 62 65 2 29 98 92 74 18 49 90 31 59 24 85 44 76 83 13 40 54 15 100 63 69 41 53 60 84 88 11 99 28 96 34 55 81 19 64 91 6 50 1 5 87 70 38 7 46 75 89 22 78 56 16 66 35 82 14 27 58 12 79 80 94 39 3 73 51 52 36 42 47 57 86 9 68 33
89 29 8 42 16 96 84 88 57 80 4 19 35 100 52 2 68 53 79 9 45 70 12 92 94 56 75 55 1 15 11 6 54 50 66 40 78 44 41 67 49 98 23 22 33 91 99 34 59 77 86 21 76 58 74 81 83 73 82 18 95 89 47 27 36 64 46 13 87 85 65 51 43 25 14 60 28 7 31 39 90 3 24 71 5 38 32 69 97 63
88 33 46 35 12 1 78 94 52 54 32 63 83 44 11 76 6 38 14 4 96 29 55 80 74 40 67 98 73 89 90 70 27 97 8 56 87 86 41 23 47 34 43 100 85 68 65 18 45 92 99 9 19 66 81 39 15 7 51 82 22 42 71 59 53 84 21 13 95 60 69 49 64 77 3 79 58 75 50 25 5 31 16 28 2 88 57 24 36
87 84 38 85 87 68 53 81 95 69 2 88 96 99 71 51 22 89 63 56 70 34 78 80 23 49 94 60 44 67 33 14 35 82 55 3 39 98 36 15 57 24 50 46 28 1 52 92 18 73 54 6 12 32 16 11 29 42 8 65 75 77 41 25 4 27 100 59 74 13 64 66 47 58 31 40 45 86 21 97 7 19 83 9 90 5 79 43
86 1 90 92 14 11 22 68 9 39 67 84 80 27 73 24 74 23 16 34 41 97 77 49 79 69 100 85 21 89 45 99 60 43 53 81 55 40 66 57 18 56 31 50 47 13 75 86 28 88 19 29 58 59 96 35 52 3 25 12 94 65 98 82 63 5 87 54 32 46 95 7 64 44 51 42 70 2 36 38 83 8 6 71 15 78 33
85 32 39 96 89 35 65 15 42 28 77 24 51 25 60 95 53 63 88 98 16 8 59 73 52 12 41 14 97 78 9 64 44 66 80 99 49 74 84 46 90 33 57 13 68 81 92 86 70 6 54 7 2 31 29 22 5 43 19 82 100 71 21 23 75 18 36 58 87 94 1 38 67 55 45 3 11 47 83 85 69 34 79 56 27 50
84 29 84 23 42 47 63 79 8 39 97 46 5 51 60 89 71 88 15 6 31 66 54 36 11 27 100 43 38 50 55 57 2 77 92 98 86 82 68 67 65 9 85 24 64 22 59 69 80 41 1 73 49 83 7 56 78 25 90 3 18 53 33 16 96 95 94 74 75 35 32 87 70 21 81 99 44 52 14 12 13 19 45 28 58
83 90 21 47 68 81 96 27 28 87 11 75 8 44 45 57 83 55 25 66 94 33 51 18 54 52 38 98 78 12 29 2 84 59 41 7 69 19 3 42 65 85 97 89 73 13 88 43 5 24 14 32 56 53 49 71 80 74 70 1 67 58 86 100 31 22 46 92 36 99 79 16 6 15 23 50 95 82 77 35 60 63 39 9
82 14 50 94 24 77 47 71 7 60 54 11 31 70 79 84 19 1 78 42 90 98 81 8 51 45 57 6 35 22 59 38 32 3 99 53 16 63 46 86 96 15 74 56 75 83 9 12 82 29 73 95 13 5 58 28 36 97 69 41 85 18 2 67 89 44 68 92 27 25 39 33 49 100 66 65 80 21 43 55 87 52 88
81 71 94 22 38 47 66 77 88 51 52 44 96 27 85 19 84 14 29 42 35 43 70 49 78 75 39 1 95 3 82 32 31 90 87 50 67 55 58 63 68 41 80 56 5 89 24 99 65 83 36 25 45 100 86 33 12 46 28 53 54 7 98 79 57 74 69 6 2 15 73 21 16 9 8 60 92 13 59 81 18 11
80 87 71 85 52 54 95 45 22 36 92 31 19 12 14 99 84 82 90 13 6 60 29 11 57 100 38 80 68 21 94 41 78 43 27 59 32 79 9 75 53 3 83 39 51 58 7 28 86 74 50 49 66 33 70 1 5 88 46 42 63 16 55 8 69 77 67 56 96 65 98 25 2 89 18 47 35 81 73 44 24
79 82 84 16 63 85 25 79 27 19 7 98 54 14 13 12 31 29 44 11 46 56 95 6 47 69 78 38 5 71 2 28 35 58 80 100 81 99 33 8 45 59 21 3 49 86 50 53 75 24 55 74 36 68 83 1 57 77 52 89 32 90 18 22 51 43 65 42 39 88 73 94 96 9 67 92 66 70 41 60
78 79 27 75 66 68 45 63 44 86 69 59 6 52 90 29 9 32 84 57 38 18 58 55 85 16 3 53 28 41 96 5 33 73 88 21 35 14 8 70 36 82 77 13 12 83 74 99 25 71 89 51 7 67 11 54 78 50 2 39 1 95 65 42 24 47 100 60 19 56 92 81 49 46 98 43 31 80 94
77 80 84 59 5 38 79 8 88 55 99 85 16 68 69 32 71 45 35 12 53 29 27 75 96 98 63 43 58 100 89 13 1 2 25 51 46 67 94 14 6 81 47 77 36 70 73 86 41 78 60 57 50 52 56 24 82 39 42 66 11 21 33 9 18 92 65 95 7 49 90 28 83 3 44 31 54 19
76 85 54 2 70 67 82 57 3 43 53 69 81 52 95 12 47 73 100 83 88 49 89 38 16 90 24 35 84 77 94 80 50 60 63 79 8 6 39 66 28 29 41 71 14 86 46 31 27 45 7 59 42 78 18 5 9 25 19 55 44 65 1 13 56 92 75 99 33 11 21 58 68 36 98 32 51
75 18 29 12 33 46 68 63 67 90 14 54 51 52 80 83 82 94 81 53 24 79 44 88 75 16 89 42 8 55 6 77 21 38 73 100 92 59 36 85 58 1 27 49 78 25 65 5 60 9 2 50 41 7 71 43 45 70 11 56 99 3 19 57 84 86 66 35 28 69 39 98 47 31 13 32
74 73 44 7 43 29 9 46 86 100 35 99 36 41 47 63 94 60 84 16 39 18 14 98 42 65 53 31 28 82 58 85 33 80 68 83 19 92 79 8 52 78 27 77 38 11 71 59 6 69 12 67 21 3 89 90 88 49 24 51 81 66 70 75 5 55 32 54 45 56 2 57 1 25 50
73 2 71 7 92 27 41 81 82 12 28 88 46 19 90 18 51 11 31 1 39 85 73 36 59 47 29 25 38 14 79 53 6 69 49 54 58 78 8 99 50 100 63 52 70 33 83 32 42 9 98 94 21 24 57 43 3 60 86 16 5 56 68 35 80 44 66 55 84 77 45 67 65 75
72 6 35 9 2 84 5 27 81 57 33 68 70 16 18 67 45 99 83 73 14 49 25 39 41 28 88 94 98 43 52 11 51 78 1 85 69 53 46 63 12 77 50 7 44 29 92 32 75 80 65 71 21 66 55 79 24 38 36 56 31 19 42 86 47 3 54 82 60 100 90 8 59
71 31 51 75 21 8 5 16 60 32 67 46 55 54 77 18 14 2 86 52 78 98 11 9 44 25 80 19 82 100 1 68 50 27 36 3 88 42 94 83 66 33 79 57 29 84 92 53 73 56 43 70 49 47 99 63 59 45 39 81 12 65 24 6 69 41 71 35 28 7 38 90
70 39 75 57 1 66 71 70 11 67 63 50 65 46 82 49 80 2 41 77 98 35 16 25 21 81 60 7 55 44 8 33 47 53 59 92 86 24 38 9 19 79 12 3 5 31 69 6 27 100 51 45 90 78 73 28 99 83 88 18 68 94 54 43 32 36 14 56 29 52 42
69 94 31 69 99 55 24 98 83 6 9 73 59 41 5 63 81 28 90 60 100 36 27 78 71 29 18 44 52 11 8 2 19 46 70 88 38 47 67 25 42 50 92 75 86 43 14 77 7 16 35 39 80 54 32 68 66 3 21 57 49 53 79 1 12 45 51 82 33 56
68 63 99 59 24 33 56 31 60 67 19 78 28 5 57 49 36 79 50 100 81 2 66 69 73 94 55 71 70 88 47 53 43 35 11 8 75 44 39 42 38 52 45 77 92 32 98 7 80 90 6 3 12 14 25 41 9 82 51 54 29 83 1 27 86 21 46 68 18
67 24 6 81 79 11 18 12 78 86 42 54 39 75 56 14 36 3 71 63 66 53 88 83 29 25 94 5 92 99 2 19 60 33 47 1 21 38 55 69 8 7 57 59 32 77 73 100 70 45 82 50 68 27 51 67 43 9 46 41 80 35 52 90 44 49 98 28
66 99 46 27 38 94 14 1 39 18 83 55 69 9 35 28 44 86 70 47 21 77 88 19 52 7 57 29 42 79 41 60 54 59 66 6 81 53 63 90 82 100 67 24 49 98 73 45 43 3 2 5 51 36 33 92 8 50 68 71 78 56 25 80 12 11 32
65 80 21 43 63 29 88 50 78 28 67 35 79 39 51 41 12 92 73 54 99 66 27 6 60 9 45 3 57 38 33 5 82 86 44 1 8 18 100 77 98 47 68 36 83 55 70 52 7 25 2 56 19 11 69 46 59 53 24 90 14 71 42 81 94 32
64 81 9 43 68 50 11 59 60 36 54 63 98 56 1 32 47 80 70 82 39 52 42 6 7 90 83 79 29 99 19 44 5 53 35 94 78 28 27 73 55 86 67 33 41 8 21 57 66 14 25 12 3 92 77 88 2 18 69 24 38 51 71 100 46
63 42 27 2 8 99 35 66 6 94 100 77 46 79 11 63 82 32 52 43 39 69 24 86 25 36 1 51 3 47 88 21 71 60 80 57 53 7 73 5 98 68 78 38 59 19 55 70 50 67 29 90 14 9 18 28 33 54 92 41 56 81 83 44
62 68 14 53 52 81 46 92 98 18 50 8 47 83 56 9 36 38 7 11 29 63 100 1 51 35 88 59 66 2 90 21 82 79 27 5 55 78 28 80 99 44 42 60 86 73 70 43 69 39 71 57 94 3 54 32 41 33 77 6 25 19 67
61 70 59 50 73 86 1 32 35 77 2 19 55 28 79 100 8 51 33 94 18 67 6 46 88 52 9 41 56 98 82 80 81 63 47 57 69 44 83 39 38 43 92 11 99 27 29 5 3 36 53 78 14 66 21 60 42 25 71 7 54 68
60 78 79 69 70 42 39 80 53 73 41 82 71 46 92 28 83 56 14 47 5 63 99 19 7 25 18 52 51 50 9 43 29 55 33 66 81 68 98 94 32 54 11 57 2 60 8 67 38 27 59 77 44 88 35 3 36 100 21 1 86
59 42 14 21 68 32 80 5 2 56 7 33 8 98 29 79 55 60 73 28 66 35 83 51 59 18 70 47 41 25 78 71 69 77 99 44 11 54 82 9 27 46 36 19 3 86 63 100 39 52 88 67 43 1 53 57 38 81 50 92
58 41 3 5 56 2 42 98 100 35 46 69 25 19 79 55 28 47 11 77 8 21 59 36 7 67 51 53 57 27 54 14 78 38 82 88 44 81 9 80 99 33 60 92 83 66 52 29 71 68 1 43 73 86 39 63 32 70 50
57 19 57 86 41 83 43 60 3 56 5 51 53 66 99 73 25 82 33 35 92 28 7 36 77 80 14 98 44 32 29 78 9 52 68 39 67 79 63 8 69 55 50 81 88 70 47 21 46 27 59 100 38 42 1 71 2 54
56 63 53 73 60 83 57 8 56 43 19 46 71 78 32 100 39 28 25 81 82 70 41 1 7 42 3 52 51 66 69 38 35 67 2 21 80 9 33 29 36 27 47 88 98 77 68 86 99 59 54 79 5 50 55 92 14
55 2 1 73 56 33 60 99 54 69 52 57 83 80 21 53 35 79 100 98 43 28 71 5 38 9 92 55 50 67 27 3 63 42 82 46 47 81 32 86 25 68 19 29 70 59 7 8 77 66 88 78 41 14 51 36
54 33 8 71 78 69 46 60 38 19 67 52 86 98 73 79 41 63 99 1 5 88 27 53 68 70 66 2 14 82 42 28 59 51 43 83 54 36 3 57 92 21 55 100 50 25 47 7 56 32 35 81 77 80 29
53 38 41 53 21 46 79 73 35 78 82 50 67 7 66 1 88 68 77 70 59 55 56 57 83 25 100 27 3 80 81 60 47 98 63 32 92 54 19 5 8 29 33 28 2 69 71 42 86 36 14 99 43 51
52 99 70 51 19 82 67 46 80 68 35 60 92 69 50 86 98 27 71 57 73 36 25 63 47 29 56 66 55 54 28 77 3 21 81 43 59 33 38 42 32 2 79 8 100 83 7 78 88 14 41 1 5
51 46 100 14 78 67 7 32 56 8 29 59 25 83 63 27 55 43 5 38 73 33 92 51 28 21 1 47 3 66 36 79 99 88 42 19 77 57 2 81 86 70 35 50 82 71 69 98 41 54 68 60
50 98 25 19 100 83 67 82 42 50 86 47 3 69 38 14 66 41 35 77 33 57 71 60 5 92 99 43 7 78 21 68 29 46 54 70 36 27 32 88 63 56 51 73 28 8 55 81 59 79 2
49 73 51 100 67 83 41 55 81 38 21 35 66 3 77 69 19 86 78 36 47 14 5 56 59 2 79 82 50 92 88 28 71 43 57 60 63 98 33 70 8 42 25 46 68 27 99 54 32 29
48 27 71 8 14 38 29 3 54 5 51 70 43 42 28 79 82 77 25 86 35 67 50 99 55 2 63 36 68 21 69 19 56 73 81 57 47 88 78 60 83 46 98 41 59 32 66 100 92
47 32 46 99 86 36 92 35 68 81 71 47 77 79 14 60 27 51 100 70 3 73 21 19 38 50 57 67 66 54 28 42 5 69 83 56 98 2 63 29 59 55 25 88 78 82 8 43
46 83 28 35 29 77 78 5 51 47 27 88 60 32 79 25 69 8 21 54 66 67 2 73 99 36 3 56 63 55 46 70 59 19 98 43 82 42 68 38 100 50 92 71 81 14 57
45 73 51 2 5 81 14 99 68 60 46 100 8 69 38 28 43 67 3 21 36 79 25 42 88 82 29 35 63 32 56 66 27 71 55 70 50 77 92 83 19 59 54 57 78 47
44 3 81 88 43 29 54 66 42 68 63 36 46 51 47 32 25 69 77 82 73 79 35 67 38 19 8 55 71 92 21 50 56 70 60 5 100 2 78 57 28 14 59 27 83
43 71 57 51 100 3 8 19 78 77 25 47 92 27 60 54 67 35 38 36 69 66 14 28 21 68 70 88 42 56 83 50 43 73 2 82 55 5 81 29 79 46 63 59
42 57 50 88 68 77 54 29 59 28 78 5 60 67 43 66 71 42 19 21 38 36 55 69 46 35 63 82 73 8 25 83 47 3 56 51 27 92 14 81 2 79 70
41 56 82 42 43 79 38 60 88 3 92 2 70 47 19 69 66 28 35 63 55 14 50 51 8 68 25 77 46 67 78 21 83 36 73 59 57 54 5 29 81 71
40 5 14 92 73 29 83 77 81 50 79 42 67 46 54 63 51 25 55 36 68 8 71 3 82 35 66 19 43 78 21 28 70 60 2 88 57 59 56 38 47
39 71 59 55 92 28 83 36 47 43 79 67 25 38 63 46 78 8 19 57 29 42 50 56 70 82 54 5 77 21 51 68 88 14 3 73 60 2 66 81
38 77 88 25 83 81 57 70 51 38 63 68 3 14 8 21 47 73 55 82 28 43 78 59 2 46 5 66 54 60 19 42 79 36 50 67 92 29 56
37 78 43 51 55 50 83 28 14 63 8 73 38 68 81 60 82 25 36 92 42 3 59 19 57 54 66 46 2 29 21 70 67 77 5 79 56 47
36 3 73 28 14 2 38 56 66 79 5 8 77 67 42 54 78 92 25 19 82 60 68 47 81 51 29 59 50 21 63 83 36 46 70 43 55
35 28 63 47 82 36 77 42 29 78 60 50 19 14 46 2 3 55 70 68 38 66 92 8 79 5 81 25 51 21 56 43 59 83 67 54
34 8 59 56 28 19 5 83 92 60 21 2 14 63 38 79 43 29 25 70 78 68 3 46 67 47 81 36 77 55 42 82 66 54 51
33 2 79 29 28 81 82 43 21 68 92 46 54 3 42 19 36 38 55 70 8 78 51 56 14 47 77 25 66 60 5 63 67 83
32 81 68 54 70 38 3 79 42 46 66 47 83 21 92 14 25 2 5 43 78 19 51 28 67 56 29 55 77 36 82 60 63
31 2 68 60 81 28 42 54 21 36 19 56 92 47 46 82 67 55 63 51 38 14 3 66 29 70 77 78 43 83 25 79
30 67 77 81 3 21 2 70 38 46 19 36 68 92 79 43 55 66 54 28 83 60 29 51 42 78 14 63 25 82 56
29 2 25 66 54 92 51 56 29 36 63 3 43 55 77 68 46 79 67 78 21 83 81 28 42 14 60 38 19 82
28 28 25 36 55 2 66 60 78 82 19 46 51 54 21 83 43 63 29 42 92 67 38 81 77 14 56 68 3
27 2 54 43 19 14 25 56 38 60 21 3 68 42 83 28 78 46 29 67 51 77 63 55 81 36 66 82
26 68 81 14 19 3 28 2 77 82 36 25 51 60 83 42 46 66 67 38 21 29 56 55 78 54 63
25 81 55 83 25 56 78 2 82 60 77 63 14 29 54 66 3 67 68 38 46 51 36 28 21 19
24 25 82 67 46 54 63 78 56 81 51 28 55 77 3 68 21 2 14 19 38 36 29 60 66
23 82 28 77 68 78 36 46 38 19 3 63 14 25 21 51 66 2 55 54 29 67 81 60
22 29 81 28 77 51 2 38 66 3 60 14 21 82 63 55 46 36 25 67 54 19 68
21 66 36 55 25 51 67 63 29 60 3 81 54 68 77 82 46 38 14 19 2 28
20 3 29 77 36 25 68 28 66 51 46 67 82 81 38 55 54 14 63 60 19
19 36 28 82 19 77 51 14 54 29 55 67 60 81 66 25 68 38 63 3
18 68 29 38 19 67 28 25 66 54 3 77 81 55 60 36 82 63 51
17 51 54 63 29 36 60 81 68 19 25 66 55 67 28 38 77 82
16 29 67 25 82 66 36 77 19 81 28 60 55 63 51 38 68
15 67 28 51 81 66 38 60 63 36 82 55 29 25 77 19
14 67 66 36 82 55 19 77 63 60 28 29 81 51 25
13 81 19 36 55 67 60 29 66 28 51 63 77 25
12 55 60 63 51 29 19 81 77 25 36 28 67
11 67 29 36 19 77 63 51 28 25 81 60
10 36 81 19 63 29 77 51 67 60 28
9 36 28 77 19 60 81 63 29 51
8 63 60 19 28 77 29 51 36
7 19 29 28 51 77 60 36
6 19 29 28 51 36 60
5 36 19 60 29 51
4 60 36 51 29
3 29 36 51
2 51 29
1 29
