50 11 33
49 21 17 4 48 36 42 19 25 14 16 15 44 43 33 30 11 10 3 29 22 12 2 28 34 41 27 45 24 18 46 47 6 35 9 31 26 50 20 39 23 13 40 5 8 49 7 38 37 32
48 48 47 14 6 39 35 15 34 16 37 46 29 7 38 21 23 5 17 25 41 20 40 11 27 28 31 13 30 42 36 2 33 19 45 24 4 50 18 32 9 22 26 3 44 10 49 43 8
47 13 11 37 40 6 28 8 32 5 33 30 27 45 35 43 17 39 49 15 4 16 42 18 24 29 20 25 14 34 9 41 50 31 48 26 47 22 44 36 23 3 46 7 2 19 10 21
46 13 16 20 24 41 25 9 33 42 45 28 4 2 44 3 43 18 46 29 31 30 49 15 40 39 48 23 14 19 37 5 36 10 50 35 32 21 11 27 7 8 47 17 34 6 26
45 25 50 37 27 11 48 32 23 16 8 35 18 42 9 10 49 5 29 31 39 15 3 20 47 14 41 45 2 28 26 46 4 36 21 33 24 40 13 19 6 43 44 34 30 17
44 3 30 44 2 23 39 46 17 49 37 40 18 29 24 13 16 25 47 41 27 35 20 28 21 10 50 15 11 48 45 5 33 9 8 26 6 43 36 19 34 42 14 32 4
43 47 26 29 49 30 15 5 50 34 40 39 13 14 2 48 17 20 19 42 33 25 23 43 27 10 36 37 44 41 8 11 4 35 6 45 9 24 46 18 28 16 21 32
42 2 28 40 14 18 17 15 9 25 34 36 27 6 47 49 44 46 21 35 29 23 41 37 16 39 45 11 50 5 8 4 10 20 24 19 43 26 32 13 30 42 33
41 25 43 4 30 42 36 9 40 23 26 37 28 27 35 11 14 21 24 16 41 50 8 33 2 19 13 32 10 46 45 39 20 47 44 5 15 49 6 17 18 34
40 2 9 27 35 32 42 19 21 45 43 4 10 16 41 37 17 44 25 14 24 50 20 5 28 36 46 15 26 49 13 6 11 39 30 8 23 18 47 34 33
39 20 37 11 8 4 17 21 47 43 30 41 28 42 49 19 46 35 45 33 39 6 24 50 26 44 5 32 15 34 10 16 13 18 23 14 9 27 36 25
38 43 37 27 32 13 4 8 42 49 28 36 34 44 47 23 24 5 33 15 26 46 9 17 25 14 20 18 21 10 45 50 19 35 41 11 39 16 30
37 36 5 17 50 27 43 20 26 16 8 32 33 18 4 44 23 19 42 39 11 28 30 25 24 46 49 34 10 47 37 41 13 21 35 15 9 45
36 21 18 30 28 50 9 35 26 8 47 20 25 44 5 43 13 36 11 45 33 27 24 15 49 17 4 32 41 16 37 19 23 10 42 34 46
35 32 28 35 33 20 26 10 43 25 8 41 4 24 46 13 18 5 21 42 17 9 47 27 37 15 23 16 30 49 45 19 50 11 34 36
34 5 50 47 25 46 32 17 43 9 23 27 35 10 42 24 21 18 13 36 8 33 4 15 11 28 37 45 26 19 20 41 30 16 34
33 42 13 32 4 34 50 15 46 10 5 36 9 28 18 41 23 33 30 35 43 47 17 19 37 8 26 21 16 20 27 25 45 11
32 33 28 46 45 36 10 13 21 25 20 9 34 23 16 35 11 50 15 17 41 26 43 5 32 37 8 18 42 27 4 19 30
31 42 35 18 17 20 23 11 9 41 5 37 27 21 30 8 19 50 43 46 32 34 26 33 4 25 16 45 28 15 36 10
30 45 46 33 36 19 9 32 17 5 28 37 21 42 15 25 8 18 27 4 26 34 43 23 41 35 10 11 16 30 20
29 15 23 30 21 45 43 27 46 16 10 4 42 18 37 8 11 20 33 41 36 9 19 32 25 34 5 26 35 17
28 34 8 16 30 15 11 20 10 18 9 36 37 26 25 4 21 45 43 32 42 23 35 41 5 17 46 19 33
27 20 15 35 30 42 18 17 4 26 41 32 37 43 36 23 5 8 33 45 16 11 25 19 34 10 46 9
26 8 17 19 9 26 37 11 46 36 45 34 5 16 43 33 41 23 15 20 32 18 30 42 35 4 25
25 20 4 9 36 34 43 18 15 25 46 37 16 45 8 30 23 35 19 17 5 42 32 41 26 11
24 18 17 19 15 16 41 37 35 46 34 5 45 9 25 4 30 43 36 20 8 42 26 11 23
23 30 36 5 26 17 20 16 41 15 8 45 34 4 43 42 19 46 18 11 35 37 23 25
22 35 46 30 45 15 18 17 43 25 41 5 20 4 16 19 23 26 37 36 42 11 34
21 20 5 11 37 30 41 26 36 42 18 43 15 25 19 17 45 4 35 34 23 46
20 43 37 4 11 18 19 46 36 20 35 34 41 45 42 30 23 5 17 25 15
19 34 15 41 5 30 35 23 42 18 25 11 4 36 43 20 46 19 17 45
18 15 20 18 25 42 36 5 34 4 46 43 17 30 35 45 19 41 11
17 19 34 41 17 35 18 46 45 30 36 20 5 15 43 25 4 42
