150 96 59
149 101 77 138 18 60 71 94 126 26 88 145 38 12 131 76 46 44 4 127 41 91 96 25 32 14 13 149 1 50 19 34 28 54 43 121 9 82 144 72 80 7 114 27 65 136 62 132 31 39 115 51 134 16 47 57 8 146 130 102 2 73 40 6 84 33 89 53 97 68 99 85 119 75 110 67 30 142 133 140 74 120 81 61 137 66 98 147 128 124 69 45 78 108 122 24 129 117 20 63 95 103 58 37 49 59 17 55 100 56 93 106 111 112 87 79 141 113 118 150 123 21 36 48 104 15 11 148 23 3 83 90 105 92 42 5 29 70 135 86 125 116 107 22 64 109 52 10 143 35
148 96 74 71 104 132 18 133 47 137 93 73 57 97 68 142 120 54 101 7 128 32 45 82 4 30 72 61 31 62 81 126 116 83 88 37 24 50 17 115 46 3 91 114 38 87 118 49 75 124 64 131 14 19 149 10 98 110 112 25 129 5 42 29 135 89 78 134 144 140 141 34 8 56 122 84 80 67 76 136 102 94 147 103 53 26 23 12 35 107 20 77 145 9 16 41 22 15 6 33 125 113 43 148 36 100 48 119 90 63 59 21 127 130 92 2 28 143 39 111 69 123 52 40 79 51 121 55 117 1 65 85 13 66 99 95 138 58 108 106 44 60 27 11 70 146 109 105 150
147 17 32 78 10 138 132 63 41 8 5 131 35 48 89 143 103 106 105 38 73 149 116 117 4 129 142 14 44 45 96 71 109 22 36 113 56 82 95 33 92 125 75 69 115 112 54 40 97 11 124 101 39 12 137 88 134 150 80 28 98 76 141 6 100 15 126 24 121 25 107 67 74 93 9 104 128 114 26 85 148 120 146 50 66 140 31 51 42 108 83 49 23 27 133 13 64 123 90 2 20 99 111 52 72 77 1 7 55 65 119 110 34 91 102 30 130 21 3 59 81 136 29 16 122 47 127 62 68 84 61 144 19 70 79 94 18 147 43 37 87 118 53 57 58 145 60 46
146 131 53 87 82 31 50 136 72 107 123 94 68 79 124 42 37 7 21 80 28 16 46 76 44 85 100 2 66 52 49 29 145 24 40 32 11 143 77 125 56 113 104 62 8 144 114 41 120 90 119 65 33 36 141 58 142 148 22 96 121 150 128 10 39 137 110 5 38 51 19 111 129 27 3 112 69 4 26 84 64 102 127 25 15 89 71 48 92 101 88 54 81 91 97 103 60 108 1 9 95 35 138 118 75 106 45 43 12 98 23 116 115 134 109 105 6 67 13 133 78 140 126 93 17 149 132 73 20 30 14 70 57 59 99 63 147 83 47 117 18 122 61 146 74 130 55
145 13 126 56 128 1 2 26 142 41 53 58 82 100 124 45 117 146 105 68 57 92 113 12 115 130 54 3 40 84 144 65 5 80 75 102 81 7 136 18 24 29 95 32 149 134 147 17 28 63 14 66 107 148 11 43 30 99 112 145 19 121 116 31 20 109 137 61 10 138 132 39 94 25 125 9 106 119 16 22 71 141 64 77 50 123 51 114 38 101 110 85 4 8 60 74 108 70 91 83 133 6 33 42 48 140 120 96 21 35 93 62 131 98 89 122 97 76 47 15 78 46 90 143 67 44 23 52 55 118 73 88 129 27 127 111 49 72 36 104 37 79 150 87 103 59
144 23 147 40 22 85 80 145 31 87 83 84 106 17 116 15 104 18 16 33 54 129 97 136 20 46 7 109 61 68 82 110 76 91 121 137 32 132 49 42 30 36 81 123 50 125 142 1 95 77 63 13 120 115 9 130 62 103 111 53 92 58 99 112 67 51 131 89 114 143 78 66 75 79 128 73 138 113 119 88 105 52 35 59 4 60 2 45 96 146 65 74 108 122 72 44 43 70 64 56 24 38 26 93 57 21 6 12 48 37 134 3 41 10 102 127 118 124 5 149 28 90 71 39 27 117 126 148 8 29 144 107 101 55 150 25 14 19 98 141 47 140 100 94 11
143 43 108 147 148 13 89 48 77 140 15 78 11 106 41 113 36 111 39 110 141 136 98 16 92 131 88 132 65 63 150 118 83 47 58 87 54 3 28 27 82 53 51 90 2 7 19 60 57 125 38 122 62 143 100 142 66 146 138 4 114 123 45 32 61 75 6 103 124 112 130 101 25 22 91 17 35 49 84 115 104 44 96 109 73 70 121 145 14 72 8 85 33 144 31 18 119 79 97 5 56 40 24 128 120 137 23 149 117 42 74 64 99 76 126 68 71 93 30 59 37 129 21 10 46 50 102 26 81 95 52 134 127 116 9 55 67 94 29 20 107 1 80 105
142 106 36 123 101 68 72 33 40 127 132 39 84 142 71 87 46 1 4 2 70 54 67 63 56 103 120 110 15 78 42 85 118 129 59 119 104 82 100 122 116 53 125 19 74 105 138 131 7 134 113 144 6 92 47 102 140 128 150 11 80 148 37 88 98 38 58 95 130 149 83 111 27 117 5 30 41 108 109 14 62 10 13 145 48 57 141 96 43 112 121 79 65 99 31 90 66 20 137 26 16 76 126 64 97 9 28 147 77 75 21 49 115 18 114 124 55 107 94 8 91 81 35 50 32 73 143 51 93 24 25 23 60 136 17 45 89 44 52 22 3 29 146
141 58 66 57 43 71 126 124 83 131 46 28 1 55 118 38 143 24 11 47 98 107 30 23 111 127 64 72 60 84 105 89 128 138 92 99 130 93 63 42 16 97 91 10 70 37 49 150 136 120 76 77 40 48 114 106 65 129 21 75 19 13 121 15 44 101 45 36 18 33 31 145 67 14 137 4 109 2 116 149 20 117 51 9 144 108 6 22 26 62 123 29 17 115 110 39 79 104 32 148 68 78 59 8 95 90 88 50 74 122 41 94 7 73 102 81 96 141 147 35 56 119 85 112 100 134 87 27 132 54 113 52 140 146 80 82 125 25 53 3 103 142
140 66 23 131 115 13 11 20 53 38 60 81 28 102 19 101 93 149 25 14 21 64 50 99 122 85 128 82 141 121 3 95 17 72 144 84 47 43 51 83 45 37 58 138 107 32 87 145 108 57 100 16 55 40 46 44 150 127 89 49 137 56 113 74 146 2 7 91 62 126 39 105 80 132 65 92 103 36 116 112 67 98 8 125 90 71 110 48 106 10 68 27 77 22 147 15 1 142 33 73 130 94 9 134 119 29 79 59 111 18 24 6 120 30 124 54 42 143 63 41 26 75 140 129 4 104 114 123 109 96 78 117 52 136 148 88 118 76 97 35 70
139 25 117 48 137 66 121 6 49 136 20 91 56 88 123 39 90 94 8 14 114 38 22 92 116 78 148 80 138 105 102 45 70 9 7 65 3 134 118 19 144 58 113 77 46 140 30 125 132 81 54 112 71 89 110 76 72 1 97 82 24 146 29 127 143 87 57 130 74 83 95 128 126 32 18 23 37 52 73 100 59 4 13 109 62 41 147 145 50 106 99 115 122 79 84 129 103 98 27 120 101 42 75 108 17 35 10 141 21 2 16 55 15 53 60 150 68 26 51 142 33 96 28 119 131 43 40 107 36 149 64 11 85 104 47 111 63 124 93 44
138 142 71 116 93 25 84 100 60 36 131 112 20 90 94 40 16 119 46 98 44 51 110 41 127 150 136 14 22 81 118 70 83 29 68 144 6 18 48 26 102 91 74 32 62 9 43 72 89 65 42 115 111 128 129 117 76 113 87 78 23 123 54 132 24 11 138 59 56 8 109 106 35 99 85 37 105 126 148 57 58 92 17 140 125 3 33 13 147 1 4 2 39 88 137 121 47 145 49 114 124 28 7 64 104 120 50 45 107 63 82 96 73 53 95 103 21 149 79 30 15 143 101 27 55 134 146 122 19 108 141 52 130 66 75 77 97 80 10
137 46 77 142 14 7 121 37 132 150 30 91 48 35 26 79 57 148 106 97 145 78 56 71 51 94 18 127 76 59 68 80 70 124 33 100 13 129 72 92 39 17 42 16 58 115 22 2 147 122 108 96 21 116 44 144 112 23 141 55 140 53 136 109 8 89 3 107 81 74 123 41 40 137 113 114 99 104 66 28 4 32 118 75 95 143 105 45 103 130 131 65 146 111 138 15 82 87 60 52 126 6 90 62 102 88 134 63 84 9 73 98 93 43 117 64 54 11 120 101 10 128 83 1 25 149 49 27 24 85 125 20 36 29 50 19 110 47
136 131 18 20 16 140 43 14 24 88 111 21 39 142 66 96 94 80 108 136 27 132 120 92 55 134 105 83 46 6 97 10 47 113 75 112 64 26 93 81 25 103 51 125 145 57 144 128 109 141 143 104 60 37 52 90 123 129 116 76 35 22 70 101 41 2 146 3 147 124 78 89 100 13 28 30 110 79 77 126 95 63 53 106 9 148 23 19 65 121 56 4 150 114 84 71 130 54 98 32 137 107 99 73 149 49 115 59 29 7 1 36 122 102 72 42 62 85 50 58 87 8 40 127 15 33 82 11 117 48 138 118 45 91 17 44 74
135 50 108 132 54 44 29 113 41 52 85 106 65 9 131 96 3 136 89 39 56 77 70 72 91 66 124 16 95 62 76 57 58 126 53 83 28 105 144 150 46 8 80 64 117 75 1 149 21 59 101 27 84 107 2 36 142 112 51 111 130 98 121 146 74 100 120 33 18 147 110 37 148 7 122 90 17 125 6 63 48 43 92 15 19 4 134 127 138 103 22 87 123 141 73 128 115 32 114 49 118 140 79 35 30 45 116 93 109 71 145 13 78 14 81 102 129 40 97 23 88 24 55 137 42 47 99 104 143 25 94 11 20 10 82 60
134 84 59 113 107 21 97 71 20 77 98 103 110 64 53 6 138 9 89 118 134 24 74 149 150 65 51 100 41 116 28 2 81 48 131 90 111 8 57 22 46 29 17 4 94 49 114 60 101 39 124 43 126 93 19 76 109 78 75 7 80 105 33 145 147 87 132 106 83 148 14 129 95 36 27 142 62 58 82 47 122 32 96 42 10 140 54 45 136 44 146 56 18 25 40 1 91 117 123 125 102 121 52 127 88 30 66 130 23 72 104 50 35 16 99 79 120 85 15 112 70 3 137 92 55 108 141 128 13 37 144 143 73 63 115
133 78 22 18 63 144 130 105 9 21 129 84 16 24 113 146 79 7 100 3 70 109 41 143 131 52 48 91 8 138 4 80 85 13 17 45 107 83 117 134 147 28 122 76 75 23 44 115 149 101 37 30 19 102 148 50 29 58 121 81 89 14 132 145 142 40 73 98 60 136 51 47 87 104 62 118 96 2 88 57 42 114 43 66 32 116 46 108 65 39 141 72 64 20 27 92 99 128 74 126 82 124 140 35 110 103 71 49 90 33 15 137 56 106 97 6 53 25 54 77 125 55 1 94 36 93 95 111 59 150 112 123 120 10
132 60 142 20 149 116 103 117 4 54 95 98 43 143 29 2 108 101 80 147 21 94 73 130 25 85 72 28 36 104 76 126 90 87 22 8 91 146 115 23 113 52 50 120 44 79 128 45 9 18 150 100 57 59 145 81 88 93 82 148 19 15 122 125 78 13 131 66 140 63 64 16 123 121 47 56 42 39 32 84 74 75 1 111 118 58 40 33 71 99 14 137 89 144 35 70 30 107 112 102 7 110 62 37 51 27 6 48 129 77 97 55 10 17 134 41 24 124 96 138 114 109 46 53 105 3 136 83 106 132 92 65 49
131 33 22 94 52 40 57 10 117 144 81 87 104 72 15 18 108 49 85 146 50 7 74 103 130 41 13 76 149 109 48 120 55 25 70 125 114 100 92 128 42 21 137 3 29 131 53 51 136 71 45 143 78 37 32 118 44 129 66 113 20 65 101 84 123 82 58 47 150 93 89 54 132 91 126 138 102 2 60 79 110 64 56 59 106 99 36 115 8 147 39 9 148 134 80 122 124 1 121 97 98 17 27 95 145 83 46 88 77 6 16 43 116 23 24 111 30 105 28 63 35 112 90 14 142 96 73 107 62 19 75 4
130 121 28 130 18 124 94 14 49 120 9 118 25 37 126 7 8 75 4 150 64 128 45 23 103 89 138 99 91 102 131 41 111 16 147 1 149 73 44 42 84 88 108 97 110 137 39 77 22 143 20 79 36 81 107 52 35 32 82 148 132 145 40 59 104 116 101 125 58 105 47 95 48 55 74 57 33 113 92 21 6 146 144 15 13 100 30 51 87 76 129 72 46 134 29 96 24 112 90 53 78 70 56 19 142 114 80 109 123 43 60 106 98 54 62 115 122 93 136 71 85 27 66 83 63 10 3 17 65 50 117
129 41 63 62 124 106 107 123 7 91 57 47 90 73 17 128 28 122 54 13 118 146 101 120 32 53 76 100 126 88 21 94 108 137 80 3 37 50 89 117 27 74 39 97 95 10 96 70 71 43 136 44 93 132 58 130 33 105 138 116 1 29 148 46 60 8 4 20 149 30 104 111 129 78 85 72 48 45 81 25 114 49 115 110 36 9 103 52 59 99 19 121 84 102 14 66 131 51 98 125 22 6 143 64 55 65 77 145 83 42 40 112 23 147 75 113 87 82 56 35 24 79 109 144 150 92 134 18 16 142
128 23 142 109 96 63 111 29 53 74 116 54 24 44 43 98 47 48 88 9 114 120 100 25 137 121 84 42 112 65 17 118 115 20 122 130 1 123 50 93 117 108 83 52 79 80 110 105 10 113 71 91 41 58 7 106 66 94 57 85 134 73 131 103 124 146 33 99 70 19 136 30 148 62 145 102 21 4 8 56 82 92 78 27 138 18 89 81 126 55 101 36 6 129 107 95 37 46 97 64 28 14 150 59 40 125 13 143 72 149 49 104 144 90 32 60 128 76 3 22 35 132 77 16 51 147 75 87 39
127 10 73 75 111 22 18 59 106 54 148 24 65 120 33 25 29 124 99 48 100 110 40 44 41 97 149 142 122 129 78 55 123 114 105 92 13 28 20 91 85 3 104 84 60 87 98 79 121 144 113 42 136 88 52 51 80 4 103 115 83 71 118 66 93 56 107 32 112 89 43 14 7 9 72 101 145 70 27 150 8 77 90 63 126 23 21 47 30 108 36 50 58 94 102 82 49 64 137 62 117 76 35 116 6 57 16 1 131 109 147 125 46 37 53 39 146 143 17 134 74 81 132 96 128 130 138 19
126 16 148 123 10 96 99 105 111 137 97 145 21 53 23 100 27 81 20 77 55 3 46 75 126 150 18 98 49 131 57 90 115 62 91 29 37 83 58 85 108 50 32 52 92 122 17 73 129 114 107 94 104 24 149 56 125 136 80 28 134 76 65 103 130 143 82 1 9 48 106 63 89 42 84 51 102 74 120 54 142 7 40 70 59 14 44 43 71 113 112 8 36 33 22 128 110 39 109 13 93 6 118 116 41 88 64 30 66 146 60 101 144 132 117 25 124 138 87 72 147 79 78 19 47 121 4
125 30 75 122 32 39 16 17 108 121 51 36 143 37 20 81 131 129 42 83 29 98 101 84 62 56 90 23 111 77 120 94 136 19 59 1 44 104 142 76 47 150 149 87 123 25 100 118 52 107 55 113 79 128 130 144 27 137 50 138 134 73 6 4 85 70 78 106 8 57 65 147 72 102 21 112 24 43 132 53 7 103 124 99 105 54 14 63 10 89 88 146 145 48 116 18 41 115 46 22 3 93 40 49 114 110 9 117 33 109 80 125 148 66 74 126 13 92 60 91 71 82 96 97 64 58
124 27 77 96 47 29 147 59 143 41 79 108 74 123 113 52 43 122 97 120 62 131 84 40 137 17 3 39 37 32 64 63 101 109 8 13 22 83 16 58 53 90 150 99 50 98 128 21 106 9 25 136 78 85 66 117 6 148 30 124 121 1 46 75 19 105 103 144 73 104 112 88 89 44 7 80 36 42 146 142 125 115 70 111 55 23 48 93 134 4 92 107 102 129 114 138 60 20 100 51 56 18 110 10 91 71 54 49 126 14 145 65 94 118 81 72 33 130 87 116 76 132 82 149 57
123 62 55 134 54 91 150 102 136 132 100 138 8 52 106 99 50 149 72 16 98 108 107 56 70 18 123 81 109 144 23 48 88 27 59 63 105 128 30 71 43 42 49 122 142 116 125 1 89 113 33 22 126 83 73 117 39 41 84 51 130 7 129 96 97 53 13 82 145 3 60 94 29 111 85 121 36 80 77 65 21 74 64 110 143 37 131 112 114 76 93 44 148 46 66 47 75 4 87 92 32 25 124 20 19 79 147 40 10 104 14 6 137 101 146 58 115 118 57 103 120 9 78 17
122 99 150 27 115 17 138 142 84 98 92 83 124 80 120 76 14 149 137 16 75 85 113 74 78 51 59 29 71 130 96 101 121 70 117 3 43 20 23 62 129 100 112 146 8 21 132 88 109 103 55 134 131 48 126 50 106 19 89 44 93 4 136 110 7 52 116 104 145 94 107 18 125 39 65 60 73 64 49 143 40 111 105 72 1 122 58 6 81 118 57 22 53 114 79 32 41 30 13 148 47 82 77 91 63 36 54 102 144 42 147 56 128 10 97 123 25 66 9 37 46 87 108
121 123 99 77 125 88 74 100 145 41 137 3 134 40 30 75 48 118 9 65 128 42 97 25 58 96 79 110 102 60 101 56 81 98 107 19 150 59 82 148 53 83 37 91 144 36 47 121 49 115 72 21 122 129 103 130 105 8 55 62 18 136 126 22 14 23 80 143 27 73 104 46 109 71 51 113 1 117 89 116 66 85 76 44 64 138 43 7 120 106 149 131 16 54 13 4 57 132 10 112 111 124 32 87 93 92 29 6 39 84 108 114 20 50 70 147 142 52 94 17 146 63
120 82 81 118 27 143 112 74 129 150 130 124 146 142 65 14 17 73 56 149 101 109 36 131 83 94 50 132 41 42 13 144 89 91 84 103 10 44 4 147 105 85 136 99 25 77 16 55 116 87 72 138 49 92 117 126 114 60 23 32 104 48 53 128 111 64 7 106 70 134 6 8 100 88 3 137 47 54 43 98 120 93 107 96 115 76 39 29 97 62 46 20 30 21 71 66 63 122 57 113 18 9 52 102 108 37 51 59 80 148 75 125 110 123 40 58 145 121 1 79 22
119 92 4 88 3 51 85 36 59 148 76 132 146 18 53 144 87 113 137 125 83 27 56 77 29 117 9 54 55 39 126 99 94 102 123 143 104 20 138 1 97 116 124 47 98 89 41 105 81 74 48 115 93 121 44 40 101 46 100 131 70 128 52 60 129 111 136 79 62 107 21 108 109 63 103 122 118 71 23 80 50 16 72 37 114 130 145 43 134 96 112 17 22 110 25 147 32 149 30 142 6 73 7 150 84 65 82 10 14 64 42 49 106 66 75 57 120 13 8 91
118 130 41 83 72 74 85 73 8 114 40 79 64 88 36 110 30 131 77 105 13 63 91 71 115 137 7 142 116 43 93 104 120 56 147 144 134 125 111 14 76 4 20 18 121 46 75 27 3 148 97 150 17 16 6 94 124 10 99 84 54 65 112 29 1 50 129 60 101 9 102 51 122 136 44 96 89 132 59 81 48 145 80 49 108 107 53 118 21 106 143 103 126 22 23 146 98 70 32 37 128 82 100 92 149 138 87 39 42 113 55 57 123 117 52 47 62 25 66
117 113 16 125 1 54 83 111 36 32 64 115 84 132 107 144 131 13 149 81 150 99 101 60 105 48 114 57 25 94 21 87 80 73 92 137 6 56 103 40 108 146 102 100 37 76 93 30 128 46 96 23 75 116 53 55 59 72 70 8 7 4 106 3 117 118 29 39 66 148 10 71 130 110 18 138 97 9 82 124 77 91 120 63 42 88 50 27 14 98 143 17 62 123 147 121 51 65 112 126 47 129 134 89 145 52 136 49 122 20 85 142 44 104 79 43 22 41
116 125 63 3 60 114 85 94 23 66 82 8 43 107 120 143 72 79 134 42 103 145 124 18 110 81 138 102 98 30 20 70 142 101 40 130 55 49 6 89 122 65 97 14 136 88 47 39 36 105 129 104 71 99 108 29 51 123 93 10 13 144 17 137 32 1 128 131 132 117 149 22 111 121 112 73 91 56 106 113 59 27 44 57 53 75 77 116 21 96 126 80 62 118 148 37 147 4 25 76 84 52 46 50 146 9 150 92 41 100 87 54 64 83 115 48 16
115 63 128 148 75 94 87 62 13 6 30 8 16 104 54 14 64 100 57 134 20 147 106 137 17 99 27 82 66 121 112 145 93 36 117 110 73 70 108 71 115 21 85 129 103 1 146 124 42 131 97 50 41 122 138 47 144 55 91 3 60 126 52 130 142 118 88 23 125 76 22 4 72 132 18 92 37 40 89 29 59 84 44 102 46 101 81 9 96 83 32 10 136 123 39 43 77 51 105 98 80 48 56 120 107 65 113 49 111 116 79 143 53 150 149 114
114 129 150 63 55 115 81 123 82 142 46 16 89 79 17 122 124 146 75 13 53 3 104 54 116 30 110 8 106 125 117 48 29 49 32 149 1 121 44 21 4 83 111 137 64 56 105 148 59 134 113 80 60 99 27 88 101 20 91 14 73 84 126 50 57 103 97 92 98 9 145 52 47 18 77 102 42 6 100 147 37 118 128 66 136 71 138 39 10 85 65 72 76 43 132 36 41 96 143 107 94 22 112 130 70 87 131 62 108 40 51 93 120 144 23
113 97 85 39 77 142 107 75 13 146 73 10 106 123 81 30 148 54 122 66 6 104 121 150 112 57 32 55 94 116 53 17 49 83 144 92 79 110 62 23 50 29 147 117 60 36 46 76 21 131 96 48 72 59 111 101 9 82 136 137 143 43 89 103 18 120 20 100 63 138 27 124 113 44 128 70 47 40 99 51 22 149 41 1 80 64 129 102 132 4 84 87 145 118 16 65 14 88 56 134 42 108 91 8 130 98 115 126 71 125 93 105 3 37
112 103 79 104 84 41 117 124 97 51 81 96 89 126 144 72 142 36 42 130 85 138 59 62 149 3 82 101 10 94 73 63 4 37 23 132 48 76 44 16 54 1 143 46 8 32 47 110 56 116 55 21 91 98 50 14 123 40 17 120 77 9 57 148 22 129 93 30 147 39 108 136 145 125 121 131 66 107 71 43 53 20 64 112 65 106 92 118 60 100 80 122 70 29 146 137 105 134 75 150 27 111 113 128 115 87 99 6 83 102 88 18 13
111 66 148 53 50 116 18 81 71 70 44 55 88 129 9 23 121 113 144 87 143 65 16 97 104 63 131 6 83 124 56 92 73 108 138 101 3 8 105 146 132 122 126 147 128 85 98 149 4 51 22 80 64 150 21 14 29 60 120 136 37 106 41 91 110 54 93 40 79 59 94 96 142 118 100 62 99 30 47 27 117 46 123 13 17 77 20 125 137 1 115 48 36 130 89 134 84 107 145 57 43 103 76 112 10 32 72 75 39 42 82 102
110 16 62 27 108 102 118 3 14 92 20 73 144 65 66 37 106 47 64 136 128 55 18 71 110 150 80 115 104 147 83 13 134 132 121 122 89 138 23 10 57 46 72 8 22 82 17 75 143 101 93 117 42 81 79 53 29 4 145 99 36 30 85 149 105 130 9 48 54 43 1 87 146 96 6 70 124 63 44 56 142 103 113 50 125 148 32 131 137 21 116 123 120 91 129 107 88 126 60 77 112 40 97 76 98 84 41 94 59 51 100
109 88 50 122 117 136 108 76 104 105 124 30 37 10 51 126 79 29 100 148 92 46 102 6 72 36 145 13 16 149 131 82 56 63 64 150 91 4 62 77 94 8 57 121 80 48 128 73 75 47 99 65 3 118 14 66 113 115 55 81 110 22 83 125 54 96 84 143 120 71 93 101 89 1 20 130 137 147 40 9 138 21 116 23 129 97 41 142 146 32 107 18 43 60 85 123 98 134 42 87 44 132 17 144 27 112 103 59 70 106
108 107 124 131 125 96 1 14 43 63 144 76 85 143 66 94 54 120 75 84 32 128 70 87 16 118 92 100 145 44 60 8 106 108 47 121 80 132 81 126 110 115 82 137 55 41 59 42 134 130 18 37 142 122 50 22 89 73 129 51 83 97 17 6 30 40 13 116 62 65 104 138 77 98 117 64 147 27 149 71 102 29 88 93 72 101 105 10 150 103 48 20 9 113 4 91 56 21 46 23 146 36 123 79 136 148 57 112 3
107 142 13 121 130 1 122 120 110 144 79 56 81 87 6 102 148 89 104 60 41 62 76 94 131 40 44 112 64 115 42 97 113 145 10 116 107 132 101 27 48 150 123 46 22 29 63 4 106 57 83 14 32 43 47 103 30 66 105 118 23 137 36 71 84 88 129 149 85 77 73 96 80 143 65 16 100 124 20 136 72 98 17 91 138 82 8 125 37 21 134 75 9 51 54 18 50 126 55 92 147 93 3 108 70 59 146 117
106 134 65 13 125 112 98 79 130 138 150 97 122 44 142 91 102 73 6 56 84 118 47 89 113 22 100 76 123 3 110 93 94 101 80 59 41 23 42 50 75 55 66 85 60 40 70 149 144 103 10 37 18 29 1 16 120 132 105 92 126 36 77 30 46 129 88 32 117 8 143 147 48 9 107 71 136 83 21 82 137 63 72 4 87 27 96 145 106 54 14 62 116 81 64 17 104 148 43 108 131 124 57 121 20 51 115
105 125 106 93 129 23 27 150 56 20 96 50 83 46 92 143 134 117 16 145 142 144 79 22 104 116 9 36 89 101 100 62 37 18 112 76 48 6 14 123 149 124 103 29 75 98 97 81 60 66 32 64 110 63 8 126 107 70 102 87 42 77 10 130 132 137 88 73 13 71 82 84 51 85 47 138 65 147 122 43 136 30 120 54 4 40 55 148 41 94 80 108 59 121 91 118 115 113 21 44 3 57 105 1 131 72
104 106 123 81 129 104 148 29 30 57 121 66 46 6 59 92 72 18 60 87 75 136 117 147 40 142 120 70 32 62 91 1 113 50 130 79 138 77 115 9 93 80 54 55 76 125 143 89 83 107 22 51 65 110 100 27 64 56 3 10 42 102 122 21 85 73 63 126 82 144 44 150 43 94 13 149 134 4 108 16 71 36 103 118 47 96 20 88 112 132 84 98 145 101 37 97 124 137 105 23 14 41 48 131 8
103 43 44 123 83 30 59 130 106 65 88 125 104 55 18 36 41 134 97 6 102 70 124 27 63 1 143 84 136 77 96 107 82 66 145 147 112 72 105 62 73 51 115 71 50 42 94 108 117 14 122 129 4 138 98 21 103 16 32 56 60 37 57 20 142 89 113 46 149 92 80 29 121 64 13 8 54 48 23 87 10 47 91 85 40 79 81 101 148 75 137 150 9 144 3 126 131 132 93 110 22 76 100 120
102 81 10 59 41 76 145 63 85 92 9 36 46 122 142 115 30 37 1 3 71 82 70 21 96 143 136 123 18 4 75 129 107 134 87 40 66 103 130 137 149 80 110 131 84 98 23 120 102 57 43 124 89 150 121 51 83 27 112 54 72 77 64 132 125 88 47 42 20 29 50 105 79 148 6 60 32 100 56 117 138 91 106 144 22 8 108 94 97 62 113 65 126 93 147 44 55 16 73 104 14 13 101
101 36 145 60 43 79 104 105 89 44 76 96 138 103 124 97 41 62 142 82 51 125 8 56 71 130 87 100 117 136 137 59 10 57 91 64 63 84 30 101 80 122 112 132 107 106 126 110 20 123 102 6 18 3 85 54 65 148 50 75 149 81 143 70 83 147 14 98 16 108 32 120 40 29 93 66 131 55 27 88 121 42 47 129 72 37 144 73 4 92 150 94 77 115 23 13 21 22 134 1 46 113
100 145 8 108 88 102 44 94 107 46 66 110 123 131 138 150 51 57 77 47 72 148 40 134 54 79 89 70 100 59 121 75 122 71 30 125 83 132 20 21 41 106 129 113 103 13 29 16 130 65 1 82 96 36 84 149 32 117 56 4 120 137 126 63 115 3 101 105 73 60 37 98 104 143 136 18 55 50 64 42 27 85 6 14 81 80 10 87 142 91 144 43 92 97 76 147 62 93 124 22 23
99 13 126 131 98 22 60 148 97 104 70 143 105 100 110 43 20 83 77 138 134 150 123 29 129 93 44 96 113 137 142 101 66 94 73 79 56 144 80 92 36 46 84 42 145 71 106 132 62 88 10 16 122 50 30 147 75 102 85 108 120 149 103 121 82 1 76 23 8 65 32 54 59 6 115 64 125 57 63 4 18 40 3 107 89 91 130 41 87 72 81 14 47 51 27 117 136 124 21 55
98 72 134 126 20 101 93 110 50 81 51 66 88 32 117 82 145 147 96 92 73 122 70 4 64 36 6 46 57 29 125 148 106 137 120 129 21 3 41 71 65 14 107 94 18 77 23 91 144 87 27 108 80 60 22 100 85 104 97 59 54 105 47 42 136 121 16 89 76 44 75 83 132 123 102 43 113 138 30 143 150 149 63 98 124 13 8 55 131 130 84 10 1 62 40 142 103 79 56
97 82 124 29 6 47 80 1 72 57 142 107 42 130 102 81 20 125 75 54 46 85 113 76 123 83 3 16 149 84 43 66 97 94 51 8 50 145 108 105 64 137 110 147 131 144 98 92 89 143 103 40 117 44 55 101 23 104 91 121 120 87 126 132 13 62 14 138 129 148 106 60 96 93 65 136 41 36 4 71 73 59 122 18 22 30 32 63 77 27 10 79 100 134 70 88 56 150
96 91 104 20 120 117 8 22 147 16 27 14 93 55 98 105 94 138 65 42 137 85 59 62 125 47 82 44 80 84 150 51 40 76 81 18 50 1 107 23 36 136 123 132 29 149 64 4 144 57 103 92 72 145 54 101 89 130 87 122 79 71 30 77 63 142 56 129 66 121 88 108 3 100 10 102 32 75 113 41 143 131 46 134 83 13 60 6 70 96 124 97 126 43 106 148 110
95 88 55 85 150 56 29 4 142 77 66 125 76 54 107 71 36 123 97 94 149 27 132 84 137 82 23 100 134 81 126 10 14 57 43 98 121 92 138 131 148 136 113 44 72 32 63 6 89 50 51 8 64 93 105 143 102 122 20 83 59 30 110 18 42 75 16 47 41 104 91 130 96 101 145 103 60 106 13 147 129 70 87 1 120 117 62 46 80 65 40 79 108 124 144 3
94 132 94 44 124 103 142 104 100 105 102 92 55 63 149 6 88 80 84 107 16 46 41 143 30 54 98 23 82 59 97 136 18 14 32 57 51 110 134 8 147 3 138 83 43 40 121 87 36 1 96 65 64 106 91 129 85 75 76 66 125 123 10 42 148 150 70 131 47 13 4 62 27 60 145 77 89 122 50 120 130 126 20 29 108 72 144 79 93 113 81 101 117 71 137
93 29 89 51 20 16 145 91 117 96 100 50 3 36 101 64 1 30 71 27 125 65 105 85 75 144 59 107 97 129 113 60 8 134 76 79 102 121 94 143 149 120 147 47 23 92 57 104 40 108 66 4 136 103 62 122 131 130 123 110 18 106 80 124 81 82 43 70 98 138 6 126 55 46 14 13 88 41 137 72 77 142 150 83 42 10 84 32 44 54 93 132 63 148
92 84 120 126 70 36 82 110 23 89 144 94 6 147 97 79 27 51 149 77 142 91 8 129 57 50 103 10 92 105 96 100 143 55 101 136 47 65 132 106 75 46 30 108 104 85 71 42 134 59 80 64 123 3 44 83 4 138 1 130 122 16 62 63 150 107 14 131 98 102 148 20 137 93 43 60 125 32 121 124 18 13 88 117 76 66 81 113 54 145 29 40 41
91 32 6 129 46 77 41 137 132 43 47 130 62 117 81 4 36 94 82 14 3 54 134 107 71 40 105 55 122 85 126 148 92 65 10 80 106 143 76 8 57 113 138 89 145 121 27 59 20 144 79 142 110 124 50 102 44 149 60 103 125 30 16 18 123 108 101 131 63 75 1 13 88 42 136 51 100 91 29 93 64 147 98 66 120 23 150 70 83 97 104 84
