120 22 12
90 13 112 83 16 108 115 86 9 109 95 107 113 1 31 103 66 20 32 97 26 51 82 102 111 106 100 39 10 54 65 71 52 22 3 63 35 61 77 104 94 76 89 79 75 30 91 6 64 45 38 37 11 118 7 25 101 48 88 23 8 28 120 43 68 33 18 116 85 70 42 17 15 92 36 2 44 40 119 74 98 96 117 78 93 90 41 87 110 59 24
70 75 115 91 31 35 8 107 76 95 45 41 71 94 64 2 119 102 70 1 87 113 111 7 42 109 66 3 36 112 103 52 15 9 85 37 61 92 117 93 88 63 104 59 89 118 101 38 30 86 77 25 22 10 83 40 18 100 6 17 78 39 116 120 23 24 54 20 90 74 51
10 8 66 17 89 111 118 52 100 94 113
16 23 30 63 54 38 41 115 85 6 101 71 102 31 45 42 59
23 1 18 112 116 117 36 107 120 83 70 15 9 3 39 75 92 93 78 74 22 20 25 119
3 75 18 92
9 120 22 1 15 20 107 3 70 119
2 3 1
2 107 20
4 70 15 22 120
3 70 120 22
1 22
